#    Energy           Range       dE/dx (elec)    dE/dx (nucl)
#   [MeV/u]         [mg/cm2]     [MeV/(mg/cm2)]  [MeV/(mg/cm2)]
# ------------------------------------------------------------
   0.0000e+00      0.0000e+00      0.0000e+00      0.0000e+00
   9.9206e-03      1.5384e-01      2.8021e-02      4.2220e-03
   1.0913e-02      1.8134e-01      3.6972e-02      3.9950e-03
   1.1905e-02      2.0325e-01      4.6825e-02      3.7940e-03
   1.2897e-02      2.2117e-01      5.7486e-02      3.6150e-03
   1.3889e-02      2.3614e-01      6.8872e-02      3.4550e-03
   1.4881e-02      2.4889e-01      8.0865e-02      3.3100e-03
   1.5873e-02      2.5992e-01      9.3426e-02      3.1790e-03
   1.6865e-02      2.6958e-01      1.0643e-01      3.0590e-03
   1.7857e-02      2.7815e-01      1.1981e-01      2.9490e-03
   1.9841e-02      2.9284e-01      1.4747e-01      2.7550e-03
   2.2321e-02      3.0777e-01      1.8313e-01      2.5490e-03
   2.4802e-02      3.2005e-01      2.1928e-01      2.3750e-03
   2.7282e-02      3.3046e-01      2.5531e-01      2.2260e-03
   2.9762e-02      3.3951e-01      2.9088e-01      2.0970e-03
   3.2242e-02      3.4752e-01      3.2561e-01      1.9840e-03
   3.4722e-02      3.5474e-01      3.5939e-01      1.8830e-03
   3.7202e-02      3.6132e-01      3.9198e-01      1.7940e-03
   3.9683e-02      3.6739e-01      4.2334e-01      1.7130e-03
   4.4643e-02      3.7835e-01      4.8209e-01      1.5750e-03
   4.9603e-02      3.8810e-01      5.3567e-01      1.4590e-03
   5.4563e-02      3.9695e-01      5.8421e-01      1.3600e-03
   5.9524e-02      4.0513e-01      6.2805e-01      1.2760e-03
   6.4484e-02      4.1278e-01      6.6751e-01      1.2020e-03
   6.9444e-02      4.2001e-01      7.0303e-01      1.1370e-03
   7.9365e-02      4.3354e-01      7.6371e-01      1.0280e-03
   8.9286e-02      4.4612e-01      8.1276e-01      9.4030e-04
   9.9206e-02      4.5803e-01      8.5244e-01      8.6730e-04
   1.0913e-01      4.6945e-01      8.8442e-01      8.0570e-04
   1.1905e-01      4.8050e-01      9.1011e-01      7.5310e-04
   1.2897e-01      4.9127e-01      9.3095e-01      7.0750e-04
   1.3889e-01      5.0182e-01      9.4729e-01      6.6750e-04
   1.4881e-01      5.1222e-01      9.6039e-01      6.3220e-04
   1.5873e-01      5.2249e-01      9.7041e-01      6.0080e-04
   1.6865e-01      5.3266e-01      9.7805e-01      5.7260e-04
   1.7857e-01      5.4277e-01      9.8373e-01      5.4710e-04
   1.9841e-01      5.6286e-01      9.9022e-01      5.0300e-04
   2.2321e-01      5.8788e-01      9.9161e-01      4.5760e-04
   2.4802e-01      6.1293e-01      9.8783e-01      4.2030e-04
   2.7282e-01      6.3812e-01      9.8059e-01      3.8900e-04
   2.9762e-01      6.6353e-01      9.7096e-01      3.6240e-04
   3.2242e-01      6.8921e-01      9.5979e-01      3.3950e-04
   3.4722e-01      7.1521e-01      9.4757e-01      3.1940e-04
   3.7202e-01      7.4155e-01      9.3485e-01      3.0180e-04
   3.9683e-01      7.6827e-01      9.2168e-01      2.8620e-04
   4.4643e-01      8.2287e-01      8.9498e-01      2.5960e-04
   4.9603e-01      8.7911e-01      8.6866e-01      2.3790e-04
   5.4563e-01      9.3706e-01      8.4313e-01      2.1970e-04
   5.9524e-01      9.9676e-01      8.1881e-01      2.0430e-04
   6.4484e-01      1.0582e+00      7.9565e-01      1.9110e-04
   6.9444e-01      1.1214e+00      7.7368e-01      1.7950e-04
   7.9365e-01      1.2532e+00      7.3286e-01      1.6040e-04
   8.9286e-01      1.3920e+00      6.9672e-01      1.4520e-04
   9.9206e-01      1.5379e+00      6.6442e-01      1.3280e-04
   1.0913e+00      1.6906e+00      6.3516e-01      1.2250e-04
   1.1905e+00      1.8508e+00      6.0427e-01      1.1370e-04
   1.2897e+00      2.0188e+00      5.7718e-01      1.0620e-04
   1.3889e+00      2.1943e+00      5.5307e-01      9.9650e-05
   1.4881e+00      2.3774e+00      5.3103e-01      9.3920e-05
   1.5873e+00      2.5679e+00      5.1084e-01      8.8860e-05
   1.6865e+00      2.7658e+00      4.9182e-01      8.4340e-05
   1.7857e+00      2.9710e+00      4.7486e-01      8.0290e-05
   1.9841e+00      3.4034e+00      4.4383e-01      7.3310e-05
   2.2321e+00      3.9845e+00      4.1082e-01      6.6200e-05
   2.4802e+00      4.6103e+00      3.8295e-01      6.0420e-05
   2.7282e+00      5.2795e+00      3.5889e-01      5.5620e-05
   2.9762e+00      5.9918e+00      3.3795e-01      5.1560e-05
   3.2242e+00      6.7466e+00      3.1961e-01      4.8080e-05
   3.4722e+00      7.5433e+00      3.0332e-01      4.5070e-05
   3.7202e+00      8.3813e+00      2.8880e-01      4.2430e-05
   3.9683e+00      9.2606e+00      2.7574e-01      4.0100e-05
   4.4643e+00      1.1139e+01      2.5321e-01      3.6160e-05
   4.9603e+00      1.3176e+01      2.3444e-01      3.2970e-05
   5.4563e+00      1.5369e+01      2.1851e-01      3.0310e-05
   5.9524e+00      1.7714e+01      2.0487e-01      2.8070e-05
   6.4484e+00      2.0209e+01      1.9298e-01      2.6160e-05
   6.9444e+00      2.2853e+01      1.8252e-01      2.4500e-05
   7.9365e+00      2.8577e+01      1.6498e-01      2.1770e-05
   8.9286e+00      3.4871e+01      1.5083e-01      1.9610e-05
   9.9206e+00      4.1723e+01      1.3915e-01      1.7860e-05
   1.0913e+01      4.9125e+01      1.2932e-01      1.6410e-05
   1.1905e+01      5.7062e+01      1.2092e-01      1.5180e-05
   1.2897e+01      6.5527e+01      1.1364e-01      1.4140e-05
   1.3889e+01      7.4515e+01      1.0728e-01      1.3230e-05
   1.4881e+01      8.4015e+01      1.0168e-01      1.2440e-05
   1.5873e+01      9.4022e+01      9.6680e-02      1.1740e-05
   1.6865e+01      1.0453e+02      9.2200e-02      1.1120e-05
   1.7857e+01      1.1554e+02      8.8160e-02      1.0570e-05
   1.9841e+01      1.3901e+02      8.1160e-02      9.6140e-06
   2.2321e+01      1.7104e+02      7.4000e-02      8.6500e-06
   2.4802e+01      2.0601e+02      6.8120e-02      7.8680e-06
   2.7282e+01      2.4383e+02      6.3200e-02      7.2210e-06
   2.9762e+01      2.8445e+02      5.9040e-02      6.6770e-06
   3.2242e+01      3.2781e+02      5.5440e-02      6.2120e-06
   3.4722e+01      3.7389e+02      5.2280e-02      5.8100e-06
   3.7202e+01      4.2264e+02      4.9520e-02      5.4590e-06
   3.9683e+01      4.7404e+02      4.7080e-02      5.1500e-06
   4.4643e+01      5.8443e+02      4.2960e-02      4.6290e-06
   4.9603e+01      7.0480e+02      3.9580e-02      4.2080e-06
   5.4563e+01      8.3490e+02      3.6764e-02      3.8590e-06
   5.9524e+01      9.7450e+02      3.4384e-02      3.5660e-06
   6.4484e+01      1.1233e+03      3.2340e-02      3.3160e-06
   6.9444e+01      1.2811e+03      3.0564e-02      3.1000e-06
   7.9365e+01      1.6229e+03      2.7636e-02      2.7460e-06
   8.9286e+01      1.9983e+03      2.5312e-02      2.4670e-06
   9.9206e+01      2.4059e+03      2.3428e-02      2.2410e-06
   1.0913e+02      2.8447e+03      2.1860e-02      2.0540e-06
   1.1905e+02      3.3130e+03      2.0540e-02      1.8970e-06
   1.2897e+02      3.8100e+03      1.9412e-02      1.7630e-06
   1.3889e+02      4.3345e+03      1.8436e-02      1.6480e-06
   1.4881e+02      4.8855e+03      1.7584e-02      1.5470e-06
   1.5873e+02      5.4622e+03      1.6832e-02      1.4580e-06
   1.6865e+02      6.0636e+03      1.6168e-02      1.3800e-06
   1.7857e+02      6.6890e+03      1.5568e-02      1.3090e-06
   1.9841e+02      8.0079e+03      1.4548e-02      1.1890e-06
   2.2321e+02      9.7773e+03      1.3520e-02      1.0670e-06
   2.4802e+02      1.1672e+04      1.2692e-02      9.6850e-07
   2.7282e+02      1.3682e+04      1.2008e-02      8.8730e-07
   2.9762e+02      1.5798e+04      1.1440e-02      8.1900e-07
   3.2242e+02      1.8014e+04      1.0956e-02      7.6090e-07
   3.4722e+02      2.0321e+04      1.0544e-02      7.1070e-07
   3.7202e+02      2.2715e+04      1.0184e-02      6.6700e-07
   3.9683e+02      2.5189e+04      9.8720e-03      6.2840e-07
   4.4643e+02      3.0353e+04      9.3520e-03      5.6380e-07
   4.9603e+02      3.5778e+04      8.9400e-03      5.1150e-07
   5.4563e+02      4.1433e+04      8.6080e-03      4.6850e-07
   5.9524e+02      4.7290e+04      8.3360e-03      4.3230e-07
   6.4484e+02      5.3324e+04      8.1080e-03      4.0140e-07
   6.9444e+02      5.9515e+04      7.9160e-03      3.7490e-07
   7.9365e+02      7.2294e+04      7.6160e-03      3.3130e-07
   8.9286e+02      8.5517e+04      7.3920e-03      2.9700e-07
   9.9206e+02      9.9097e+04      7.2200e-03      2.6940e-07
