#    Energy           Range       dE/dx (elec)    dE/dx (nucl)
#   [MeV/u]         [mg/cm2]     [MeV/(mg/cm2)]  [MeV/(mg/cm2)]
# ------------------------------------------------------------
   0.0000e+00      0.0000e+00      0.0000e+00      0.0000e+00
   9.9206e-03      1.8677e-01      2.1747e-02      4.8120e-03
   1.0913e-02      2.2063e-01      2.8153e-02      4.5250e-03
   1.1905e-02      2.4841e-01      3.5105e-02      4.2750e-03
   1.2897e-02      2.7165e-01      4.2535e-02      4.0540e-03
   1.3889e-02      2.9145e-01      5.0345e-02      3.8580e-03
   1.4881e-02      3.0858e-01      5.8451e-02      3.6820e-03
   1.5873e-02      3.2361e-01      6.6801e-02      3.5240e-03
   1.6865e-02      3.3697e-01      7.5352e-02      3.3800e-03
   1.7857e-02      3.4895e-01      8.4047e-02      3.2490e-03
   1.9841e-02      3.6977e-01      1.0186e-01      3.0180e-03
   2.2321e-02      3.9132e-01      1.2467e-01      2.7770e-03
   2.4802e-02      4.0929e-01      1.4812e-01      2.5750e-03
   2.7282e-02      4.2462e-01      1.7222e-01      2.4040e-03
   2.9762e-02      4.3795e-01      1.9691e-01      2.2560e-03
   3.2242e-02      4.4970e-01      2.2206e-01      2.1270e-03
   3.4722e-02      4.6020e-01      2.4764e-01      2.0140e-03
   3.7202e-02      4.6967e-01      2.7350e-01      1.9130e-03
   3.9683e-02      4.7829e-01      2.9955e-01      1.8230e-03
   4.4643e-02      4.9354e-01      3.5163e-01      1.6680e-03
   4.9603e-02      5.0669e-01      4.0304e-01      1.5400e-03
   5.4563e-02      5.1828e-01      4.5306e-01      1.4320e-03
   5.9524e-02      5.2867e-01      5.0146e-01      1.3390e-03
   6.4484e-02      5.3812e-01      5.4777e-01      1.2590e-03
   6.9444e-02      5.4682e-01      5.9174e-01      1.1880e-03
   7.9365e-02      5.6255e-01      6.7256e-01      1.0700e-03
   8.9286e-02      5.7657e-01      7.4350e-01      9.7530e-04
   9.9206e-02      5.8939e-01      8.0515e-01      8.9710e-04
   1.0913e-01      6.0132e-01      8.5826e-01      8.3140e-04
   1.1905e-01      6.1258e-01      9.0360e-01      7.7550e-04
   1.2897e-01      6.2332e-01      9.4194e-01      7.2710e-04
   1.3889e-01      6.3367e-01      9.7438e-01      6.8490e-04
   1.4881e-01      6.4371e-01      1.0016e+00      6.4770e-04
   1.5873e-01      6.5350e-01      1.0243e+00      6.1460e-04
   1.6865e-01      6.6309e-01      1.0430e+00      5.8500e-04
   1.7857e-01      6.7253e-01      1.0583e+00      5.5840e-04
   1.9841e-01      6.9107e-01      1.0805e+00      5.1220e-04
   2.2321e-01      7.1385e-01      1.0960e+00      4.6490e-04
   2.4802e-01      7.3642e-01      1.1016e+00      4.2610e-04
   2.7282e-01      7.5894e-01      1.1001e+00      3.9380e-04
   2.9762e-01      7.8154e-01      1.0939e+00      3.6630e-04
   3.2242e-01      8.0431e-01      1.0843e+00      3.4260e-04
   3.4722e-01      8.2730e-01      1.0720e+00      3.2200e-04
   3.7202e-01      8.5058e-01      1.0583e+00      3.0390e-04
   3.9683e-01      8.7418e-01      1.0435e+00      2.8790e-04
   4.4643e-01      9.2244e-01      1.0119e+00      2.6070e-04
   4.9603e-01      9.7225e-01      9.7975e-01      2.3850e-04
   5.4563e-01      1.0237e+00      9.4755e-01      2.2000e-04
   5.9524e-01      1.0770e+00      9.1667e-01      2.0430e-04
   6.4484e-01      1.1320e+00      8.8665e-01      1.9080e-04
   6.9444e-01      1.1888e+00      8.5841e-01      1.7910e-04
   7.9365e-01      1.3081e+00      8.0604e-01      1.5980e-04
   8.9286e-01      1.4349e+00      7.5980e-01      1.4440e-04
   9.9206e-01      1.5692e+00      7.1834e-01      1.3190e-04
   1.0913e+00      1.7108e+00      6.8424e-01      1.2150e-04
   1.1905e+00      1.8597e+00      6.4879e-01      1.1270e-04
   1.2897e+00      2.0162e+00      6.1928e-01      1.0520e-04
   1.3889e+00      2.1800e+00      5.9281e-01      9.8620e-05
   1.4881e+00      2.3509e+00      5.6815e-01      9.2880e-05
   1.5873e+00      2.5292e+00      5.4515e-01      8.7810e-05
   1.6865e+00      2.7148e+00      5.2396e-01      8.3300e-05
   1.7857e+00      2.9078e+00      5.0393e-01      7.9250e-05
   1.9841e+00      3.3165e+00      4.6808e-01      7.2280e-05
   2.2321e+00      3.8685e+00      4.3191e-01      6.5210e-05
   2.4802e+00      4.4638e+00      4.0246e-01      5.9450e-05
   2.7282e+00      5.1007e+00      3.7706e-01      5.4680e-05
   2.9762e+00      5.7789e+00      3.5488e-01      5.0650e-05
   3.2242e+00      6.4979e+00      3.3536e-01      4.7200e-05
   3.4722e+00      7.2575e+00      3.1802e-01      4.4220e-05
   3.7202e+00      8.0572e+00      3.0251e-01      4.1600e-05
   3.9683e+00      8.8970e+00      2.8860e-01      3.9300e-05
   4.4643e+00      1.0694e+01      2.6455e-01      3.5410e-05
   4.9603e+00      1.2645e+01      2.4452e-01      3.2250e-05
   5.4563e+00      1.4749e+01      2.2753e-01      2.9630e-05
   5.9524e+00      1.7004e+01      2.1294e-01      2.7430e-05
   6.4484e+00      1.9406e+01      2.0027e-01      2.5540e-05
   6.9444e+00      2.1955e+01      1.8915e-01      2.3910e-05
   7.9365e+00      2.7486e+01      1.7051e-01      2.1220e-05
   8.9286e+00      3.3585e+01      1.5550e-01      1.9100e-05
   9.9206e+00      4.0240e+01      1.4311e-01      1.7380e-05
   1.0913e+01      4.7444e+01      1.3274e-01      1.5960e-05
   1.1905e+01      5.5183e+01      1.2391e-01      1.4760e-05
   1.2897e+01      6.3452e+01      1.1624e-01      1.3740e-05
   1.3889e+01      7.2245e+01      1.0958e-01      1.2850e-05
   1.4881e+01      8.1553e+01      1.0370e-01      1.2080e-05
   1.5873e+01      9.1371e+01      9.8482e-02      1.1400e-05
   1.6865e+01      1.0169e+02      9.3808e-02      1.0790e-05
   1.7857e+01      1.1251e+02      8.9639e-02      1.0250e-05
   1.9841e+01      1.3562e+02      8.2353e-02      9.3190e-06
   2.2321e+01      1.6723e+02      7.4910e-02      8.3790e-06
   2.4802e+01      2.0180e+02      6.8870e-02      7.6170e-06
   2.7282e+01      2.3925e+02      6.3764e-02      6.9870e-06
   2.9762e+01      2.7954e+02      5.9477e-02      6.4580e-06
   3.2242e+01      3.2261e+02      5.5774e-02      6.0050e-06
   3.4722e+01      3.6842e+02      5.2579e-02      5.6150e-06
   3.7202e+01      4.1692e+02      4.9772e-02      5.2740e-06
   3.9683e+01      4.6807e+02      4.7278e-02      4.9730e-06
   4.4643e+01      5.7810e+02      4.3068e-02      4.4680e-06
   4.9603e+01      6.9823e+02      3.9639e-02      4.0590e-06
   5.4563e+01      8.2824e+02      3.6766e-02      3.7220e-06
   5.9524e+01      9.6791e+02      3.4350e-02      3.4380e-06
   6.4484e+01      1.1169e+03      3.2284e-02      3.1960e-06
   6.9444e+01      1.2750e+03      3.0491e-02      2.9860e-06
   7.9365e+01      1.6179e+03      2.7533e-02      2.6430e-06
   8.9286e+01      1.9949e+03      2.5194e-02      2.3730e-06
   9.9206e+01      2.4046e+03      2.3296e-02      2.1550e-06
   1.0913e+02      2.8460e+03      2.1725e-02      1.9750e-06
   1.1905e+02      3.3174e+03      2.0400e-02      1.8230e-06
   1.2897e+02      3.8179e+03      1.9266e-02      1.6940e-06
   1.3889e+02      4.3465e+03      1.8291e-02      1.5830e-06
   1.4881e+02      4.9021e+03      1.7438e-02      1.4850e-06
   1.5873e+02      5.4837e+03      1.6686e-02      1.4000e-06
   1.6865e+02      6.0906e+03      1.6019e-02      1.3240e-06
   1.7857e+02      6.7217e+03      1.5423e-02      1.2560e-06
   1.9841e+02      8.0535e+03      1.4406e-02      1.1400e-06
   2.2321e+02      9.8411e+03      1.3377e-02      1.0230e-06
   2.4802e+02      1.1757e+04      1.2550e-02      9.2820e-07
   2.7282e+02      1.3789e+04      1.1872e-02      8.5010e-07
   2.9762e+02      1.5930e+04      1.1307e-02      7.8450e-07
   3.2242e+02      1.8172e+04      1.0828e-02      7.2860e-07
   3.4722e+02      2.0508e+04      1.0414e-02      6.8040e-07
   3.7202e+02      2.2931e+04      1.0060e-02      6.3830e-07
   3.9683e+02      2.5436e+04      9.7518e-03      6.0130e-07
   4.4643e+02      3.0663e+04      9.2373e-03      5.3920e-07
   4.9603e+02      3.6157e+04      8.8281e-03      4.8910e-07
   5.4563e+02      4.1883e+04      8.5007e-03      4.4780e-07
   5.9524e+02      4.7814e+04      8.2317e-03      4.1310e-07
   6.4484e+02      5.3925e+04      8.0057e-03      3.8350e-07
   6.9444e+02      6.0194e+04      7.8186e-03      3.5800e-07
   7.9365e+02      7.3132e+04      7.5224e-03      3.1630e-07
   8.9286e+02      8.6517e+04      7.3041e-03      2.8350e-07
   9.9206e+02      1.0025e+05      7.1404e-03      2.5710e-07
