#    Energy           Range       dE/dx (elec)    dE/dx (nucl)
#   [MeV/u]         [mg/cm2]     [MeV/(mg/cm2)]  [MeV/(mg/cm2)]
# ------------------------------------------------------------
   0.0000e+00      0.0000e+00      0.0000e+00      0.0000e+00
   1.0000e-03      3.5580e-03      1.0500e-01      1.1880e-02
   1.5000e-03      5.2420e-03      1.2860e-01      1.0720e-02
   2.0000e-03      6.9060e-03      1.4850e-01      9.7920e-03
   2.5000e-03      8.5320e-03      1.6600e-01      9.0400e-03
   3.0000e-03      1.0120e-02      1.8180e-01      8.4160e-03
   4.0000e-03      1.3190e-02      2.1000e-01      7.4360e-03
   5.0000e-03      1.6130e-02      2.3480e-01      6.6950e-03
   6.0000e-03      1.8950e-02      2.5720e-01      6.1110e-03
   7.0000e-03      2.1660e-02      2.7780e-01      5.6360e-03
   8.0000e-03      2.4270e-02      2.9690e-01      5.2400e-03
   9.0000e-03      2.6800e-02      3.1500e-01      4.9050e-03
   1.0000e-02      2.9240e-02      3.3200e-01      4.6150e-03
   1.2500e-02      3.5080e-02      3.6460e-01      4.0390e-03
   1.5000e-02      4.0650e-02      3.9250e-01      3.6070e-03
   1.7500e-02      4.5980e-02      4.1670e-01      3.2670e-03
   2.0000e-02      5.1130e-02      4.3780e-01      2.9930e-03
   2.2500e-02      5.6110e-02      4.5630e-01      2.7670e-03
   2.5000e-02      6.0970e-02      4.7250e-01      2.5760e-03
   2.7500e-02      6.5720e-02      4.8660e-01      2.4120e-03
   3.0000e-02      7.0370e-02      4.9890e-01      2.2700e-03
   3.5000e-02      7.9470e-02      5.1840e-01      2.0360e-03
   4.0000e-02      8.8360e-02      5.3230e-01      1.8490e-03
   4.5000e-02      9.7140e-02      5.4160e-01      1.6970e-03
   5.0000e-02      1.0580e-01      5.4700e-01      1.5710e-03
   5.5000e-02      1.1450e-01      5.4920e-01      1.4630e-03
   6.0000e-02      1.2320e-01      5.4900e-01      1.3710e-03
   6.5000e-02      1.3200e-01      5.4680e-01      1.2900e-03
   7.0000e-02      1.4080e-01      5.4300e-01      1.2200e-03
   7.5000e-02      1.4970e-01      5.3800e-01      1.1570e-03
   8.0000e-02      1.5880e-01      5.3220e-01      1.1010e-03
   8.5000e-02      1.6790e-01      5.2570e-01      1.0510e-03
   9.0000e-02      1.7720e-01      5.1880e-01      1.0050e-03
   9.5000e-02      1.8660e-01      5.1170e-01      9.6400e-04
   1.0000e-01      1.9620e-01      5.0440e-01      9.2620e-04
   1.2500e-01      2.4630e-01      4.6870e-01      7.7700e-04
   1.5000e-01      3.0040e-01      4.3730e-01      6.7200e-04
   1.7500e-01      3.5830e-01      4.1070e-01      5.9370e-04
   2.0000e-01      4.1980e-01      3.8840e-01      5.3290e-04
   2.2500e-01      4.8480e-01      3.6940e-01      4.8420e-04
   2.5000e-01      5.5290e-01      3.5300e-01      4.4420e-04
   2.7500e-01      6.2420e-01      3.3870e-01      4.1070e-04
   3.0000e-01      6.9840e-01      3.2590e-01      3.8230e-04
   3.5000e-01      8.5530e-01      3.0410e-01      3.3640e-04
   4.0000e-01      1.0230e+00      2.8590e-01      3.0100e-04
   4.5000e-01      1.2010e+00      2.7030e-01      2.7280e-04
   5.0000e-01      1.3890e+00      2.5670e-01      2.4970e-04
   5.5000e-01      1.5860e+00      2.4520e-01      2.3040e-04
   6.0000e-01      1.7920e+00      2.3510e-01      2.1410e-04
   6.5000e-01      2.0070e+00      2.2590e-01      2.0010e-04
   7.0000e-01      2.2310e+00      2.1720e-01      1.8790e-04
   7.5000e-01      2.4630e+00      2.0900e-01      1.7720e-04
   8.0000e-01      2.7050e+00      2.0110e-01      1.6770e-04
   8.5000e-01      2.9560e+00      1.9360e-01      1.5920e-04
   9.0000e-01      3.2170e+00      1.8700e-01      1.5160e-04
   9.5000e-01      3.4870e+00      1.8090e-01      1.4480e-04
   1.0000e+00      3.7650e+00      1.7530e-01      1.3850e-04
   1.2500e+00      5.2880e+00      1.5230e-01      1.1430e-04
   1.5000e+00      7.0200e+00      1.3540e-01      9.7610e-05
   1.7500e+00      8.9530e+00      1.2220e-01      8.5320e-05
   2.0000e+00      1.1080e+01      1.1170e-01      7.5900e-05
   2.2500e+00      1.3400e+01      1.0300e-01      6.8430e-05
   2.5000e+00      1.5900e+01      9.5800e-02      6.2360e-05
   2.7500e+00      1.8580e+01      8.9620e-02      5.7330e-05
   3.0000e+00      2.1440e+01      8.4280e-02      5.3070e-05
   3.5000e+00      2.7690e+01      7.5500e-02      4.6280e-05
   4.0000e+00      3.4610e+01      6.8560e-02      4.1090e-05
   4.5000e+00      4.2190e+01      6.2920e-02      3.6990e-05
   5.0000e+00      5.0410e+01      5.8240e-02      3.3660e-05
   5.5000e+00      5.9260e+01      5.4280e-02      3.0890e-05
   6.0000e+00      6.8730e+01      5.0880e-02      2.8570e-05
   6.5000e+00      7.8810e+01      4.7920e-02      2.6580e-05
   7.0000e+00      8.9490e+01      4.5330e-02      2.4860e-05
   7.5000e+00      1.0080e+02      4.3040e-02      2.3350e-05
   8.0000e+00      1.1260e+02      4.0990e-02      2.2030e-05
   8.5000e+00      1.2500e+02      3.9140e-02      2.0850e-05
   9.0000e+00      1.3800e+02      3.7480e-02      1.9790e-05
   9.5000e+00      1.5160e+02      3.5960e-02      1.8840e-05
   1.0000e+01      1.6570e+02      3.4580e-02      1.7980e-05
   1.2500e+01      2.4450e+02      2.9120e-02      1.4660e-05
   1.5000e+01      3.3650e+02      2.5280e-02      1.2400e-05
   1.7500e+01      4.4130e+02      2.2420e-02      1.0760e-05
   2.0000e+01      5.5850e+02      2.0190e-02      9.5130e-06
   2.5000e+01      8.2890e+02      1.6950e-02      7.7360e-06
   2.7500e+01      9.8150e+02      1.5720e-02      7.0800e-06
   3.0000e+01      1.1450e+03      1.4690e-02      6.5290e-06
   3.5000e+01      1.5070e+03      1.3010e-02      5.6540e-06
   4.0000e+01      1.9110e+03      1.1720e-02      4.9910e-06
   4.5000e+01      2.3560e+03      1.0690e-02      4.4690e-06
   5.0000e+01      2.8420e+03      9.8520e-03      4.0490e-06
   5.5000e+01      3.3670e+03      9.1530e-03      3.7020e-06
   6.0000e+01      3.9300e+03      8.5610e-03      3.4110e-06
   6.5000e+01      4.5310e+03      8.0520e-03      3.1640e-06
   7.0000e+01      5.1670e+03      7.6110e-03      2.9510e-06
   7.5000e+01      5.8400e+03      7.2250e-03      2.7650e-06
   8.0000e+01      6.5470e+03      6.8830e-03      2.6020e-06
   8.5000e+01      7.2880e+03      6.5780e-03      2.4570e-06
   9.0000e+01      8.0620e+03      6.3050e-03      2.3280e-06
   9.5000e+01      8.8680e+03      6.0590e-03      2.2120e-06
   1.0000e+02      9.7060e+03      5.8360e-03      2.1080e-06
   1.2500e+02      1.4350e+04      4.9720e-03      1.7070e-06
   1.5000e+02      1.9710e+04      4.3820e-03      1.4360e-06
   1.7500e+02      2.5710e+04      3.9530e-03      1.2410e-06
   2.0000e+02      3.2310e+04      3.6270e-03      1.0940e-06
   2.2500e+02      3.9450e+04      3.3700e-03      9.7820e-07
   2.5000e+02      4.7090e+04      3.1640e-03      8.8520e-07
   2.7500e+02      5.5200e+04      2.9940e-03      8.0880e-07
   3.0000e+02      6.3730e+04      2.8520e-03      7.4470e-07
   3.5000e+02      8.1980e+04      2.6290e-03      6.4350e-07
   4.0000e+02      1.0160e+05      2.4620e-03      5.6700e-07
   4.5000e+02      1.2250e+05      2.3320e-03      5.0720e-07
   5.0000e+02      1.4440e+05      2.2300e-03      4.5900e-07
   5.5000e+02      1.6720e+05      2.1470e-03      4.1940e-07
   6.0000e+02      1.9080e+05      2.0790e-03      3.8620e-07
   6.5000e+02      2.1520e+05      2.0220e-03      3.5810e-07
   7.0000e+02      2.4010e+05      1.9740e-03      3.3380e-07
   7.5000e+02      2.6570e+05      1.9340e-03      3.1270e-07
   8.0000e+02      2.9170e+05      1.8990e-03      2.9420e-07
   8.5000e+02      3.1820e+05      1.8690e-03      2.7780e-07
   9.0000e+02      3.4510e+05      1.8430e-03      2.6320e-07
   9.5000e+02      3.7240e+05      1.8210e-03      2.5010e-07
   1.0000e+03      4.0000e+05      1.8010e-03      2.3830e-07
   1.5000e+03      6.8730e+05      1.6960e-03      1.6260e-07
   2.0000e+03      9.8510e+05      1.6650e-03      1.2410e-07
   2.5000e+03      1.2860e+06      1.6610e-03      1.0060e-07
   3.0000e+03      1.5860e+06      1.6680e-03      8.4790e-08
   4.0000e+03      2.1810e+06      1.6920e-03      6.4760e-08
   5.0000e+03      2.7670e+06      1.7200e-03      5.2550e-08
   6.0000e+03      3.3440e+06      1.7460e-03      4.4320e-08
   7.0000e+03      3.9130e+06      1.7700e-03      3.8370e-08
   8.0000e+03      4.4740e+06      1.7920e-03      3.3870e-08
   9.0000e+03      5.0290e+06      1.8120e-03      3.0340e-08
   1.0000e+04      5.5780e+06      1.8300e-03      2.7490e-08
