#    Energy           Range       dE/dx (elec)    dE/dx (nucl)
#   [MeV/u]         [mg/cm2]     [MeV/(mg/cm2)]  [MeV/(mg/cm2)]
# ------------------------------------------------------------
   0.0000e+00      0.0000e+00      0.0000e+00      0.0000e+00
   1.0000e-03      9.8420e-03      1.4760e-02      8.9810e-04
   1.5000e-03      1.4020e-02      1.8070e-02      9.1830e-04
   2.0000e-03      1.8140e-02      2.0870e-02      9.2340e-04
   2.5000e-03      2.2210e-02      2.3330e-02      9.2170e-04
   3.0000e-03      2.6250e-02      2.5560e-02      9.1630e-04
   4.0000e-03      3.4280e-02      2.9510e-02      9.0020e-04
   5.0000e-03      4.2260e-02      3.3000e-02      8.8110e-04
   6.0000e-03      5.0200e-02      3.6150e-02      8.6110e-04
   7.0000e-03      5.8120e-02      3.9040e-02      8.4110e-04
   8.0000e-03      6.6010e-02      4.1740e-02      8.2160e-04
   9.0000e-03      7.3870e-02      4.4270e-02      8.0290e-04
   1.0000e-02      8.1710e-02      4.6660e-02      7.8490e-04
   1.2500e-02      1.0130e-01      5.1510e-02      7.4340e-04
   1.5000e-02      1.2090e-01      5.5800e-02      7.0670e-04
   1.7500e-02      1.4040e-01      5.9660e-02      6.7400e-04
   2.0000e-02      1.5980e-01      6.3180e-02      6.4470e-04
   2.2500e-02      1.7910e-01      6.6430e-02      6.1840e-04
   2.5000e-02      1.9840e-01      6.9430e-02      5.9460e-04
   2.7500e-02      2.1750e-01      7.2230e-02      5.7300e-04
   3.0000e-02      2.3660e-01      7.4840e-02      5.5320e-04
   3.5000e-02      2.7430e-01      7.9580e-02      5.1820e-04
   4.0000e-02      3.1170e-01      8.3770e-02      4.8820e-04
   4.5000e-02      3.4880e-01      8.7500e-02      4.6210e-04
   5.0000e-02      3.8550e-01      9.0810e-02      4.3920e-04
   5.5000e-02      4.2200e-01      9.3770e-02      4.1880e-04
   6.0000e-02      4.5830e-01      9.6400e-02      4.0060e-04
   6.5000e-02      4.9440e-01      9.8740e-02      3.8410e-04
   7.0000e-02      5.3030e-01      1.0080e-01      3.6920e-04
   7.5000e-02      5.6610e-01      1.0260e-01      3.5560e-04
   8.0000e-02      6.0190e-01      1.0430e-01      3.4310e-04
   8.5000e-02      6.3760e-01      1.0570e-01      3.3160e-04
   9.0000e-02      6.7330e-01      1.0690e-01      3.2100e-04
   9.5000e-02      7.0890e-01      1.0800e-01      3.1120e-04
   1.0000e-01      7.4460e-01      1.0890e-01      3.0200e-04
   1.2500e-01      9.2420e-01      1.1150e-01      2.6410e-04
   1.5000e-01      1.1070e+00      1.1200e-01      2.3570e-04
   1.7500e-01      1.2940e+00      1.1120e-01      2.1340e-04
   2.0000e-01      1.4870e+00      1.0960e-01      1.9550e-04
   2.2500e-01      1.6850e+00      1.0760e-01      1.8060e-04
   2.5000e-01      1.8890e+00      1.0540e-01      1.6810e-04
   2.7500e-01      2.1000e+00      1.0320e-01      1.5740e-04
   3.0000e-01      2.3160e+00      1.0100e-01      1.4810e-04
   3.5000e-01      2.7680e+00      9.6330e-02      1.3280e-04
   4.0000e-01      3.2460e+00      9.1800e-02      1.2060e-04
   4.5000e-01      3.7510e+00      8.7700e-02      1.1060e-04
   5.0000e-01      4.2820e+00      8.4050e-02      1.0240e-04
   5.5000e-01      4.8370e+00      8.0830e-02      9.5340e-05
   6.0000e-01      5.4160e+00      7.8000e-02      8.9300e-05
   6.5000e-01      6.0170e+00      7.5470e-02      8.4060e-05
   7.0000e-01      6.6380e+00      7.3180e-02      7.9450e-05
   7.5000e-01      7.2810e+00      7.1110e-02      7.5360e-05
   8.0000e-01      7.9420e+00      6.9210e-02      7.1710e-05
   8.5000e-01      8.6230e+00      6.7460e-02      6.8430e-05
   9.0000e-01      9.3220e+00      6.5830e-02      6.5460e-05
   9.5000e-01      1.0040e+01      6.4320e-02      6.2760e-05
   1.0000e+00      1.0770e+01      6.2910e-02      6.0300e-05
   1.2500e+00      1.4700e+01      5.6980e-02      5.0570e-05
   1.5000e+00      1.9020e+01      5.2390e-02      4.3730e-05
   1.7500e+00      2.3710e+01      4.8680e-02      3.8630e-05
   2.0000e+00      2.8750e+01      4.5580e-02      3.4670e-05
   2.2500e+00      3.4130e+01      4.2950e-02      3.1490e-05
   2.5000e+00      3.9840e+01      4.0670e-02      2.8890e-05
   2.7500e+00      4.5860e+01      3.8680e-02      2.6710e-05
   3.0000e+00      5.2190e+01      3.6920e-02      2.4860e-05
   3.5000e+00      6.5750e+01      3.3920e-02      2.1880e-05
   4.0000e+00      8.0450e+01      3.1460e-02      1.9570e-05
   4.5000e+00      9.6270e+01      2.9400e-02      1.7730e-05
   5.0000e+00      1.1320e+02      2.7650e-02      1.6230e-05
   5.5000e+00      1.3110e+02      2.6120e-02      1.4980e-05
   6.0000e+00      1.5010e+02      2.4790e-02      1.3920e-05
   6.5000e+00      1.7010e+02      2.3600e-02      1.3000e-05
   7.0000e+00      1.9100e+02      2.2550e-02      1.2210e-05
   7.5000e+00      2.1290e+02      2.1600e-02      1.1510e-05
   8.0000e+00      2.3580e+02      2.0740e-02      1.0900e-05
   8.5000e+00      2.5960e+02      1.9960e-02      1.0340e-05
   9.0000e+00      2.8430e+02      1.9240e-02      9.8490e-06
   9.5000e+00      3.1000e+02      1.8590e-02      9.4020e-06
   1.0000e+01      3.3650e+02      1.7980e-02      8.9960e-06
   1.2500e+01      4.8220e+02      1.5530e-02      7.4200e-06
   1.5000e+01      6.4890e+02      1.3740e-02      6.3350e-06
   1.7500e+01      8.3580e+02      1.2370e-02      5.5390e-06
   2.0000e+01      1.0420e+03      1.1290e-02      4.9300e-06
   2.5000e+01      1.5110e+03      9.6610e-03      4.0540e-06
   2.7500e+01      1.7720e+03      9.0350e-03      3.7280e-06
   3.0000e+01      2.0510e+03      8.4960e-03      3.4520e-06
   3.5000e+01      2.6590e+03      7.6150e-03      3.0130e-06
   4.0000e+01      3.3330e+03      6.9240e-03      2.6770e-06
   4.5000e+01      4.0710e+03      6.3650e-03      2.4110e-06
   5.0000e+01      4.8700e+03      5.9040e-03      2.1950e-06
   5.5000e+01      5.7280e+03      5.5160e-03      2.0160e-06
   6.0000e+01      6.6440e+03      5.1850e-03      1.8650e-06
   6.5000e+01      7.6160e+03      4.8990e-03      1.7360e-06
   7.0000e+01      8.6430e+03      4.6490e-03      1.6240e-06
   7.5000e+01      9.7240e+03      4.4290e-03      1.5270e-06
   8.0000e+01      1.0860e+04      4.2330e-03      1.4410e-06
   8.5000e+01      1.2040e+04      4.0580e-03      1.3640e-06
   9.0000e+01      1.3270e+04      3.9000e-03      1.2960e-06
   9.5000e+01      1.4550e+04      3.7570e-03      1.2340e-06
   1.0000e+02      1.5880e+04      3.6270e-03      1.1780e-06
   1.2500e+02      2.3210e+04      3.1200e-03      9.6260e-07
   1.5000e+02      3.1590e+04      2.7690e-03      8.1560e-07
   1.7500e+02      4.0930e+04      2.5120e-03      7.0870e-07
   2.0000e+02      5.1140e+04      2.3150e-03      6.2720e-07
   2.2500e+02      6.2160e+04      2.1600e-03      5.6310e-07
   2.5000e+02      7.3910e+04      2.0340e-03      5.1120e-07
   2.7500e+02      8.6350e+04      1.9300e-03      4.6830e-07
   3.0000e+02      9.9420e+04      1.8430e-03      4.3220e-07
   3.5000e+02      1.2730e+05      1.7060e-03      3.7500e-07
   4.0000e+02      1.5710e+05      1.6030e-03      3.3150e-07
   4.5000e+02      1.8880e+05      1.5240e-03      2.9720e-07
   5.0000e+02      2.2190e+05      1.4610e-03      2.6960e-07
   5.5000e+02      2.5630e+05      1.4100e-03      2.4680e-07
   6.0000e+02      2.9200e+05      1.3680e-03      2.2760e-07
   6.5000e+02      3.2860e+05      1.3340e-03      2.1130e-07
   7.0000e+02      3.6610e+05      1.3050e-03      1.9730e-07
   7.5000e+02      4.0440e+05      1.2800e-03      1.8500e-07
   8.0000e+02      4.4340e+05      1.2590e-03      1.7420e-07
   8.5000e+02      4.8310e+05      1.2410e-03      1.6470e-07
   9.0000e+02      5.2320e+05      1.2260e-03      1.5610e-07
   9.5000e+02      5.6390e+05      1.2130e-03      1.4850e-07
   1.0000e+03      6.0500e+05      1.2010e-03      1.4160e-07
   1.5000e+03      1.0310e+06      1.1430e-03      9.7030e-08
   2.0000e+03      1.4690e+06      1.1310e-03      7.4220e-08
   2.5000e+03      1.9090e+06      1.1340e-03      6.0290e-08
   3.0000e+03      2.3460e+06      1.1430e-03      5.0880e-08
   4.0000e+03      3.2090e+06      1.1670e-03      3.8930e-08
   5.0000e+03      4.0550e+06      1.1910e-03      3.1640e-08
   6.0000e+03      4.8840e+06      1.2150e-03      2.6710e-08
   7.0000e+03      5.6980e+06      1.2360e-03      2.3140e-08
   8.0000e+03      6.5000e+06      1.2550e-03      2.0440e-08
   9.0000e+03      7.2900e+06      1.2720e-03      1.8320e-08
   1.0000e+04      8.0700e+06      1.2880e-03      1.6610e-08
