#    Energy           Range       dE/dx (elec)    dE/dx (nucl)
#   [MeV/u]         [mg/cm2]     [MeV/(mg/cm2)]  [MeV/(mg/cm2)]
# ------------------------------------------------------------
   0.0000e+00      0.0000e+00      0.0000e+00      0.0000e+00
   1.0000e-03      3.7580e-03      9.2380e-02      1.1970e-02
   1.5000e-03      5.5900e-03      1.1310e-01      1.0720e-02
   2.0000e-03      7.4130e-03      1.3060e-01      9.7490e-03
   2.5000e-03      9.2050e-03      1.4610e-01      8.9670e-03
   3.0000e-03      1.0960e-02      1.6000e-01      8.3240e-03
   4.0000e-03      1.4380e-02      1.8480e-01      7.3220e-03
   5.0000e-03      1.7650e-02      2.0660e-01      6.5710e-03
   6.0000e-03      2.0800e-02      2.2630e-01      5.9820e-03
   7.0000e-03      2.3840e-02      2.4440e-01      5.5050e-03
   8.0000e-03      2.6770e-02      2.6130e-01      5.1100e-03
   9.0000e-03      2.9610e-02      2.7710e-01      4.7750e-03
   1.0000e-02      3.2360e-02      2.9210e-01      4.4880e-03
   1.2500e-02      3.8950e-02      3.2060e-01      3.9170e-03
   1.5000e-02      4.5230e-02      3.4480e-01      3.4910e-03
   1.7500e-02      5.1270e-02      3.6570e-01      3.1570e-03
   2.0000e-02      5.7110e-02      3.8380e-01      2.8890e-03
   2.2500e-02      6.2770e-02      3.9960e-01      2.6670e-03
   2.5000e-02      6.8290e-02      4.1320e-01      2.4800e-03
   2.7500e-02      7.3700e-02      4.2500e-01      2.3210e-03
   3.0000e-02      7.9020e-02      4.3510e-01      2.1830e-03
   3.5000e-02      8.9430e-02      4.5100e-01      1.9550e-03
   4.0000e-02      9.9640e-02      4.6200e-01      1.7740e-03
   4.5000e-02      1.0970e-01      4.6920e-01      1.6270e-03
   5.0000e-02      1.1980e-01      4.7340e-01      1.5040e-03
   5.5000e-02      1.2980e-01      4.7520e-01      1.4010e-03
   6.0000e-02      1.3980e-01      4.7510e-01      1.3110e-03
   6.5000e-02      1.4990e-01      4.7370e-01      1.2340e-03
   7.0000e-02      1.6010e-01      4.7120e-01      1.1660e-03
   7.5000e-02      1.7030e-01      4.6800e-01      1.1060e-03
   8.0000e-02      1.8070e-01      4.6420e-01      1.0520e-03
   8.5000e-02      1.9110e-01      4.6010e-01      1.0030e-03
   9.0000e-02      2.0170e-01      4.5580e-01      9.5970e-04
   9.5000e-02      2.1240e-01      4.5130e-01      9.2000e-04
   1.0000e-01      2.2320e-01      4.4680e-01      8.8370e-04
   1.2500e-01      2.7910e-01      4.2450e-01      7.4060e-04
   1.5000e-01      3.3810e-01      4.0450e-01      6.4000e-04
   1.7500e-01      4.0010e-01      3.8670e-01      5.6510e-04
   2.0000e-01      4.6490e-01      3.7100e-01      5.0700e-04
   2.2500e-01      5.3250e-01      3.5680e-01      4.6040e-04
   2.5000e-01      6.0280e-01      3.4400e-01      4.2220e-04
   2.7500e-01      6.7570e-01      3.3230e-01      3.9030e-04
   3.0000e-01      7.5110e-01      3.2150e-01      3.6320e-04
   3.5000e-01      9.0970e-01      3.0170e-01      3.1950e-04
   4.0000e-01      1.0790e+00      2.8420e-01      2.8580e-04
   4.5000e-01      1.2580e+00      2.6860e-01      2.5890e-04
   5.0000e-01      1.4470e+00      2.5480e-01      2.3690e-04
   5.5000e-01      1.6460e+00      2.4250e-01      2.1850e-04
   6.0000e-01      1.8550e+00      2.3140e-01      2.0300e-04
   6.5000e-01      2.0740e+00      2.2150e-01      1.8970e-04
   7.0000e-01      2.3030e+00      2.1240e-01      1.7810e-04
   7.5000e-01      2.5410e+00      2.0420e-01      1.6790e-04
   8.0000e-01      2.7880e+00      1.9660e-01      1.5890e-04
   8.5000e-01      3.0450e+00      1.8970e-01      1.5090e-04
   9.0000e-01      3.3110e+00      1.8330e-01      1.4360e-04
   9.5000e-01      3.5860e+00      1.7740e-01      1.3710e-04
   1.0000e+00      3.8700e+00      1.7190e-01      1.3120e-04
   1.2500e+00      5.4240e+00      1.4940e-01      1.0820e-04
   1.5000e+00      7.1910e+00      1.3270e-01      9.2320e-05
   1.7500e+00      9.1640e+00      1.1980e-01      8.0660e-05
   2.0000e+00      1.1340e+01      1.0940e-01      7.1730e-05
   2.2500e+00      1.3700e+01      1.0090e-01      6.4660e-05
   2.5000e+00      1.6260e+01      9.3770e-02      5.8910e-05
   2.7500e+00      1.9000e+01      8.7690e-02      5.4140e-05
   3.0000e+00      2.1930e+01      8.2450e-02      5.0110e-05
   3.5000e+00      2.8320e+01      7.3830e-02      4.3690e-05
   4.0000e+00      3.5400e+01      6.7030e-02      3.8770e-05
   4.5000e+00      4.3150e+01      6.1510e-02      3.4890e-05
   5.0000e+00      5.1570e+01      5.6910e-02      3.1740e-05
   5.5000e+00      6.0630e+01      5.3030e-02      2.9130e-05
   6.0000e+00      7.0330e+01      4.9700e-02      2.6930e-05
   6.5000e+00      8.0650e+01      4.6810e-02      2.5050e-05
   7.0000e+00      9.1580e+01      4.4280e-02      2.3420e-05
   7.5000e+00      1.0310e+02      4.2030e-02      2.2000e-05
   8.0000e+00      1.1530e+02      4.0020e-02      2.0750e-05
   8.5000e+00      1.2800e+02      3.8220e-02      1.9630e-05
   9.0000e+00      1.4130e+02      3.6580e-02      1.8640e-05
   9.5000e+00      1.5520e+02      3.5100e-02      1.7740e-05
   1.0000e+01      1.6970e+02      3.3750e-02      1.6930e-05
   1.2500e+01      2.5040e+02      2.8410e-02      1.3800e-05
   1.5000e+01      3.4480e+02      2.4650e-02      1.1660e-05
   1.7500e+01      4.5230e+02      2.1850e-02      1.0120e-05
   2.0000e+01      5.7260e+02      1.9680e-02      8.9400e-06
   2.5000e+01      8.5010e+02      1.6510e-02      7.2660e-06
   2.7500e+01      1.0070e+03      1.5320e-02      6.6490e-06
   3.0000e+01      1.1750e+03      1.4300e-02      6.1300e-06
   3.5000e+01      1.5460e+03      1.2670e-02      5.3080e-06
   4.0000e+01      1.9610e+03      1.1410e-02      4.6840e-06
   4.5000e+01      2.4190e+03      1.0410e-02      4.1940e-06
   5.0000e+01      2.9180e+03      9.5900e-03      3.7980e-06
   5.5000e+01      3.4580e+03      8.9080e-03      3.4730e-06
   6.0000e+01      4.0370e+03      8.3300e-03      3.2000e-06
   6.5000e+01      4.6540e+03      7.8350e-03      2.9670e-06
   7.0000e+01      5.3090e+03      7.4050e-03      2.7670e-06
   7.5000e+01      6.0000e+03      7.0290e-03      2.5930e-06
   8.0000e+01      6.7270e+03      6.6960e-03      2.4390e-06
   8.5000e+01      7.4880e+03      6.3990e-03      2.3040e-06
   9.0000e+01      8.2840e+03      6.1330e-03      2.1820e-06
   9.5000e+01      9.1140e+03      5.8930e-03      2.0740e-06
   1.0000e+02      9.9760e+03      5.6760e-03      1.9760e-06
   1.2500e+02      1.4760e+04      4.8350e-03      1.6000e-06
   1.5000e+02      2.0260e+04      4.2610e-03      1.3460e-06
   1.7500e+02      2.6440e+04      3.8430e-03      1.1630e-06
   2.0000e+02      3.3220e+04      3.5250e-03      1.0250e-06
   2.2500e+02      4.0570e+04      3.2760e-03      9.1640e-07
   2.5000e+02      4.8430e+04      3.0750e-03      8.2930e-07
   2.7500e+02      5.6780e+04      2.9100e-03      7.5760e-07
   3.0000e+02      6.5560e+04      2.7720e-03      6.9760e-07
   3.5000e+02      8.4340e+04      2.5550e-03      6.0270e-07
   4.0000e+02      1.0460e+05      2.3920e-03      5.3110e-07
   4.5000e+02      1.2600e+05      2.2660e-03      4.7500e-07
   5.0000e+02      1.4850e+05      2.1660e-03      4.2990e-07
   5.5000e+02      1.7200e+05      2.0860e-03      3.9280e-07
   6.0000e+02      1.9640e+05      2.0190e-03      3.6170e-07
   6.5000e+02      2.2140e+05      1.9640e-03      3.3530e-07
   7.0000e+02      2.4720e+05      1.9180e-03      3.1260e-07
   7.5000e+02      2.7350e+05      1.8780e-03      2.9290e-07
   8.0000e+02      3.0030e+05      1.8450e-03      2.7550e-07
   8.5000e+02      3.2760e+05      1.8160e-03      2.6020e-07
   9.0000e+02      3.5530e+05      1.7900e-03      2.4650e-07
   9.5000e+02      3.8330e+05      1.7680e-03      2.3420e-07
   1.0000e+03      4.1170e+05      1.7490e-03      2.2320e-07
   1.5000e+03      7.0770e+05      1.6470e-03      1.5230e-07
   2.0000e+03      1.0140e+06      1.6170e-03      1.1620e-07
   2.5000e+03      1.3240e+06      1.6130e-03      9.4190e-08
   3.0000e+03      1.6330e+06      1.6190e-03      7.9380e-08
   4.0000e+03      2.2460e+06      1.6420e-03      6.0620e-08
   5.0000e+03      2.8500e+06      1.6680e-03      4.9200e-08
   6.0000e+03      3.4450e+06      1.6920e-03      4.1480e-08
   7.0000e+03      4.0320e+06      1.7140e-03      3.5920e-08
   8.0000e+03      4.6120e+06      1.7340e-03      3.1700e-08
   9.0000e+03      5.1860e+06      1.7520e-03      2.8400e-08
   1.0000e+04      5.7540e+06      1.7680e-03      2.5740e-08
