#    Energy           Range       dE/dx (elec)    dE/dx (nucl)
#   [MeV/u]         [mg/cm2]     [MeV/(mg/cm2)]  [MeV/(mg/cm2)]
# ------------------------------------------------------------
   0.0000e+00      0.0000e+00      0.0000e+00      0.0000e+00
   4.7623e-03      2.6055e-04      6.9100e+00      1.3670e+01
   5.2385e-03      2.8266e-04      7.1060e+00      1.3470e+01
   5.7147e-03      3.0477e-04      7.2870e+00      1.3280e+01
   6.1910e-03      3.2687e-04      7.4560e+00      1.3080e+01
   6.6672e-03      3.4909e-04      7.6160e+00      1.2890e+01
   7.1434e-03      3.7131e-04      7.7690e+00      1.2700e+01
   7.6197e-03      3.9364e-04      7.9160e+00      1.2510e+01
   8.0959e-03      4.1608e-04      8.0600e+00      1.2330e+01
   8.5721e-03      4.3852e-04      8.2010e+00      1.2150e+01
   9.5246e-03      4.8351e-04      8.4760e+00      1.1810e+01
   1.0715e-02      5.4011e-04      8.8110e+00      1.1410e+01
   1.1906e-02      5.9693e-04      9.1400e+00      1.1040e+01
   1.3096e-02      6.5397e-04      9.4650e+00      1.0690e+01
   1.4287e-02      7.1112e-04      9.7850e+00      1.0370e+01
   1.5477e-02      7.6827e-04      1.0100e+01      1.0070e+01
   1.6668e-02      8.2542e-04      1.0410e+01      9.7890e+00
   1.7859e-02      8.8246e-04      1.0710e+01      9.5250e+00
   1.9049e-02      9.3950e-04      1.1010e+01      9.2770e+00
   2.1430e-02      1.0532e-03      1.1590e+01      8.8240e+00
   2.3811e-02      1.1717e-03      1.2140e+01      8.4200e+00
   2.6193e-02      1.2823e-03      1.2670e+01      8.0570e+00
   2.8574e-02      1.3928e-03      1.3160e+01      7.7300e+00
   3.0955e-02      1.5034e-03      1.3640e+01      7.4320e+00
   3.3336e-02      1.6139e-03      1.4080e+01      7.1600e+00
   3.8098e-02      1.8239e-03      1.4910e+01      6.6810e+00
   4.2861e-02      2.0450e-03      1.5660e+01      6.2720e+00
   4.7623e-02      2.2551e-03      1.6340e+01      5.9170e+00
   5.2385e-02      2.4651e-03      1.6960e+01      5.6060e+00
   5.7147e-02      2.6751e-03      1.7540e+01      5.3300e+00
   6.1910e-02      2.8741e-03      1.8090e+01      5.0850e+00
   6.6672e-02      3.0731e-03      1.8610e+01      4.8640e+00
   7.1434e-02      3.2721e-03      1.9110e+01      4.6650e+00
   7.6197e-02      3.4710e-03      1.9590e+01      4.4830e+00
   8.0959e-02      3.6589e-03      2.0060e+01      4.3170e+00
   8.5721e-02      3.8579e-03      2.0510e+01      4.1650e+00
   9.5246e-02      4.2338e-03      2.1410e+01      3.8950e+00
   1.0715e-01      4.6870e-03      2.2500e+01      3.6080e+00
   1.1906e-01      5.1292e-03      2.3580e+01      3.3660e+00
   1.3096e-01      5.5603e-03      2.4650e+01      3.1580e+00
   1.4287e-01      5.9803e-03      2.5720e+01      2.9770e+00
   1.5477e-01      6.3893e-03      2.6790e+01      2.8190e+00
   1.6668e-01      6.7762e-03      2.7840e+01      2.6780e+00
   1.7859e-01      7.1631e-03      2.8890e+01      2.5520e+00
   1.9049e-01      7.5390e-03      2.9930e+01      2.4390e+00
   2.1430e-01      8.2465e-03      3.1970e+01      2.2440e+00
   2.3811e-01      8.9208e-03      3.3960e+01      2.0800e+00
   2.6193e-01      9.5619e-03      3.5880e+01      1.9410e+00
   2.8574e-01      1.0170e-02      3.7740e+01      1.8220e+00
   3.0955e-01      1.0756e-02      3.9540e+01      1.7180e+00
   3.3336e-01      1.1320e-02      4.1270e+01      1.6260e+00
   3.8098e-01      1.2392e-02      4.4550e+01      1.4710e+00
   4.2861e-01      1.3387e-02      4.7600e+01      1.3460e+00
   4.7623e-01      1.4337e-02      5.0450e+01      1.2420e+00
   5.2385e-01      1.5233e-02      5.3110e+01      1.1550e+00
   5.7147e-01      1.6084e-02      5.5620e+01      1.0800e+00
   6.1910e-01      1.6913e-02      5.7970e+01      1.0150e+00
   6.6672e-01      1.7698e-02      6.0190e+01      9.5800e-01
   7.1434e-01      1.8461e-02      6.2280e+01      9.0770e-01
   7.6197e-01      1.9201e-02      6.4270e+01      8.6280e-01
   8.0959e-01      1.9920e-02      6.6150e+01      8.2250e-01
   8.5721e-01      2.0627e-02      6.7940e+01      7.8620e-01
   9.5246e-01      2.1976e-02      7.1250e+01      7.2310e-01
   1.0715e+00      2.3590e-02      7.4960e+01      6.5810e-01
   1.1906e+00      2.5126e-02      7.8250e+01      6.0470e-01
   1.3096e+00      2.6608e-02      8.1200e+01      5.6000e-01
   1.4287e+00      2.8045e-02      8.3830e+01      5.2180e-01
   1.5477e+00      2.9437e-02      8.6190e+01      4.8900e-01
   1.6668e+00      3.0786e-02      8.8310e+01      4.6030e-01
   1.7859e+00      3.2113e-02      9.0220e+01      4.3500e-01
   1.9049e+00      3.3417e-02      9.1940e+01      4.1260e-01
   2.1430e+00      3.5948e-02      9.4880e+01      3.7440e-01
   2.3811e+00      3.8436e-02      9.6260e+01      3.4320e-01
   2.6193e+00      4.0879e-02      9.7610e+01      3.1710e-01
   2.8574e+00      4.3299e-02      9.8700e+01      2.9490e-01
   3.0955e+00      4.5687e-02      9.9500e+01      2.7590e-01
   3.3336e+00      4.8075e-02      1.0010e+02      2.5930e-01
   3.8098e+00      5.2806e-02      1.0070e+02      2.3180e-01
   4.2861e+00      5.7515e-02      1.0070e+02      2.0990e-01
   4.7623e+00      6.2246e-02      1.0050e+02      1.9200e-01
   5.2385e+00      6.6989e-02      9.9940e+01      1.7710e-01
   5.7147e+00      7.1764e-02      9.9250e+01      1.6440e-01
   6.1910e+00      7.6573e-02      9.8440e+01      1.5360e-01
   6.6672e+00      8.1425e-02      9.7570e+01      1.4420e-01
   7.1434e+00      8.6322e-02      9.6660e+01      1.3590e-01
   7.6197e+00      9.1264e-02      9.5730e+01      1.2860e-01
   8.0959e+00      9.6249e-02      9.4790e+01      1.2210e-01
   8.5721e+00      1.0130e-01      9.3850e+01      1.1620e-01
   9.5246e+00      1.1154e-01      9.2010e+01      1.0610e-01
   1.0715e+01      1.2463e-01      8.9810e+01      9.5880e-02
   1.1906e+01      1.3802e-01      8.7740e+01      8.7520e-02
   1.3096e+01      1.5173e-01      8.5810e+01      8.0580e-02
   1.4287e+01      1.6575e-01      8.3990e+01      7.4710e-02
   1.5477e+01      1.8005e-01      8.2280e+01      6.9690e-02
   1.6668e+01      1.9465e-01      8.0670e+01      6.5330e-02
   1.7859e+01      2.0954e-01      7.9130e+01      6.1510e-02
   1.9049e+01      2.2472e-01      7.7660e+01      5.8140e-02
   2.1430e+01      2.5593e-01      7.4900e+01      5.2440e-02
   2.3811e+01      2.8827e-01      7.2310e+01      4.7810e-02
   2.6193e+01      3.2176e-01      6.9860e+01      4.3970e-02
   2.8574e+01      3.5642e-01      6.7510e+01      4.0730e-02
   3.0955e+01      3.9228e-01      6.5260e+01      3.7960e-02
   3.3336e+01      4.2935e-01      6.3180e+01      3.5550e-02
   3.8098e+01      5.0705e-01      5.9440e+01      3.1600e-02
   4.2861e+01      5.8946e-01      5.6170e+01      2.8470e-02
   4.7623e+01      6.7647e-01      5.3300e+01      2.5930e-02
