#    Energy           Range       dE/dx (elec)    dE/dx (nucl)
#   [MeV/u]         [mg/cm2]     [MeV/(mg/cm2)]  [MeV/(mg/cm2)]
# ------------------------------------------------------------
   0.0000e+00      0.0000e+00      0.0000e+00      0.0000e+00
   1.7259e-03      3.1401e-04      5.1990e-01      4.4660e+00
   1.8985e-03      3.4495e-04      5.4530e-01      4.3880e+00
   2.0711e-03      3.7612e-04      6.2760e-01      4.3100e+00
   2.2437e-03      4.0719e-04      7.4500e-01      4.2350e+00
   2.4163e-03      4.3821e-04      8.1880e-01      4.1610e+00
   2.5889e-03      4.6934e-04      8.6650e-01      4.0890e+00
   2.7615e-03      5.0076e-04      8.9750e-01      4.0200e+00
   2.9341e-03      5.3251e-04      9.1780e-01      3.9530e+00
   3.1067e-03      5.6464e-04      9.3110e-01      3.8880e+00
   3.4518e-03      6.3018e-04      9.4640e-01      3.7640e+00
   3.8833e-03      7.1451e-04      9.5890e-01      3.6220e+00
   4.3148e-03      8.0137e-04      9.7480e-01      3.4910e+00
   4.7463e-03      8.9058e-04      9.9830e-01      3.3700e+00
   5.1778e-03      9.8179e-04      1.0300e+00      3.2590e+00
   5.6093e-03      1.0747e-03      1.0690e+00      3.1560e+00
   6.0407e-03      1.1691e-03      1.1140e+00      3.0600e+00
   6.4722e-03      1.2646e-03      1.1640e+00      2.9710e+00
   6.9037e-03      1.3612e-03      1.2150e+00      2.8870e+00
   7.7667e-03      1.5566e-03      1.3210e+00      2.7360e+00
   8.6296e-03      1.7543e-03      1.4260e+00      2.6030e+00
   9.4926e-03      1.9536e-03      1.5250e+00      2.4840e+00
   1.0356e-02      2.1543e-03      1.6170e+00      2.3770e+00
   1.1219e-02      2.3516e-03      1.7010e+00      2.2800e+00
   1.2081e-02      2.5673e-03      1.7780e+00      2.1920e+00
   1.3807e-02      2.9772e-03      1.9120e+00      2.0390e+00
   1.5533e-02      3.3871e-03      2.0250e+00      1.9080e+00
   1.7259e-02      3.7970e-03      2.1220e+00      1.7950e+00
   1.8985e-02      4.2069e-03      2.2070e+00      1.6970e+00
   2.0711e-02      4.6384e-03      2.2850e+00      1.6110e+00
   2.2437e-02      5.0483e-03      2.3560e+00      1.5340e+00
   2.4163e-02      5.4798e-03      2.4230e+00      1.4650e+00
   2.5889e-02      5.8897e-03      2.4870e+00      1.4030e+00
   2.7615e-02      6.3212e-03      2.5500e+00      1.3470e+00
   2.9341e-02      6.7527e-03      2.6120e+00      1.2960e+00
   3.1067e-02      7.1626e-03      2.6750e+00      1.2480e+00
   3.4518e-02      8.0040e-03      2.8050e+00      1.1650e+00
   3.8833e-02      9.0395e-03      2.9810e+00      1.0770e+00
   4.3148e-02      1.0054e-02      3.1800e+00      1.0030e+00
   4.7463e-02      1.1024e-02      3.4050e+00      9.3980e-01
   5.1778e-02      1.1974e-02      3.6570e+00      8.8490e-01
   5.6093e-02      1.2858e-02      3.9380e+00      8.3670e-01
   6.0407e-02      1.3721e-02      4.2470e+00      7.9410e-01
   6.4722e-02      1.4541e-02      4.5820e+00      7.5610e-01
   6.9037e-02      1.5296e-02      4.9400e+00      7.2190e-01
   7.7667e-02      1.6698e-02      5.7210e+00      6.6310e-01
   8.6296e-02      1.7950e-02      6.5700e+00      6.1400e-01
   9.4926e-02      1.9050e-02      7.4680e+00      5.7240e-01
   1.0356e-01      2.0064e-02      8.3980e+00      5.3660e-01
   1.1219e-01      2.0970e-02      9.3460e+00      5.0540e-01
   1.2081e-01      2.1790e-02      1.0300e+01      4.7800e-01
   1.3807e-01      2.3235e-02      1.2190e+01      4.3200e-01
   1.5533e-01      2.4508e-02      1.4000e+01      3.9480e-01
   1.7259e-01      2.5630e-02      1.5710e+01      3.6400e-01
   1.8985e-01      2.6644e-02      1.7300e+01      3.3810e-01
   2.0711e-01      2.7572e-02      1.8770e+01      3.1590e-01
   2.2437e-01      2.8456e-02      2.0110e+01      2.9670e-01
   2.4163e-01      2.9254e-02      2.1330e+01      2.7990e-01
   2.5889e-01      3.0031e-02      2.2440e+01      2.6500e-01
   2.7615e-01      3.0786e-02      2.3460e+01      2.5180e-01
   2.9341e-01      3.1498e-02      2.4380e+01      2.3990e-01
   3.1067e-01      3.2188e-02      2.5210e+01      2.2920e-01
   3.4518e-01      3.3483e-02      2.6670e+01      2.1070e-01
   3.8833e-01      3.5058e-02      2.8150e+01      1.9160e-01
   4.3148e-01      3.6546e-02      2.9340e+01      1.7590e-01
   4.7463e-01      3.7970e-02      3.0310e+01      1.6280e-01
   5.1778e-01      3.9373e-02      3.1110e+01      1.5160e-01
   5.6093e-01      4.0732e-02      3.1780e+01      1.4200e-01
   6.0407e-01      4.2069e-02      3.2330e+01      1.3360e-01
   6.4722e-01      4.3385e-02      3.2800e+01      1.2620e-01
   6.9037e-01      4.4680e-02      3.3210e+01      1.1970e-01
   7.7667e-01      4.7247e-02      3.3850e+01      1.0850e-01
   8.6296e-01      4.9771e-02      3.4320e+01      9.9430e-02
   9.4926e-01      5.2252e-02      3.4680e+01      9.1830e-02
   1.0356e+00      5.4733e-02      3.4940e+01      8.5370e-02
   1.1219e+00      5.7193e-02      3.5130e+01      7.9820e-02
   1.2081e+00      5.9631e-02      3.5260e+01      7.5000e-02
   1.3807e+00      6.4506e-02      3.5370e+01      6.7000e-02
   1.5533e+00      6.9382e-02      3.5340e+01      6.0630e-02
   1.7259e+00      7.4258e-02      3.5200e+01      5.5440e-02
   1.8985e+00      7.9177e-02      3.4980e+01      5.1110e-02
   2.0711e+00      8.4117e-02      3.4820e+01      4.7450e-02
   2.2437e+00      8.9079e-02      3.4590e+01      4.4310e-02
   2.4163e+00      9.4084e-02      3.4110e+01      4.1580e-02
   2.5889e+00      9.9176e-02      3.3780e+01      3.9190e-02
   2.7615e+00      1.0431e-01      3.3430e+01      3.7070e-02
   2.9341e+00      1.0949e-01      3.3070e+01      3.5180e-02
   3.1067e+00      1.1473e-01      3.2690e+01      3.3490e-02
   3.4518e+00      1.2541e-01      3.1910e+01      3.0570e-02
   3.8833e+00      1.3913e-01      3.0930e+01      2.7610e-02
   4.3148e+00      1.5328e-01      2.9980e+01      2.5190e-02
   4.7463e+00      1.6789e-01      2.9070e+01      2.3190e-02
   5.1778e+00      1.8295e-01      2.8200e+01      2.1490e-02
   5.6093e+00      1.9846e-01      2.7390e+01      2.0040e-02
   6.0407e+00      2.1445e-01      2.6620e+01      1.8790e-02
   6.4722e+00      2.3086e-01      2.5890e+01      1.7680e-02
   6.9037e+00      2.4776e-01      2.5210e+01      1.6710e-02
   7.7667e+00      2.8286e-01      2.3950e+01      1.5070e-02
   8.6296e+00      3.1975e-01      2.2830e+01      1.3730e-02
   9.4926e+00      3.5841e-01      2.1810e+01      1.2630e-02
   1.0356e+01      3.9882e-01      2.0880e+01      1.1690e-02
   1.1219e+01      4.4099e-01      2.0030e+01      1.0900e-02
   1.2081e+01      4.8494e-01      1.9240e+01      1.0200e-02
   1.3807e+01      5.7818e-01      1.7810e+01      9.0660e-03
   1.5533e+01      6.7865e-01      1.6560e+01      8.1650e-03
   1.7259e+01      7.8648e-01      1.5460e+01      7.4350e-03
   1.8985e+01      9.0177e-01      1.4490e+01      6.8300e-03
   2.0711e+01      1.0245e+00      1.3650e+01      6.3200e-03
   2.2437e+01      1.1545e+00      1.2920e+01      5.8840e-03
   2.4163e+01      1.2914e+00      1.2300e+01      5.5070e-03
   2.5889e+01      1.4348e+00      1.1780e+01      5.1780e-03
   2.7615e+01      1.5838e+00      1.1380e+01      4.8870e-03
   2.9341e+01      1.7376e+00      1.1070e+01      4.6290e-03
   3.1067e+01      1.8960e+00      1.0710e+01      4.3980e-03
   3.4518e+01      2.2221e+00      9.9460e+00      4.0010e-03
   3.8833e+01      2.6752e+00      9.1460e+00      3.5990e-03
   4.3148e+01      3.1714e+00      8.4810e+00      3.2740e-03
   4.7463e+01      3.6892e+00      7.9190e+00      3.0040e-03
   5.1778e+01      4.2717e+00      7.4370e+00      2.7780e-03
   5.6093e+01      4.8542e+00      7.0190e+00      2.5840e-03
   6.0407e+01      5.4798e+00      6.6540e+00      2.4170e-03
   6.4722e+01      6.1486e+00      6.3310e+00      2.2710e-03
   6.9037e+01      6.8605e+00      6.0440e+00      2.1420e-03
   7.7667e+01      8.3492e+00      5.5530e+00      1.9250e-03
   8.6296e+01      9.9672e+00      5.1360e+00      1.7500e-03
   9.4926e+01      1.1693e+01      4.7880e+00      1.6050e-03
   1.0356e+02      1.3570e+01      4.4950e+00      1.4830e-03
   1.1219e+02      1.5533e+01      4.2430e+00      1.3790e-03
   1.2081e+02      1.7626e+01      4.0240e+00      1.2890e-03
   1.3807e+02      2.2113e+01      3.6640e+00      1.1420e-03
   1.5533e+02      2.7032e+01      3.3800e+00      1.0250e-03
   1.7259e+02      3.2318e+01      3.1490e+00      9.3150e-04
