#    Energy           Range       dE/dx (elec)    dE/dx (nucl)
#   [MeV/u]         [mg/cm2]     [MeV/(mg/cm2)]  [MeV/(mg/cm2)]
# ------------------------------------------------------------
   0.0000e+00      0.0000e+00      0.0000e+00      0.0000e+00
   2.2244e-03      4.9204e-04      1.0730e+00      2.8950e+00
   2.4468e-03      5.4214e-04      1.1100e+00      2.8160e+00
   2.6693e-03      5.9289e-04      1.1560e+00      2.7420e+00
   2.8917e-03      6.4407e-04      1.2060e+00      2.6720e+00
   3.1142e-03      6.9562e-04      1.2590e+00      2.6050e+00
   3.3366e-03      7.4745e-04      1.3110e+00      2.5420e+00
   3.5590e-03      7.9953e-04      1.3620e+00      2.4830e+00
   3.7815e-03      8.5181e-04      1.4120e+00      2.4270e+00
   4.0039e-03      9.0427e-04      1.4600e+00      2.3730e+00
   4.4488e-03      1.0098e-03      1.5490e+00      2.2740e+00
   5.0049e-03      1.1425e-03      1.6480e+00      2.1630e+00
   5.5610e-03      1.2761e-03      1.7360e+00      2.0640e+00
   6.1171e-03      1.4106e-03      1.8150e+00      1.9750e+00
   6.6732e-03      1.5459e-03      1.8850e+00      1.8950e+00
   7.2293e-03      1.6819e-03      1.9480e+00      1.8220e+00
   7.7854e-03      1.8186e-03      2.0060e+00      1.7560e+00
   8.3415e-03      1.9559e-03      2.0600e+00      1.6940e+00
   8.8976e-03      2.0937e-03      2.1110e+00      1.6380e+00
   1.0010e-02      2.3707e-03      2.2050e+00      1.5380e+00
   1.1122e-02      2.6488e-03      2.2940e+00      1.4510e+00
   1.2234e-02      2.9195e-03      2.3810e+00      1.3750e+00
   1.3346e-02      3.1976e-03      2.4670e+00      1.3070e+00
   1.4459e-02      3.4756e-03      2.5540e+00      1.2470e+00
   1.5571e-02      3.7537e-03      2.6420e+00      1.1930e+00
   1.7795e-02      4.3098e-03      2.8280e+00      1.0990e+00
   2.0020e-02      4.8381e-03      3.0230e+00      1.0210e+00
   2.2244e-02      5.3386e-03      3.2280e+00      9.5510e-01
   2.4468e-02      5.8390e-03      3.4410e+00      8.9790e-01
   2.6693e-02      6.3395e-03      3.6610e+00      8.4810e-01
   2.8917e-02      6.8122e-03      3.8850e+00      8.0420e-01
   3.1142e-02      7.2571e-03      4.1120e+00      7.6510e-01
   3.3366e-02      7.6742e-03      4.3420e+00      7.3020e-01
   3.5590e-02      8.0912e-03      4.5730e+00      6.9870e-01
   3.7815e-02      8.5083e-03      4.8050e+00      6.7010e-01
   4.0039e-02      8.8976e-03      5.0380e+00      6.4400e-01
   4.4488e-02      9.6205e-03      5.5000e+00      5.9820e-01
   5.0049e-02      1.0482e-02      6.0730e+00      5.5030e-01
   5.5610e-02      1.1261e-02      6.6340e+00      5.1020e-01
   6.1171e-02      1.2012e-02      7.1830e+00      4.7620e-01
   6.6732e-02      1.2707e-02      7.7170e+00      4.4680e-01
   7.2293e-02      1.3346e-02      8.2350e+00      4.2130e-01
   7.7854e-02      1.3958e-02      8.7380e+00      3.9880e-01
   8.3415e-02      1.4542e-02      9.2240e+00      3.7880e-01
   8.8976e-02      1.5098e-02      9.6950e+00      3.6090e-01
   1.0010e-01      1.6155e-02      1.0590e+01      3.3020e-01
   1.1122e-01      1.7128e-02      1.1430e+01      3.0470e-01
   1.2234e-01      1.8045e-02      1.2200e+01      2.8330e-01
   1.3346e-01      1.8880e-02      1.2930e+01      2.6490e-01
   1.4459e-01      1.9714e-02      1.3610e+01      2.4900e-01
   1.5571e-01      2.0492e-02      1.4240e+01      2.3500e-01
   1.7795e-01      2.1966e-02      1.5390e+01      2.1160e-01
   2.0020e-01      2.3328e-02      1.6390e+01      1.9290e-01
   2.2244e-01      2.4635e-02      1.7280e+01      1.7740e-01
   2.4468e-01      2.5886e-02      1.8060e+01      1.6440e-01
   2.6693e-01      2.7082e-02      1.8750e+01      1.5330e-01
   2.8917e-01      2.8222e-02      1.9370e+01      1.4370e-01
   3.1142e-01      2.9334e-02      1.9930e+01      1.3540e-01
   3.3366e-01      3.0446e-02      2.0440e+01      1.2800e-01
   3.5590e-01      3.1503e-02      2.0890e+01      1.2150e-01
   3.7815e-01      3.2560e-02      2.1310e+01      1.1560e-01
   4.0039e-01      3.3588e-02      2.1690e+01      1.1030e-01
   4.4488e-01      3.5590e-02      2.2360e+01      1.0120e-01
   5.0049e-01      3.8009e-02      2.3050e+01      9.1850e-02
   5.5610e-01      4.0401e-02      2.3620e+01      8.4190e-02
   6.1171e-01      4.2708e-02      2.4090e+01      7.7790e-02
   6.6732e-01      4.4988e-02      2.4490e+01      7.2350e-02
   7.2293e-01      4.7241e-02      2.4820e+01      6.7670e-02
   7.7854e-01      4.9465e-02      2.5090e+01      6.3600e-02
   8.3415e-01      5.1662e-02      2.5310e+01      6.0030e-02
   8.8976e-01      5.3830e-02      2.5500e+01      5.6860e-02
   1.0010e+00      5.8168e-02      2.5760e+01      5.1480e-02
   1.1122e+00      6.2450e-02      2.5910e+01      4.7090e-02
   1.2234e+00      6.6732e-02      2.5970e+01      4.3440e-02
   1.3346e+00      7.1014e-02      2.5960e+01      4.0340e-02
   1.4459e+00      7.5296e-02      2.5890e+01      3.7680e-02
   1.5571e+00      7.9578e-02      2.5780e+01      3.5370e-02
   1.7795e+00      8.8253e-02      2.5440e+01      3.1550e-02
   2.0020e+00      9.7067e-02      2.5010e+01      2.8510e-02
   2.2244e+00      1.0602e-01      2.4670e+01      2.6040e-02
   2.4468e+00      1.1514e-01      2.4050e+01      2.3980e-02
   2.6693e+00      1.2448e-01      2.3550e+01      2.2250e-02
   2.8917e+00      1.3402e-01      2.3040e+01      2.0760e-02
   3.1142e+00      1.4378e-01      2.2530e+01      1.9460e-02
   3.3366e+00      1.5376e-01      2.2020e+01      1.8330e-02
   3.5590e+00      1.6397e-01      2.1520e+01      1.7330e-02
   3.7815e+00      1.7439e-01      2.1030e+01      1.6440e-02
   4.0039e+00      1.8510e-01      2.0560e+01      1.5640e-02
   4.4488e+00      2.0720e-01      1.9670e+01      1.4260e-02
   5.0049e+00      2.3620e-01      1.8660e+01      1.2870e-02
   5.5610e+00      2.6676e-01      1.7740e+01      1.1730e-02
   6.1171e+00      2.9885e-01      1.6930e+01      1.0790e-02
   6.6732e+00      3.3244e-01      1.6190e+01      9.9930e-03
   7.2293e+00      3.6750e-01      1.5520e+01      9.3120e-03
   7.7854e+00      4.0401e-01      1.4920e+01      8.7230e-03
   8.3415e+00      4.4196e-01      1.4370e+01      8.2070e-03
   8.8976e+00      4.8133e-01      1.3870e+01      7.7520e-03
   1.0010e+01      5.6422e-01      1.2980e+01      6.9840e-03
   1.1122e+01      6.5258e-01      1.2210e+01      6.3610e-03
   1.2234e+01      7.4631e-01      1.1530e+01      5.8450e-03
   1.3346e+01      8.4541e-01      1.0920e+01      5.4100e-03
   1.4459e+01      9.4982e-01      1.0380e+01      5.0370e-03
   1.5571e+01      1.0596e+00      9.8890e+00      4.7150e-03
   1.7795e+01      1.2950e+00      9.0300e+00      4.1860e-03
   2.0020e+01      1.5517e+00      8.3100e+00      3.7670e-03
   2.2244e+01      1.8297e+00      7.7100e+00      3.4280e-03
   2.4468e+01      2.1279e+00      7.2160e+00      3.1470e-03
   2.6693e+01      2.4449e+00      6.8210e+00      2.9110e-03
   2.8917e+01      2.7784e+00      6.5200e+00      2.7090e-03
   3.1142e+01      3.1142e+00      6.2340e+00      2.5340e-03
   3.3366e+01      3.5034e+00      5.9270e+00      2.3820e-03
   3.5590e+01      3.8649e+00      5.6520e+00      2.2470e-03
   3.7815e+01      4.2820e+00      5.4050e+00      2.1280e-03
   4.0039e+01      4.6990e+00      5.1820e+00      2.0210e-03
   4.4488e+01      5.5888e+00      4.7940e+00      1.8380e-03
   5.0049e+01      6.8122e+00      4.3950e+00      1.6520e-03
   5.5610e+01      8.1190e+00      4.0650e+00      1.5020e-03
   6.1171e+01      9.5371e+00      3.7780e+00      1.3780e-03
   6.6732e+01      1.1066e+01      3.5340e+00      1.2730e-03
   7.2293e+01      1.2679e+01      3.3250e+00      1.1840e-03
   7.7854e+01      1.4403e+01      3.1440e+00      1.1070e-03
   8.3415e+01      1.6210e+01      2.9840e+00      1.0400e-03
   8.8976e+01      1.8129e+01      2.8440e+00      9.8050e-04
   1.0010e+02      2.2216e+01      2.6060e+00      8.8080e-04
   1.1122e+02      2.6665e+01      2.4130e+00      8.0020e-04
   1.2234e+02      3.1420e+01      2.2520e+00      7.3370e-04
   1.3346e+02      3.6508e+01      2.1180e+00      6.7770e-04
   1.4459e+02      4.1930e+01      2.0020e+00      6.2990e-04
   1.5571e+02      4.7630e+01      1.9030e+00      5.8870e-04
   1.7795e+02      5.9836e+01      1.7390e+00      5.2100e-04
   2.0020e+02      7.3127e+01      1.6110e+00      4.6780e-04
   2.2244e+02      8.7419e+01      1.5070e+00      4.2480e-04
