#    Energy           Range       dE/dx (elec)    dE/dx (nucl)
#   [MeV/u]         [mg/cm2]     [MeV/(mg/cm2)]  [MeV/(mg/cm2)]
# ------------------------------------------------------------
   0.0000e+00      0.0000e+00      0.0000e+00      0.0000e+00
   1.2671e-03      1.8649e-04      7.8350e-01      6.1620e+00
   1.3938e-03      2.0302e-04      8.2170e-01      6.1100e+00
   1.5205e-03      2.1964e-04      8.5820e-01      6.0530e+00
   1.6472e-03      2.3635e-04      8.9330e-01      5.9940e+00
   1.7739e-03      2.5314e-04      9.2700e-01      5.9330e+00
   1.9007e-03      2.7002e-04      9.5950e-01      5.8720e+00
   2.0274e-03      2.8700e-04      9.9190e-01      5.8100e+00
   2.1541e-03      3.0409e-04      1.0250e+00      5.7480e+00
   2.2808e-03      3.2127e-04      1.0550e+00      5.6860e+00
   2.5342e-03      3.5596e-04      1.1140e+00      5.5640e+00
   2.8510e-03      3.9988e-04      1.1840e+00      5.4170e+00
   3.1678e-03      4.4442e-04      1.2500e+00      5.2750e+00
   3.4845e-03      4.8955e-04      1.3140e+00      5.1410e+00
   3.8013e-03      5.3526e-04      1.3740e+00      5.0130e+00
   4.1181e-03      5.8152e-04      1.4320e+00      4.8920e+00
   4.4349e-03      6.2831e-04      1.4860e+00      4.7770e+00
   4.7516e-03      6.7562e-04      1.5390e+00      4.6670e+00
   5.0684e-03      7.2342e-04      1.5890e+00      4.5630e+00
   5.7020e-03      8.2044e-04      1.6830e+00      4.3710e+00
   6.3355e-03      9.1917e-04      1.7700e+00      4.1960e+00
   6.9691e-03      1.0195e-03      1.8510e+00      4.0370e+00
   7.6026e-03      1.1213e-03      1.9260e+00      3.8910e+00
   8.2362e-03      1.2244e-03      1.9980e+00      3.7580e+00
   8.8697e-03      1.3287e-03      2.0660e+00      3.6340e+00
   1.0137e-02      1.5407e-03      2.1940e+00      3.4140e+00
   1.1404e-02      1.7581e-03      2.3140e+00      3.2230e+00
   1.2671e-02      1.9799e-03      2.4310e+00      3.0560e+00
   1.3938e-02      2.2016e-03      2.5480e+00      2.9070e+00
   1.5205e-02      2.4233e-03      2.6650e+00      2.7750e+00
   1.6472e-02      2.6451e-03      2.7850e+00      2.6560e+00
   1.7739e-02      2.8668e-03      2.9070e+00      2.5490e+00
   1.9007e-02      3.0886e-03      3.0320e+00      2.4510e+00
   2.0274e-02      3.3103e-03      3.1610e+00      2.3620e+00
   2.1541e-02      3.5162e-03      3.2930e+00      2.2790e+00
   2.2808e-02      3.7380e-03      3.4280e+00      2.2040e+00
   2.5342e-02      4.1656e-03      3.7050e+00      2.0680e+00
   2.8510e-02      4.6883e-03      4.0660e+00      1.9240e+00
   3.1678e-02      5.1951e-03      4.4370e+00      1.8010e+00
   3.4845e-02      5.6703e-03      4.8170e+00      1.6950e+00
   3.8013e-02      6.1296e-03      5.2040e+00      1.6020e+00
   4.1181e-02      6.5731e-03      5.5950e+00      1.5200e+00
   4.4349e-02      7.0008e-03      5.9900e+00      1.4470e+00
   4.7516e-02      7.4126e-03      6.3860e+00      1.3820e+00
   5.0684e-02      7.7927e-03      6.7830e+00      1.3230e+00
   5.7020e-02      8.5213e-03      7.5750e+00      1.2210e+00
   6.3355e-02      9.2024e-03      8.3600e+00      1.1350e+00
   6.9691e-02      9.8359e-03      9.1350e+00      1.0610e+00
   7.6026e-02      1.0438e-02      9.8950e+00      9.9790e-01
   8.2362e-02      1.0992e-02      1.0640e+01      9.4250e-01
   8.8697e-02      1.1515e-02      1.1370e+01      8.9350e-01
   1.0137e-01      1.2481e-02      1.2760e+01      8.1080e-01
   1.1404e-01      1.3368e-02      1.4080e+01      7.4360e-01
   1.2671e-01      1.4176e-02      1.5330e+01      6.8760e-01
   1.3938e-01      1.4936e-02      1.6500e+01      6.4020e-01
   1.5205e-01      1.5649e-02      1.7600e+01      5.9960e-01
   1.6472e-01      1.6314e-02      1.8630e+01      5.6430e-01
   1.7739e-01      1.6963e-02      1.9610e+01      5.3320e-01
   1.9007e-01      1.7565e-02      2.0530e+01      5.0580e-01
   2.0274e-01      1.8151e-02      2.1400e+01      4.8120e-01
   2.1541e-01      1.8721e-02      2.2220e+01      4.5920e-01
   2.2808e-01      1.9276e-02      2.3000e+01      4.3930e-01
   2.5342e-01      2.0321e-02      2.4440e+01      4.0460e-01
   2.8510e-01      2.1541e-02      2.6060e+01      3.6890e-01
   3.1678e-01      2.2713e-02      2.7500e+01      3.3940e-01
   3.4845e-01      2.3822e-02      2.8810e+01      3.1470e-01
   3.8013e-01      2.4883e-02      2.9990e+01      2.9350e-01
   4.1181e-01      2.5912e-02      3.1080e+01      2.7530e-01
   4.4349e-01      2.6894e-02      3.2090e+01      2.5940e-01
   4.7516e-01      2.7860e-02      3.3020e+01      2.4530e-01
   5.0684e-01      2.8811e-02      3.3880e+01      2.3280e-01
   5.7020e-01      3.0616e-02      3.5440e+01      2.1160e-01
   6.3355e-01      3.2359e-02      3.6810e+01      1.9410e-01
   6.9691e-01      3.4038e-02      3.8020e+01      1.7950e-01
   7.6026e-01      3.5669e-02      3.9090e+01      1.6710e-01
   8.2362e-01      3.7269e-02      4.0050e+01      1.5640e-01
   8.8697e-01      3.8821e-02      4.0900e+01      1.4710e-01
   1.0137e+00      4.1862e-02      4.2330e+01      1.3170e-01
   1.1404e+00      4.4808e-02      4.3460e+01      1.1930e-01
   1.2671e+00      4.7675e-02      4.4340e+01      1.0930e-01
   1.3938e+00      5.0510e-02      4.5010e+01      1.0090e-01
   1.5205e+00      5.3298e-02      4.5510e+01      9.3720e-02
   1.6472e+00      5.6069e-02      4.5860e+01      8.7590e-02
   1.7739e+00      5.8810e-02      4.6080e+01      8.2270e-02
   1.9007e+00      6.1550e-02      4.6210e+01      7.7590e-02
   2.0274e+00      6.4290e-02      4.6310e+01      7.3450e-02
   2.1541e+00      6.7014e-02      4.6480e+01      6.9760e-02
   2.2808e+00      6.9738e-02      4.6400e+01      6.6440e-02
   2.5342e+00      7.5219e-02      4.5970e+01      6.0720e-02
   2.8510e+00      8.2140e-02      4.5480e+01      5.4890e-02
   3.1678e+00      8.9141e-02      4.4830e+01      5.0140e-02
   3.4845e+00      9.6268e-02      4.4090e+01      4.6190e-02
   3.8013e+00      1.0351e-01      4.3300e+01      4.2850e-02
   4.1181e+00      1.1089e-01      4.2480e+01      3.9980e-02
   4.4349e+00      1.1841e-01      4.1660e+01      3.7500e-02
   4.7516e+00      1.2608e-01      4.0850e+01      3.5320e-02
   5.0684e+00      1.3390e-01      4.0050e+01      3.3390e-02
   5.7020e+00      1.5003e-01      3.8540e+01      3.0140e-02
   6.3355e+00      1.6677e-01      3.7130e+01      2.7500e-02
   6.9691e+00      1.8413e-01      3.5820e+01      2.5300e-02
   7.6026e+00      2.0210e-01      3.4610e+01      2.3440e-02
   8.2362e+00      2.2071e-01      3.3490e+01      2.1860e-02
   8.8697e+00      2.3991e-01      3.2450e+01      2.0480e-02
   1.0137e+01      2.8014e-01      3.0570e+01      1.8210e-02
   1.1404e+01      3.2276e-01      2.8900e+01      1.6420e-02
   1.2671e+01      3.6779e-01      2.7390e+01      1.4960e-02
   1.3938e+01      4.1526e-01      2.6010e+01      1.3750e-02
   1.5205e+01      4.6519e-01      2.4750e+01      1.2730e-02
   1.6472e+01      5.1760e-01      2.3600e+01      1.1860e-02
   1.7739e+01      5.7254e-01      2.2530e+01      1.1100e-02
   1.9007e+01      6.3002e-01      2.1560e+01      1.0440e-02
   2.0274e+01      6.9003e-01      2.0670e+01      9.8610e-03
   2.1541e+01      7.5257e-01      1.9860e+01      9.3430e-03
   2.2808e+01      8.1755e-01      1.9130e+01      8.8790e-03
   2.5342e+01      9.5445e-01      1.7910e+01      8.0830e-03
   2.8510e+01      1.1369e+00      1.6820e+01      7.2760e-03
   3.1678e+01      1.3307e+00      1.5880e+01      6.6220e-03
   3.4845e+01      1.5367e+00      1.4890e+01      6.0800e-03
   3.8013e+01      1.7581e+00      1.4020e+01      5.6240e-03
   4.1181e+01      1.9957e+00      1.3260e+01      5.2340e-03
   4.4349e+01      2.2333e+00      1.2590e+01      4.8970e-03
   4.7516e+01      2.4867e+00      1.2000e+01      4.6020e-03
   5.0684e+01      2.7560e+00      1.1460e+01      4.3430e-03
   5.7020e+01      3.3420e+00      1.0550e+01      3.9060e-03
   6.3355e+01      3.9597e+00      9.7900e+00      3.5520e-03
   6.9691e+01      4.6249e+00      9.1520e+00      3.2590e-03
   7.6026e+01      5.3377e+00      8.6060e+00      3.0130e-03
   8.2362e+01      6.0979e+00      8.1350e+00      2.8020e-03
   8.8697e+01      6.9057e+00      7.7240e+00      2.6210e-03
   1.0137e+02      8.6163e+00      7.0310e+00      2.3220e-03
   1.1404e+02      1.0501e+01      6.4660e+00      2.0870e-03
   1.2671e+02      1.2529e+01      6.0050e+00      1.8960e-03
