#    Energy           Range       dE/dx (elec)    dE/dx (nucl)
#   [MeV/u]         [mg/cm2]     [MeV/(mg/cm2)]  [MeV/(mg/cm2)]
# ------------------------------------------------------------
   0.0000e+00      0.0000e+00      0.0000e+00      0.0000e+00
   1.2513e-03      1.5819e-04      1.3140e+00      7.2330e+00
   1.3764e-03      1.7183e-04      1.3780e+00      7.1710e+00
   1.5015e-03      1.8564e-04      1.4400e+00      7.1040e+00
   1.6266e-03      1.9927e-04      1.4980e+00      7.0340e+00
   1.7518e-03      2.1308e-04      1.5550e+00      6.9620e+00
   1.8769e-03      2.2689e-04      1.6100e+00      6.8890e+00
   2.0020e-03      2.4087e-04      1.6630e+00      6.8150e+00
   2.1271e-03      2.5468e-04      1.7660e+00      6.7420e+00
   2.2523e-03      2.6867e-04      1.8450e+00      6.6690e+00
   2.5025e-03      2.9646e-04      1.9600e+00      6.5250e+00
   2.8153e-03      3.3160e-04      2.0610e+00      6.3520e+00
   3.1281e-03      3.6690e-04      2.1450e+00      6.1860e+00
   3.4409e-03      4.0274e-04      2.2240e+00      6.0270e+00
   3.7538e-03      4.3910e-04      2.3050e+00      5.8770e+00
   4.0666e-03      4.7563e-04      2.3890e+00      5.7350e+00
   4.3794e-03      5.1251e-04      2.4760e+00      5.5990e+00
   4.6922e-03      5.4957e-04      2.5680e+00      5.4710e+00
   5.0050e-03      5.8680e-04      2.6620e+00      5.3490e+00
   5.6306e-03      6.6179e-04      2.8550e+00      5.1230e+00
   6.2563e-03      7.3696e-04      3.0500e+00      4.9190e+00
   6.8819e-03      8.1247e-04      3.2420e+00      4.7320e+00
   7.5075e-03      8.8781e-04      3.4290e+00      4.5610e+00
   8.1331e-03      9.6315e-04      3.6080e+00      4.4050e+00
   8.7588e-03      1.0383e-03      3.7780e+00      4.2600e+00
   1.0010e-02      1.1881e-03      4.0890e+00      4.0020e+00
   1.1261e-02      1.3374e-03      4.3660e+00      3.7780e+00
   1.2513e-02      1.4860e-03      4.6120e+00      3.5820e+00
   1.3764e-02      1.6337e-03      4.8350e+00      3.4090e+00
   1.5015e-02      1.7830e-03      5.0400e+00      3.2540e+00
   1.6266e-02      1.9228e-03      5.2330e+00      3.1150e+00
   1.7518e-02      2.0801e-03      5.4180e+00      2.9890e+00
   1.8769e-02      2.2200e-03      5.5970e+00      2.8740e+00
   2.0020e-02      2.3598e-03      5.7720e+00      2.7690e+00
   2.1271e-02      2.4996e-03      5.9460e+00      2.6730e+00
   2.2523e-02      2.6395e-03      6.1180e+00      2.5840e+00
   2.5025e-02      2.9192e-03      6.4620e+00      2.4260e+00
   2.8153e-02      3.2688e-03      6.8940e+00      2.2570e+00
   3.1281e-02      3.6009e-03      7.3300e+00      2.1120e+00
   3.4409e-02      3.9155e-03      7.7720e+00      1.9880e+00
   3.7538e-02      4.2302e-03      8.2200e+00      1.8790e+00
   4.0666e-02      4.5273e-03      8.6750e+00      1.7830e+00
   4.3794e-02      4.8070e-03      9.1340e+00      1.6980e+00
   4.6922e-02      5.0867e-03      9.5980e+00      1.6210e+00
   5.0050e-02      5.3664e-03      1.0070e+01      1.5520e+00
   5.6306e-02      5.8733e-03      1.1010e+01      1.4320e+00
   6.2563e-02      6.3627e-03      1.1960e+01      1.3310e+00
   6.8819e-02      6.8172e-03      1.2900e+01      1.2460e+00
   7.5075e-02      7.2367e-03      1.3840e+01      1.1710e+00
   8.1331e-02      7.6388e-03      1.4770e+01      1.1060e+00
   8.7588e-02      8.0233e-03      1.5690e+01      1.0490e+00
   1.0010e-01      8.7225e-03      1.7460e+01      9.5170e-01
   1.1261e-01      9.3693e-03      1.9160e+01      8.7280e-01
   1.2513e-01      9.9636e-03      2.0770e+01      8.0720e-01
   1.3764e-01      1.0523e-02      2.2290e+01      7.5160e-01
   1.5015e-01      1.1047e-02      2.3710e+01      7.0390e-01
   1.6266e-01      1.1554e-02      2.5050e+01      6.6250e-01
   1.7518e-01      1.2026e-02      2.6300e+01      6.2610e-01
   1.8769e-01      1.2481e-02      2.7470e+01      5.9380e-01
   2.0020e-01      1.2918e-02      2.8570e+01      5.6500e-01
   2.1271e-01      1.3337e-02      2.9590e+01      5.3920e-01
   2.2523e-01      1.3739e-02      3.0560e+01      5.1580e-01
   2.5025e-01      1.4526e-02      3.2320e+01      4.7510e-01
   2.8153e-01      1.5452e-02      3.4250e+01      4.3320e-01
   3.1281e-01      1.6326e-02      3.5960e+01      3.9860e-01
   3.4409e-01      1.7165e-02      3.7470e+01      3.6950e-01
   3.7538e-01      1.7987e-02      3.8830e+01      3.4470e-01
   4.0666e-01      1.8773e-02      4.0050e+01      3.2330e-01
   4.3794e-01      1.9525e-02      4.1170e+01      3.0460e-01
   4.6922e-01      2.0277e-02      4.2190e+01      2.8810e-01
   5.0050e-01      2.1011e-02      4.3120e+01      2.7350e-01
   5.6306e-01      2.2427e-02      4.4760e+01      2.4850e-01
   6.2563e-01      2.3790e-02      4.6120e+01      2.2800e-01
   6.8819e-01      2.5119e-02      4.7270e+01      2.1090e-01
   7.5075e-01      2.6430e-02      4.8240e+01      1.9630e-01
   8.1331e-01      2.7706e-02      4.9050e+01      1.8380e-01
   8.7588e-01      2.8964e-02      4.9740e+01      1.7280e-01
   1.0010e+00      3.1446e-02      5.0810e+01      1.5470e-01
   1.1261e+00      3.3876e-02      5.1560e+01      1.4020e-01
   1.2513e+00      3.6288e-02      5.2080e+01      1.2840e-01
   1.3764e+00      3.8683e-02      5.2420e+01      1.1850e-01
   1.5015e+00      4.1060e-02      5.2620e+01      1.1010e-01
   1.6266e+00      4.3420e-02      5.2700e+01      1.0290e-01
   1.7518e+00      4.5798e-02      5.2700e+01      9.6660e-02
   1.8769e+00      4.8157e-02      5.2620e+01      9.1160e-02
   2.0020e+00      5.0535e-02      5.2490e+01      8.6300e-02
   2.1271e+00      5.2912e-02      5.2780e+01      8.1960e-02
   2.2523e+00      5.5272e-02      5.2830e+01      7.8060e-02
   2.5025e+00      6.0026e-02      5.2360e+01      7.1340e-02
   2.8153e+00      6.6039e-02      5.1600e+01      6.4500e-02
   3.1281e+00      7.2140e-02      5.0780e+01      5.8920e-02
   3.4409e+00      7.8345e-02      4.9930e+01      5.4270e-02
   3.7538e+00      8.4673e-02      4.9050e+01      5.0350e-02
   4.0666e+00      9.1088e-02      4.8170e+01      4.6980e-02
   4.3794e+00      9.7643e-02      4.7300e+01      4.4060e-02
   4.6922e+00      1.0430e-01      4.6430e+01      4.1510e-02
   5.0050e+00      1.1110e-01      4.5580e+01      3.9240e-02
   5.6306e+00      1.2509e-01      4.3920e+01      3.5420e-02
   6.2563e+00      1.3958e-01      4.2340e+01      3.2310e-02
   6.8819e+00      1.5463e-01      4.0840e+01      2.9730e-02
   7.5075e+00      1.7020e-01      3.9430e+01      2.7550e-02
   8.1331e+00      1.8634e-01      3.8100e+01      2.5690e-02
   8.7588e+00      2.0303e-01      3.6850e+01      2.4070e-02
   1.0010e+01      2.3808e-01      3.4570e+01      2.1400e-02
   1.1261e+01      2.7538e-01      3.2550e+01      1.9290e-02
   1.2513e+01      3.1492e-01      3.0750e+01      1.7580e-02
   1.3764e+01      3.5670e-01      2.9150e+01      1.6160e-02
   1.5015e+01      4.0071e-01      2.7720e+01      1.4960e-02
   1.6266e+01      4.4691e-01      2.6440e+01      1.3940e-02
   1.7518e+01      4.9530e-01      2.5280e+01      1.3050e-02
   1.8769e+01      5.4585e-01      2.4230e+01      1.2270e-02
   2.0020e+01      5.9851e-01      2.3270e+01      1.1590e-02
   2.1271e+01      6.5331e-01      2.2400e+01      1.0980e-02
   2.2523e+01      7.1018e-01      2.1600e+01      1.0440e-02
   2.5025e+01      8.3005e-01      2.0180e+01      9.5010e-03
   2.8153e+01      9.9127e-01      1.8660e+01      8.5520e-03
   3.1281e+01      1.1650e+00      1.7380e+01      7.7830e-03
   3.4409e+01      1.3510e+00      1.6270e+01      7.1470e-03
   3.7538e+01      1.5491e+00      1.5320e+01      6.6100e-03
   4.0666e+01      1.7655e+00      1.4480e+01      6.1520e-03
   4.3794e+01      1.9752e+00      1.3740e+01      5.7560e-03
   4.6922e+01      2.2200e+00      1.3080e+01      5.4100e-03
   5.0050e+01      2.4647e+00      1.2500e+01      5.1050e-03
   5.6306e+01      2.9891e+00      1.1490e+01      4.5910e-03
   6.2563e+01      3.5484e+00      1.0650e+01      4.1750e-03
   6.8819e+01      4.1602e+00      9.9530e+00      3.8310e-03
   7.5075e+01      4.8070e+00      9.3550e+00      3.5410e-03
   8.1331e+01      5.4887e+00      8.8380e+00      3.2940e-03
   8.7588e+01      6.2229e+00      8.3870e+00      3.0810e-03
   1.0010e+02      7.7786e+00      7.6250e+00      2.7300e-03
   1.1261e+02      9.4916e+00      7.0050e+00      2.4530e-03
   1.2513e+02      1.1345e+01      6.5010e+00      2.2290e-03
