1.000000e-03 1.476000e-02 8.981000e-04
1.500000e-03 1.807000e-02 9.183000e-04
2.000000e-03 2.087000e-02 9.234000e-04
2.500000e-03 2.333000e-02 9.217000e-04
3.000000e-03 2.556000e-02 9.163000e-04
4.000000e-03 2.951000e-02 9.002000e-04
5.000000e-03 3.300000e-02 8.811000e-04
6.000000e-03 3.615000e-02 8.611000e-04
7.000000e-03 3.904000e-02 8.411000e-04
8.000000e-03 4.174000e-02 8.216000e-04
9.000000e-03 4.427000e-02 8.029000e-04
1.000000e-02 4.666000e-02 7.849000e-04
1.250000e-02 5.151000e-02 7.434000e-04
1.500000e-02 5.580000e-02 7.067000e-04
1.750000e-02 5.966000e-02 6.740000e-04
2.000000e-02 6.318000e-02 6.447000e-04
2.250000e-02 6.643000e-02 6.184000e-04
2.500000e-02 6.943000e-02 5.946000e-04
2.750000e-02 7.223000e-02 5.730000e-04
3.000000e-02 7.484000e-02 5.532000e-04
3.500000e-02 7.958000e-02 5.182000e-04
4.000000e-02 8.377000e-02 4.882000e-04
4.500000e-02 8.750000e-02 4.621000e-04
5.000000e-02 9.081000e-02 4.392000e-04
5.500000e-02 9.377000e-02 4.188000e-04
6.000000e-02 9.640000e-02 4.006000e-04
6.500000e-02 9.874000e-02 3.841000e-04
7.000000e-02 1.008000e-01 3.692000e-04
7.500000e-02 1.026000e-01 3.556000e-04
8.000000e-02 1.043000e-01 3.431000e-04
8.500000e-02 1.057000e-01 3.316000e-04
9.000000e-02 1.069000e-01 3.210000e-04
9.500000e-02 1.080000e-01 3.112000e-04
1.000000e-01 1.089000e-01 3.020000e-04
1.250000e-01 1.115000e-01 2.641000e-04
1.500000e-01 1.120000e-01 2.357000e-04
1.750000e-01 1.112000e-01 2.134000e-04
2.000000e-01 1.096000e-01 1.955000e-04
2.250000e-01 1.076000e-01 1.806000e-04
2.500000e-01 1.054000e-01 1.681000e-04
2.750000e-01 1.032000e-01 1.574000e-04
3.000000e-01 1.010000e-01 1.481000e-04
3.500000e-01 9.633000e-02 1.328000e-04
4.000000e-01 9.180000e-02 1.206000e-04
4.500000e-01 8.770000e-02 1.106000e-04
5.000000e-01 8.405000e-02 1.024000e-04
5.500000e-01 8.083000e-02 9.534000e-05
6.000000e-01 7.800000e-02 8.930000e-05
6.500000e-01 7.547000e-02 8.406000e-05
7.000000e-01 7.318000e-02 7.945000e-05
7.500000e-01 7.111000e-02 7.536000e-05
8.000000e-01 6.921000e-02 7.171000e-05
8.500000e-01 6.746000e-02 6.843000e-05
9.000000e-01 6.583000e-02 6.546000e-05
9.500000e-01 6.432000e-02 6.276000e-05
1.000000e+00 6.291000e-02 6.030000e-05
1.250000e+00 5.698000e-02 5.057000e-05
1.500000e+00 5.239000e-02 4.373000e-05
1.750000e+00 4.868000e-02 3.863000e-05
2.000000e+00 4.558000e-02 3.467000e-05
2.250000e+00 4.295000e-02 3.149000e-05
2.500000e+00 4.067000e-02 2.889000e-05
2.750000e+00 3.868000e-02 2.671000e-05
3.000000e+00 3.692000e-02 2.486000e-05
3.500000e+00 3.392000e-02 2.188000e-05
4.000000e+00 3.146000e-02 1.957000e-05
4.500000e+00 2.940000e-02 1.773000e-05
5.000000e+00 2.765000e-02 1.623000e-05
5.500000e+00 2.612000e-02 1.498000e-05
6.000000e+00 2.479000e-02 1.392000e-05
6.500000e+00 2.360000e-02 1.300000e-05
7.000000e+00 2.255000e-02 1.221000e-05
7.500000e+00 2.160000e-02 1.151000e-05
8.000000e+00 2.074000e-02 1.090000e-05
8.500000e+00 1.996000e-02 1.034000e-05
9.000000e+00 1.924000e-02 9.849000e-06
9.500000e+00 1.859000e-02 9.402000e-06
1.000000e+01 1.798000e-02 8.996000e-06
1.250000e+01 1.553000e-02 7.420000e-06
1.500000e+01 1.374000e-02 6.335000e-06
1.750000e+01 1.237000e-02 5.539000e-06
2.000000e+01 1.129000e-02 4.930000e-06
2.500000e+01 9.661000e-03 4.054000e-06
2.750000e+01 9.035000e-03 3.728000e-06
3.000000e+01 8.496000e-03 3.452000e-06
3.500000e+01 7.615000e-03 3.013000e-06
4.000000e+01 6.924000e-03 2.677000e-06
4.500000e+01 6.365000e-03 2.411000e-06
5.000000e+01 5.904000e-03 2.195000e-06
5.500000e+01 5.516000e-03 2.016000e-06
6.000000e+01 5.185000e-03 1.865000e-06
6.500000e+01 4.899000e-03 1.736000e-06
7.000000e+01 4.649000e-03 1.624000e-06
7.500000e+01 4.429000e-03 1.527000e-06
8.000000e+01 4.233000e-03 1.441000e-06
8.500000e+01 4.058000e-03 1.364000e-06
9.000000e+01 3.900000e-03 1.296000e-06
9.500000e+01 3.757000e-03 1.234000e-06
1.000000e+02 3.627000e-03 1.178000e-06
1.250000e+02 3.120000e-03 9.626000e-07
1.500000e+02 2.769000e-03 8.156000e-07
1.750000e+02 2.512000e-03 7.087000e-07
2.000000e+02 2.315000e-03 6.272000e-07
2.250000e+02 2.160000e-03 5.631000e-07
2.500000e+02 2.034000e-03 5.112000e-07
2.750000e+02 1.930000e-03 4.683000e-07
3.000000e+02 1.843000e-03 4.322000e-07
3.500000e+02 1.706000e-03 3.750000e-07
4.000000e+02 1.603000e-03 3.315000e-07
4.500000e+02 1.524000e-03 2.972000e-07
5.000000e+02 1.461000e-03 2.696000e-07
5.500000e+02 1.410000e-03 2.468000e-07
6.000000e+02 1.368000e-03 2.276000e-07
6.500000e+02 1.334000e-03 2.113000e-07
7.000000e+02 1.305000e-03 1.973000e-07
7.500000e+02 1.280000e-03 1.850000e-07
8.000000e+02 1.259000e-03 1.742000e-07
8.500000e+02 1.241000e-03 1.647000e-07
9.000000e+02 1.226000e-03 1.561000e-07
9.500000e+02 1.213000e-03 1.485000e-07
1.000000e+03 1.201000e-03 1.416000e-07
1.500000e+03 1.143000e-03 9.703000e-08
2.000000e+03 1.131000e-03 7.422000e-08
2.500000e+03 1.134000e-03 6.029000e-08
3.000000e+03 1.143000e-03 5.088000e-08
4.000000e+03 1.167000e-03 3.893000e-08
5.000000e+03 1.191000e-03 3.164000e-08
6.000000e+03 1.215000e-03 2.671000e-08
7.000000e+03 1.236000e-03 2.314000e-08
8.000000e+03 1.255000e-03 2.044000e-08
9.000000e+03 1.272000e-03 1.832000e-08
1.000000e+04 1.288000e-03 1.661000e-08
