1.000000e-03 1.509000e-01 3.190000e-02
1.500000e-03 1.849000e-01 2.614000e-02
2.000000e-03 2.135000e-01 2.241000e-02
2.500000e-03 2.387000e-01 1.975000e-02
3.000000e-03 2.614000e-01 1.773000e-02
4.000000e-03 2.978000e-01 1.486000e-02
5.000000e-03 3.302000e-01 1.287000e-02
6.000000e-03 3.596000e-01 1.141000e-02
7.000000e-03 3.864000e-01 1.028000e-02
8.000000e-03 4.105000e-01 9.372000e-03
9.000000e-03 4.325000e-01 8.630000e-03
1.000000e-02 4.530000e-01 8.008000e-03
1.250000e-02 4.949000e-01 6.816000e-03
1.500000e-02 5.303000e-01 5.959000e-03
1.750000e-02 5.612000e-01 5.310000e-03
2.000000e-02 5.888000e-01 4.799000e-03
2.250000e-02 6.134000e-01 4.386000e-03
2.500000e-02 6.353000e-01 4.044000e-03
2.750000e-02 6.547000e-01 3.756000e-03
3.000000e-02 6.723000e-01 3.509000e-03
3.500000e-02 7.034000e-01 3.108000e-03
4.000000e-02 7.305000e-01 2.796000e-03
4.500000e-02 7.535000e-01 2.545000e-03
5.000000e-02 7.723000e-01 2.338000e-03
5.500000e-02 7.870000e-01 2.165000e-03
6.000000e-02 7.983000e-01 2.017000e-03
6.500000e-02 8.066000e-01 1.890000e-03
7.000000e-02 8.124000e-01 1.779000e-03
7.500000e-02 8.160000e-01 1.681000e-03
8.000000e-02 8.176000e-01 1.594000e-03
8.500000e-02 8.174000e-01 1.516000e-03
9.000000e-02 8.158000e-01 1.446000e-03
9.500000e-02 8.129000e-01 1.383000e-03
1.000000e-01 8.089000e-01 1.326000e-03
1.250000e-01 7.776000e-01 1.101000e-03
1.500000e-01 7.365000e-01 9.443000e-04
1.750000e-01 6.934000e-01 8.291000e-04
2.000000e-01 6.519000e-01 7.404000e-04
2.250000e-01 6.136000e-01 6.697000e-04
2.500000e-01 5.791000e-01 6.121000e-04
2.750000e-01 5.482000e-01 5.640000e-04
3.000000e-01 5.206000e-01 5.231000e-04
3.500000e-01 4.729000e-01 4.576000e-04
4.000000e-01 4.340000e-01 4.074000e-04
4.500000e-01 4.022000e-01 3.676000e-04
5.000000e-01 3.761000e-01 3.352000e-04
5.500000e-01 3.543000e-01 3.083000e-04
6.000000e-01 3.350000e-01 2.855000e-04
6.500000e-01 3.182000e-01 2.660000e-04
7.000000e-01 3.032000e-01 2.490000e-04
7.500000e-01 2.898000e-01 2.342000e-04
8.000000e-01 2.777000e-01 2.211000e-04
8.500000e-01 2.667000e-01 2.095000e-04
9.000000e-01 2.566000e-01 1.990000e-04
9.500000e-01 2.474000e-01 1.896000e-04
1.000000e+00 2.389000e-01 1.811000e-04
1.250000e+00 2.048000e-01 1.482000e-04
1.500000e+00 1.802000e-01 1.257000e-04
1.750000e+00 1.614000e-01 1.093000e-04
2.000000e+00 1.465000e-01 9.676000e-05
2.250000e+00 1.344000e-01 8.691000e-05
2.500000e+00 1.244000e-01 7.893000e-05
2.750000e+00 1.159000e-01 7.233000e-05
3.000000e+00 1.086000e-01 6.678000e-05
3.500000e+00 9.662000e-02 5.795000e-05
4.000000e+00 8.724000e-02 5.123000e-05
4.500000e+00 7.968000e-02 4.594000e-05
5.000000e+00 7.343000e-02 4.167000e-05
5.500000e+00 6.817000e-02 3.814000e-05
6.000000e+00 6.368000e-02 3.518000e-05
6.500000e+00 5.980000e-02 3.265000e-05
7.000000e+00 5.640000e-02 3.047000e-05
7.500000e+00 5.339000e-02 2.857000e-05
8.000000e+00 5.072000e-02 2.690000e-05
8.500000e+00 4.834000e-02 2.542000e-05
9.000000e+00 4.618000e-02 2.410000e-05
9.500000e+00 4.423000e-02 2.291000e-05
1.000000e+01 4.245000e-02 2.183000e-05
1.250000e+01 3.547000e-02 1.771000e-05
1.500000e+01 3.061000e-02 1.492000e-05
1.750000e+01 2.702000e-02 1.290000e-05
2.000000e+01 2.425000e-02 1.137000e-05
2.500000e+01 2.023000e-02 9.210000e-06
2.750000e+01 1.873000e-02 8.416000e-06
3.000000e+01 1.746000e-02 7.751000e-06
3.500000e+01 1.541000e-02 6.697000e-06
4.000000e+01 1.385000e-02 5.901000e-06
4.500000e+01 1.260000e-02 5.277000e-06
5.000000e+01 1.159000e-02 4.775000e-06
5.500000e+01 1.075000e-02 4.361000e-06
6.000000e+01 1.004000e-02 4.015000e-06
6.500000e+01 9.428000e-03 3.721000e-06
7.000000e+01 8.901000e-03 3.468000e-06
7.500000e+01 8.439000e-03 3.248000e-06
8.000000e+01 8.032000e-03 3.055000e-06
8.500000e+01 7.670000e-03 2.883000e-06
9.000000e+01 7.346000e-03 2.731000e-06
9.500000e+01 7.054000e-03 2.594000e-06
1.000000e+02 6.789000e-03 2.470000e-06
1.250000e+02 5.768000e-03 1.998000e-06
1.500000e+02 5.073000e-03 1.679000e-06
1.750000e+02 4.568000e-03 1.450000e-06
2.000000e+02 4.186000e-03 1.277000e-06
2.250000e+02 3.886000e-03 1.142000e-06
2.500000e+02 3.645000e-03 1.033000e-06
2.750000e+02 3.447000e-03 9.433000e-07
3.000000e+02 3.281000e-03 8.684000e-07
3.500000e+02 3.021000e-03 7.500000e-07
4.000000e+02 2.827000e-03 6.606000e-07
4.500000e+02 2.677000e-03 5.906000e-07
5.000000e+02 2.558000e-03 5.344000e-07
5.500000e+02 2.462000e-03 4.882000e-07
6.000000e+02 2.383000e-03 4.495000e-07
6.500000e+02 2.318000e-03 4.166000e-07
7.000000e+02 2.262000e-03 3.883000e-07
7.500000e+02 2.214000e-03 3.638000e-07
8.000000e+02 2.173000e-03 3.422000e-07
8.500000e+02 2.137000e-03 3.231000e-07
9.000000e+02 2.105000e-03 3.061000e-07
9.500000e+02 2.078000e-03 2.908000e-07
1.000000e+03 2.054000e-03 2.770000e-07
1.500000e+03 1.918000e-03 1.889000e-07
2.000000e+03 1.871000e-03 1.440000e-07
2.500000e+03 1.854000e-03 1.167000e-07
3.000000e+03 1.852000e-03 9.836000e-08
4.000000e+03 1.864000e-03 7.508000e-08
5.000000e+03 1.883000e-03 6.091000e-08
6.000000e+03 1.903000e-03 5.135000e-08
7.000000e+03 1.923000e-03 4.444000e-08
8.000000e+03 1.942000e-03 3.922000e-08
9.000000e+03 1.959000e-03 3.513000e-08
1.000000e+04 1.976000e-03 3.183000e-08
