1.000000e-03 1.197000e-01 2.163000e-02
1.500000e-03 1.467000e-01 1.840000e-02
2.000000e-03 1.693000e-01 1.614000e-02
2.500000e-03 1.893000e-01 1.446000e-02
3.000000e-03 2.074000e-01 1.314000e-02
4.000000e-03 2.395000e-01 1.120000e-02
5.000000e-03 2.678000e-01 9.825000e-03
6.000000e-03 2.933000e-01 8.786000e-03
7.000000e-03 3.168000e-01 7.970000e-03
8.000000e-03 3.387000e-01 7.310000e-03
9.000000e-03 3.592000e-01 6.762000e-03
1.000000e-02 3.787000e-01 6.300000e-03
1.250000e-02 4.170000e-01 5.404000e-03
1.500000e-02 4.504000e-01 4.751000e-03
1.750000e-02 4.801000e-01 4.253000e-03
2.000000e-02 5.067000e-01 3.858000e-03
2.250000e-02 5.307000e-01 3.536000e-03
2.500000e-02 5.526000e-01 3.269000e-03
2.750000e-02 5.724000e-01 3.042000e-03
3.000000e-02 5.905000e-01 2.848000e-03
3.500000e-02 6.221000e-01 2.531000e-03
4.000000e-02 6.483000e-01 2.282000e-03
4.500000e-02 6.700000e-01 2.082000e-03
5.000000e-02 6.877000e-01 1.917000e-03
5.500000e-02 7.020000e-01 1.777000e-03
6.000000e-02 7.132000e-01 1.659000e-03
6.500000e-02 7.217000e-01 1.556000e-03
7.000000e-02 7.278000e-01 1.466000e-03
7.500000e-02 7.319000e-01 1.387000e-03
8.000000e-02 7.341000e-01 1.316000e-03
8.500000e-02 7.348000e-01 1.253000e-03
9.000000e-02 7.340000e-01 1.196000e-03
9.500000e-02 7.320000e-01 1.145000e-03
1.000000e-01 7.290000e-01 1.098000e-03
1.250000e-01 7.029000e-01 9.142000e-04
1.500000e-01 6.672000e-01 7.861000e-04
1.750000e-01 6.291000e-01 6.914000e-04
2.000000e-01 5.922000e-01 6.183000e-04
2.250000e-01 5.583000e-01 5.600000e-04
2.500000e-01 5.278000e-01 5.124000e-04
2.750000e-01 5.006000e-01 4.727000e-04
3.000000e-01 4.763000e-01 4.390000e-04
3.500000e-01 4.349000e-01 3.850000e-04
4.000000e-01 4.012000e-01 3.435000e-04
4.500000e-01 3.733000e-01 3.105000e-04
5.000000e-01 3.498000e-01 2.836000e-04
5.500000e-01 3.297000e-01 2.612000e-04
6.000000e-01 3.121000e-01 2.423000e-04
6.500000e-01 2.964000e-01 2.261000e-04
7.000000e-01 2.824000e-01 2.119000e-04
7.500000e-01 2.699000e-01 1.995000e-04
8.000000e-01 2.587000e-01 1.885000e-04
8.500000e-01 2.485000e-01 1.787000e-04
9.000000e-01 2.391000e-01 1.699000e-04
9.500000e-01 2.306000e-01 1.620000e-04
1.000000e+00 2.227000e-01 1.548000e-04
1.250000e+00 1.911000e-01 1.270000e-04
1.500000e+00 1.682000e-01 1.080000e-04
1.750000e+00 1.508000e-01 9.404000e-05
2.000000e+00 1.370000e-01 8.340000e-05
2.250000e+00 1.258000e-01 7.500000e-05
2.500000e+00 1.164000e-01 6.818000e-05
2.750000e+00 1.085000e-01 6.254000e-05
3.000000e+00 1.017000e-01 5.778000e-05
3.500000e+00 9.063000e-02 5.021000e-05
4.000000e+00 8.192000e-02 4.444000e-05
4.500000e+00 7.488000e-02 3.989000e-05
5.000000e+00 6.905000e-02 3.621000e-05
5.500000e+00 6.414000e-02 3.317000e-05
6.000000e+00 5.994000e-02 3.061000e-05
6.500000e+00 5.630000e-02 2.843000e-05
7.000000e+00 5.312000e-02 2.654000e-05
7.500000e+00 5.031000e-02 2.490000e-05
8.000000e+00 4.781000e-02 2.345000e-05
8.500000e+00 4.557000e-02 2.217000e-05
9.000000e+00 4.355000e-02 2.102000e-05
9.500000e+00 4.171000e-02 1.999000e-05
1.000000e+01 4.004000e-02 1.905000e-05
1.250000e+01 3.349000e-02 1.547000e-05
1.500000e+01 2.892000e-02 1.304000e-05
1.750000e+01 2.554000e-02 1.128000e-05
2.000000e+01 2.293000e-02 9.953000e-06
2.500000e+01 1.914000e-02 8.066000e-06
2.750000e+01 1.773000e-02 7.372000e-06
3.000000e+01 1.652000e-02 6.790000e-06
3.500000e+01 1.460000e-02 5.870000e-06
4.000000e+01 1.312000e-02 5.173000e-06
4.500000e+01 1.194000e-02 4.627000e-06
5.000000e+01 1.098000e-02 4.187000e-06
5.500000e+01 1.019000e-02 3.826000e-06
6.000000e+01 9.514000e-03 3.523000e-06
6.500000e+01 8.938000e-03 3.265000e-06
7.000000e+01 8.440000e-03 3.043000e-06
7.500000e+01 8.003000e-03 2.850000e-06
8.000000e+01 7.618000e-03 2.681000e-06
8.500000e+01 7.275000e-03 2.531000e-06
9.000000e+01 6.968000e-03 2.397000e-06
9.500000e+01 6.691000e-03 2.277000e-06
1.000000e+02 6.441000e-03 2.169000e-06
1.250000e+02 5.474000e-03 1.754000e-06
1.500000e+02 4.815000e-03 1.475000e-06
1.750000e+02 4.337000e-03 1.274000e-06
2.000000e+02 3.975000e-03 1.122000e-06
2.250000e+02 3.690000e-03 1.003000e-06
2.500000e+02 3.462000e-03 9.075000e-07
2.750000e+02 3.274000e-03 8.289000e-07
3.000000e+02 3.117000e-03 7.631000e-07
3.500000e+02 2.870000e-03 6.591000e-07
4.000000e+02 2.686000e-03 5.806000e-07
4.500000e+02 2.544000e-03 5.191000e-07
5.000000e+02 2.431000e-03 4.697000e-07
5.500000e+02 2.340000e-03 4.291000e-07
6.000000e+02 2.265000e-03 3.951000e-07
6.500000e+02 2.203000e-03 3.663000e-07
7.000000e+02 2.151000e-03 3.414000e-07
7.500000e+02 2.107000e-03 3.198000e-07
8.000000e+02 2.069000e-03 3.009000e-07
8.500000e+02 2.036000e-03 2.841000e-07
9.000000e+02 2.008000e-03 2.691000e-07
9.500000e+02 1.984000e-03 2.557000e-07
1.000000e+03 1.962000e-03 2.436000e-07
1.500000e+03 1.850000e-03 1.661000e-07
2.000000e+03 1.820000e-03 1.267000e-07
2.500000e+03 1.818000e-03 1.027000e-07
3.000000e+03 1.828000e-03 8.655000e-08
4.000000e+03 1.861000e-03 6.608000e-08
5.000000e+03 1.898000e-03 5.362000e-08
6.000000e+03 1.933000e-03 4.520000e-08
7.000000e+03 1.967000e-03 3.913000e-08
8.000000e+03 1.998000e-03 3.453000e-08
9.000000e+03 2.026000e-03 3.093000e-08
1.000000e+04 2.052000e-03 2.803000e-08
