1.000000e-03 3.467000e-02 1.639000e-03
1.500000e-03 4.246000e-02 1.640000e-03
2.000000e-03 4.903000e-02 1.623000e-03
2.500000e-03 5.482000e-02 1.597000e-03
3.000000e-03 6.005000e-02 1.569000e-03
4.000000e-03 6.934000e-02 1.510000e-03
5.000000e-03 7.752000e-02 1.452000e-03
6.000000e-03 8.492000e-02 1.398000e-03
7.000000e-03 9.173000e-02 1.349000e-03
8.000000e-03 9.806000e-02 1.302000e-03
9.000000e-03 1.040000e-01 1.260000e-03
1.000000e-02 1.096000e-01 1.220000e-03
1.250000e-02 1.210000e-01 1.133000e-03
1.500000e-02 1.309000e-01 1.060000e-03
1.750000e-02 1.399000e-01 9.981000e-04
2.000000e-02 1.480000e-01 9.441000e-04
2.250000e-02 1.555000e-01 8.968000e-04
2.500000e-02 1.623000e-01 8.549000e-04
2.750000e-02 1.686000e-01 8.174000e-04
3.000000e-02 1.745000e-01 7.837000e-04
3.500000e-02 1.849000e-01 7.254000e-04
4.000000e-02 1.940000e-01 6.765000e-04
4.500000e-02 2.018000e-01 6.348000e-04
5.000000e-02 2.085000e-01 5.988000e-04
5.500000e-02 2.142000e-01 5.672000e-04
6.000000e-02 2.190000e-01 5.393000e-04
6.500000e-02 2.230000e-01 5.143000e-04
7.000000e-02 2.263000e-01 4.919000e-04
7.500000e-02 2.289000e-01 4.717000e-04
8.000000e-02 2.310000e-01 4.533000e-04
8.500000e-02 2.325000e-01 4.364000e-04
9.000000e-02 2.334000e-01 4.210000e-04
9.500000e-02 2.340000e-01 4.067000e-04
1.000000e-01 2.341000e-01 3.935000e-04
1.250000e-01 2.304000e-01 3.398000e-04
1.500000e-01 2.219000e-01 3.003000e-04
1.750000e-01 2.114000e-01 2.699000e-04
2.000000e-01 2.006000e-01 2.456000e-04
2.250000e-01 1.901000e-01 2.258000e-04
2.500000e-01 1.806000e-01 2.092000e-04
2.750000e-01 1.719000e-01 1.951000e-04
3.000000e-01 1.641000e-01 1.829000e-04
3.500000e-01 1.511000e-01 1.631000e-04
4.000000e-01 1.406000e-01 1.474000e-04
4.500000e-01 1.321000e-01 1.347000e-04
5.000000e-01 1.251000e-01 1.242000e-04
5.500000e-01 1.191000e-01 1.154000e-04
6.000000e-01 1.140000e-01 1.078000e-04
6.500000e-01 1.096000e-01 1.012000e-04
7.000000e-01 1.056000e-01 9.550000e-05
7.500000e-01 1.021000e-01 9.042000e-05
8.000000e-01 9.892000e-02 8.590000e-05
8.500000e-01 9.583000e-02 8.185000e-05
9.000000e-01 9.283000e-02 7.819000e-05
9.500000e-01 8.995000e-02 7.487000e-05
1.000000e+00 8.722000e-02 7.184000e-05
1.250000e+00 7.576000e-02 5.996000e-05
1.500000e+00 6.741000e-02 5.166000e-05
1.750000e+00 6.126000e-02 4.550000e-05
2.000000e+00 5.663000e-02 4.074000e-05
2.250000e+00 5.299000e-02 3.694000e-05
2.500000e+00 4.988000e-02 3.383000e-05
2.750000e+00 4.724000e-02 3.123000e-05
3.000000e+00 4.491000e-02 2.903000e-05
3.500000e+00 4.101000e-02 2.549000e-05
4.000000e+00 3.783000e-02 2.276000e-05
4.500000e+00 3.519000e-02 2.059000e-05
5.000000e+00 3.295000e-02 1.882000e-05
5.500000e+00 3.103000e-02 1.735000e-05
6.000000e+00 2.935000e-02 1.610000e-05
6.500000e+00 2.787000e-02 1.502000e-05
7.000000e+00 2.657000e-02 1.409000e-05
7.500000e+00 2.539000e-02 1.328000e-05
8.000000e+00 2.433000e-02 1.255000e-05
8.500000e+00 2.336000e-02 1.191000e-05
9.000000e+00 2.248000e-02 1.133000e-05
9.500000e+00 2.167000e-02 1.081000e-05
1.000000e+01 2.093000e-02 1.034000e-05
1.250000e+01 1.795000e-02 8.510000e-06
1.500000e+01 1.580000e-02 7.253000e-06
1.750000e+01 1.417000e-02 6.332000e-06
2.000000e+01 1.288000e-02 5.628000e-06
2.500000e+01 1.096000e-02 4.618000e-06
2.750000e+01 1.023000e-02 4.243000e-06
3.000000e+01 9.603000e-03 3.926000e-06
3.500000e+01 8.580000e-03 3.421000e-06
4.000000e+01 7.781000e-03 3.036000e-06
4.500000e+01 7.138000e-03 2.731000e-06
5.000000e+01 6.609000e-03 2.484000e-06
5.500000e+01 6.166000e-03 2.279000e-06
6.000000e+01 5.788000e-03 2.107000e-06
6.500000e+01 5.462000e-03 1.960000e-06
7.000000e+01 5.178000e-03 1.833000e-06
7.500000e+01 4.928000e-03 1.721000e-06
8.000000e+01 4.706000e-03 1.623000e-06
8.500000e+01 4.507000e-03 1.536000e-06
9.000000e+01 4.329000e-03 1.458000e-06
9.500000e+01 4.168000e-03 1.388000e-06
1.000000e+02 4.021000e-03 1.325000e-06
1.250000e+02 3.451000e-03 1.080000e-06
1.500000e+02 3.058000e-03 9.134000e-07
1.750000e+02 2.770000e-03 7.925000e-07
2.000000e+02 2.551000e-03 7.006000e-07
2.250000e+02 2.378000e-03 6.283000e-07
2.500000e+02 2.238000e-03 5.698000e-07
2.750000e+02 2.123000e-03 5.216000e-07
3.000000e+02 2.027000e-03 4.811000e-07
3.500000e+02 1.875000e-03 4.169000e-07
4.000000e+02 1.762000e-03 3.681000e-07
4.500000e+02 1.674000e-03 3.298000e-07
5.000000e+02 1.604000e-03 2.989000e-07
5.500000e+02 1.548000e-03 2.735000e-07
6.000000e+02 1.502000e-03 2.521000e-07
6.500000e+02 1.463000e-03 2.340000e-07
7.000000e+02 1.431000e-03 2.183000e-07
7.500000e+02 1.404000e-03 2.047000e-07
8.000000e+02 1.381000e-03 1.927000e-07
8.500000e+02 1.361000e-03 1.820000e-07
9.000000e+02 1.344000e-03 1.726000e-07
9.500000e+02 1.329000e-03 1.641000e-07
1.000000e+03 1.317000e-03 1.564000e-07
1.500000e+03 1.252000e-03 1.070000e-07
2.000000e+03 1.238000e-03 8.178000e-08
2.500000e+03 1.241000e-03 6.639000e-08
3.000000e+03 1.251000e-03 5.600000e-08
4.000000e+03 1.278000e-03 4.283000e-08
5.000000e+03 1.305000e-03 3.479000e-08
6.000000e+03 1.330000e-03 2.935000e-08
7.000000e+03 1.354000e-03 2.543000e-08
8.000000e+03 1.375000e-03 2.245000e-08
9.000000e+03 1.394000e-03 2.012000e-08
1.000000e+04 1.412000e-03 1.824000e-08
