1.000000e-03 9.238000e-02 1.197000e-02
1.500000e-03 1.131000e-01 1.072000e-02
2.000000e-03 1.306000e-01 9.749000e-03
2.500000e-03 1.461000e-01 8.967000e-03
3.000000e-03 1.600000e-01 8.324000e-03
4.000000e-03 1.848000e-01 7.322000e-03
5.000000e-03 2.066000e-01 6.571000e-03
6.000000e-03 2.263000e-01 5.982000e-03
7.000000e-03 2.444000e-01 5.505000e-03
8.000000e-03 2.613000e-01 5.110000e-03
9.000000e-03 2.771000e-01 4.775000e-03
1.000000e-02 2.921000e-01 4.488000e-03
1.250000e-02 3.206000e-01 3.917000e-03
1.500000e-02 3.448000e-01 3.491000e-03
1.750000e-02 3.657000e-01 3.157000e-03
2.000000e-02 3.838000e-01 2.889000e-03
2.250000e-02 3.996000e-01 2.667000e-03
2.500000e-02 4.132000e-01 2.480000e-03
2.750000e-02 4.250000e-01 2.321000e-03
3.000000e-02 4.351000e-01 2.183000e-03
3.500000e-02 4.510000e-01 1.955000e-03
4.000000e-02 4.620000e-01 1.774000e-03
4.500000e-02 4.692000e-01 1.627000e-03
5.000000e-02 4.734000e-01 1.504000e-03
5.500000e-02 4.752000e-01 1.401000e-03
6.000000e-02 4.751000e-01 1.311000e-03
6.500000e-02 4.737000e-01 1.234000e-03
7.000000e-02 4.712000e-01 1.166000e-03
7.500000e-02 4.680000e-01 1.106000e-03
8.000000e-02 4.642000e-01 1.052000e-03
8.500000e-02 4.601000e-01 1.003000e-03
9.000000e-02 4.558000e-01 9.597000e-04
9.500000e-02 4.513000e-01 9.200000e-04
1.000000e-01 4.468000e-01 8.837000e-04
1.250000e-01 4.245000e-01 7.406000e-04
1.500000e-01 4.045000e-01 6.400000e-04
1.750000e-01 3.867000e-01 5.651000e-04
2.000000e-01 3.710000e-01 5.070000e-04
2.250000e-01 3.568000e-01 4.604000e-04
2.500000e-01 3.440000e-01 4.222000e-04
2.750000e-01 3.323000e-01 3.903000e-04
3.000000e-01 3.215000e-01 3.632000e-04
3.500000e-01 3.017000e-01 3.195000e-04
4.000000e-01 2.842000e-01 2.858000e-04
4.500000e-01 2.686000e-01 2.589000e-04
5.000000e-01 2.548000e-01 2.369000e-04
5.500000e-01 2.425000e-01 2.185000e-04
6.000000e-01 2.314000e-01 2.030000e-04
6.500000e-01 2.215000e-01 1.897000e-04
7.000000e-01 2.124000e-01 1.781000e-04
7.500000e-01 2.042000e-01 1.679000e-04
8.000000e-01 1.966000e-01 1.589000e-04
8.500000e-01 1.897000e-01 1.509000e-04
9.000000e-01 1.833000e-01 1.436000e-04
9.500000e-01 1.774000e-01 1.371000e-04
1.000000e+00 1.719000e-01 1.312000e-04
1.250000e+00 1.494000e-01 1.082000e-04
1.500000e+00 1.327000e-01 9.232000e-05
1.750000e+00 1.198000e-01 8.066000e-05
2.000000e+00 1.094000e-01 7.173000e-05
2.250000e+00 1.009000e-01 6.466000e-05
2.500000e+00 9.377000e-02 5.891000e-05
2.750000e+00 8.769000e-02 5.414000e-05
3.000000e+00 8.245000e-02 5.011000e-05
3.500000e+00 7.383000e-02 4.369000e-05
4.000000e+00 6.703000e-02 3.877000e-05
4.500000e+00 6.151000e-02 3.489000e-05
5.000000e+00 5.691000e-02 3.174000e-05
5.500000e+00 5.303000e-02 2.913000e-05
6.000000e+00 4.970000e-02 2.693000e-05
6.500000e+00 4.681000e-02 2.505000e-05
7.000000e+00 4.428000e-02 2.342000e-05
7.500000e+00 4.203000e-02 2.200000e-05
8.000000e+00 4.002000e-02 2.075000e-05
8.500000e+00 3.822000e-02 1.963000e-05
9.000000e+00 3.658000e-02 1.864000e-05
9.500000e+00 3.510000e-02 1.774000e-05
1.000000e+01 3.375000e-02 1.693000e-05
1.250000e+01 2.841000e-02 1.380000e-05
1.500000e+01 2.465000e-02 1.166000e-05
1.750000e+01 2.185000e-02 1.012000e-05
2.000000e+01 1.968000e-02 8.940000e-06
2.500000e+01 1.651000e-02 7.266000e-06
2.750000e+01 1.532000e-02 6.649000e-06
3.000000e+01 1.430000e-02 6.130000e-06
3.500000e+01 1.267000e-02 5.308000e-06
4.000000e+01 1.141000e-02 4.684000e-06
4.500000e+01 1.041000e-02 4.194000e-06
5.000000e+01 9.590000e-03 3.798000e-06
5.500000e+01 8.908000e-03 3.473000e-06
6.000000e+01 8.330000e-03 3.200000e-06
6.500000e+01 7.835000e-03 2.967000e-06
7.000000e+01 7.405000e-03 2.767000e-06
7.500000e+01 7.029000e-03 2.593000e-06
8.000000e+01 6.696000e-03 2.439000e-06
8.500000e+01 6.399000e-03 2.304000e-06
9.000000e+01 6.133000e-03 2.182000e-06
9.500000e+01 5.893000e-03 2.074000e-06
1.000000e+02 5.676000e-03 1.976000e-06
1.250000e+02 4.835000e-03 1.600000e-06
1.500000e+02 4.261000e-03 1.346000e-06
1.750000e+02 3.843000e-03 1.163000e-06
2.000000e+02 3.525000e-03 1.025000e-06
2.250000e+02 3.276000e-03 9.164000e-07
2.500000e+02 3.075000e-03 8.293000e-07
2.750000e+02 2.910000e-03 7.576000e-07
3.000000e+02 2.772000e-03 6.976000e-07
3.500000e+02 2.555000e-03 6.027000e-07
4.000000e+02 2.392000e-03 5.311000e-07
4.500000e+02 2.266000e-03 4.750000e-07
5.000000e+02 2.166000e-03 4.299000e-07
5.500000e+02 2.086000e-03 3.928000e-07
6.000000e+02 2.019000e-03 3.617000e-07
6.500000e+02 1.964000e-03 3.353000e-07
7.000000e+02 1.918000e-03 3.126000e-07
7.500000e+02 1.878000e-03 2.929000e-07
8.000000e+02 1.845000e-03 2.755000e-07
8.500000e+02 1.816000e-03 2.602000e-07
9.000000e+02 1.790000e-03 2.465000e-07
9.500000e+02 1.768000e-03 2.342000e-07
1.000000e+03 1.749000e-03 2.232000e-07
1.500000e+03 1.647000e-03 1.523000e-07
2.000000e+03 1.617000e-03 1.162000e-07
2.500000e+03 1.613000e-03 9.419000e-08
3.000000e+03 1.619000e-03 7.938000e-08
4.000000e+03 1.642000e-03 6.062000e-08
5.000000e+03 1.668000e-03 4.920000e-08
6.000000e+03 1.692000e-03 4.148000e-08
7.000000e+03 1.714000e-03 3.592000e-08
8.000000e+03 1.734000e-03 3.170000e-08
9.000000e+03 1.752000e-03 2.840000e-08
1.000000e+04 1.768000e-03 2.574000e-08
