1.000000e-03 1.050000e-01 1.188000e-02
1.500000e-03 1.286000e-01 1.072000e-02
2.000000e-03 1.485000e-01 9.792000e-03
2.500000e-03 1.660000e-01 9.040000e-03
3.000000e-03 1.818000e-01 8.416000e-03
4.000000e-03 2.100000e-01 7.436000e-03
5.000000e-03 2.348000e-01 6.695000e-03
6.000000e-03 2.572000e-01 6.111000e-03
7.000000e-03 2.778000e-01 5.636000e-03
8.000000e-03 2.969000e-01 5.240000e-03
9.000000e-03 3.150000e-01 4.905000e-03
1.000000e-02 3.320000e-01 4.615000e-03
1.250000e-02 3.646000e-01 4.039000e-03
1.500000e-02 3.925000e-01 3.607000e-03
1.750000e-02 4.167000e-01 3.267000e-03
2.000000e-02 4.378000e-01 2.993000e-03
2.250000e-02 4.563000e-01 2.767000e-03
2.500000e-02 4.725000e-01 2.576000e-03
2.750000e-02 4.866000e-01 2.412000e-03
3.000000e-02 4.989000e-01 2.270000e-03
3.500000e-02 5.184000e-01 2.036000e-03
4.000000e-02 5.323000e-01 1.849000e-03
4.500000e-02 5.416000e-01 1.697000e-03
5.000000e-02 5.470000e-01 1.571000e-03
5.500000e-02 5.492000e-01 1.463000e-03
6.000000e-02 5.490000e-01 1.371000e-03
6.500000e-02 5.468000e-01 1.290000e-03
7.000000e-02 5.430000e-01 1.220000e-03
7.500000e-02 5.380000e-01 1.157000e-03
8.000000e-02 5.322000e-01 1.101000e-03
8.500000e-02 5.257000e-01 1.051000e-03
9.000000e-02 5.188000e-01 1.005000e-03
9.500000e-02 5.117000e-01 9.640000e-04
1.000000e-01 5.044000e-01 9.262000e-04
1.250000e-01 4.687000e-01 7.770000e-04
1.500000e-01 4.373000e-01 6.720000e-04
1.750000e-01 4.107000e-01 5.937000e-04
2.000000e-01 3.884000e-01 5.329000e-04
2.250000e-01 3.694000e-01 4.842000e-04
2.500000e-01 3.530000e-01 4.442000e-04
2.750000e-01 3.387000e-01 4.107000e-04
3.000000e-01 3.259000e-01 3.823000e-04
3.500000e-01 3.041000e-01 3.364000e-04
4.000000e-01 2.859000e-01 3.010000e-04
4.500000e-01 2.703000e-01 2.728000e-04
5.000000e-01 2.567000e-01 2.497000e-04
5.500000e-01 2.452000e-01 2.304000e-04
6.000000e-01 2.351000e-01 2.141000e-04
6.500000e-01 2.259000e-01 2.001000e-04
7.000000e-01 2.172000e-01 1.879000e-04
7.500000e-01 2.090000e-01 1.772000e-04
8.000000e-01 2.011000e-01 1.677000e-04
8.500000e-01 1.936000e-01 1.592000e-04
9.000000e-01 1.870000e-01 1.516000e-04
9.500000e-01 1.809000e-01 1.448000e-04
1.000000e+00 1.753000e-01 1.385000e-04
1.250000e+00 1.523000e-01 1.143000e-04
1.500000e+00 1.354000e-01 9.761000e-05
1.750000e+00 1.222000e-01 8.532000e-05
2.000000e+00 1.117000e-01 7.590000e-05
2.250000e+00 1.030000e-01 6.843000e-05
2.500000e+00 9.580000e-02 6.236000e-05
2.750000e+00 8.962000e-02 5.733000e-05
3.000000e+00 8.428000e-02 5.307000e-05
3.500000e+00 7.550000e-02 4.628000e-05
4.000000e+00 6.856000e-02 4.109000e-05
4.500000e+00 6.292000e-02 3.699000e-05
5.000000e+00 5.824000e-02 3.366000e-05
5.500000e+00 5.428000e-02 3.089000e-05
6.000000e+00 5.088000e-02 2.857000e-05
6.500000e+00 4.792000e-02 2.658000e-05
7.000000e+00 4.533000e-02 2.486000e-05
7.500000e+00 4.304000e-02 2.335000e-05
8.000000e+00 4.099000e-02 2.203000e-05
8.500000e+00 3.914000e-02 2.085000e-05
9.000000e+00 3.748000e-02 1.979000e-05
9.500000e+00 3.596000e-02 1.884000e-05
1.000000e+01 3.458000e-02 1.798000e-05
1.250000e+01 2.912000e-02 1.466000e-05
1.500000e+01 2.528000e-02 1.240000e-05
1.750000e+01 2.242000e-02 1.076000e-05
2.000000e+01 2.019000e-02 9.513000e-06
2.500000e+01 1.695000e-02 7.736000e-06
2.750000e+01 1.572000e-02 7.080000e-06
3.000000e+01 1.469000e-02 6.529000e-06
3.500000e+01 1.301000e-02 5.654000e-06
4.000000e+01 1.172000e-02 4.991000e-06
4.500000e+01 1.069000e-02 4.469000e-06
5.000000e+01 9.852000e-03 4.049000e-06
5.500000e+01 9.153000e-03 3.702000e-06
6.000000e+01 8.561000e-03 3.411000e-06
6.500000e+01 8.052000e-03 3.164000e-06
7.000000e+01 7.611000e-03 2.951000e-06
7.500000e+01 7.225000e-03 2.765000e-06
8.000000e+01 6.883000e-03 2.602000e-06
8.500000e+01 6.578000e-03 2.457000e-06
9.000000e+01 6.305000e-03 2.328000e-06
9.500000e+01 6.059000e-03 2.212000e-06
1.000000e+02 5.836000e-03 2.108000e-06
1.250000e+02 4.972000e-03 1.707000e-06
1.500000e+02 4.382000e-03 1.436000e-06
1.750000e+02 3.953000e-03 1.241000e-06
2.000000e+02 3.627000e-03 1.094000e-06
2.250000e+02 3.370000e-03 9.782000e-07
2.500000e+02 3.164000e-03 8.852000e-07
2.750000e+02 2.994000e-03 8.088000e-07
3.000000e+02 2.852000e-03 7.447000e-07
3.500000e+02 2.629000e-03 6.435000e-07
4.000000e+02 2.462000e-03 5.670000e-07
4.500000e+02 2.332000e-03 5.072000e-07
5.000000e+02 2.230000e-03 4.590000e-07
5.500000e+02 2.147000e-03 4.194000e-07
6.000000e+02 2.079000e-03 3.862000e-07
6.500000e+02 2.022000e-03 3.581000e-07
7.000000e+02 1.974000e-03 3.338000e-07
7.500000e+02 1.934000e-03 3.127000e-07
8.000000e+02 1.899000e-03 2.942000e-07
8.500000e+02 1.869000e-03 2.778000e-07
9.000000e+02 1.843000e-03 2.632000e-07
9.500000e+02 1.821000e-03 2.501000e-07
1.000000e+03 1.801000e-03 2.383000e-07
1.500000e+03 1.696000e-03 1.626000e-07
2.000000e+03 1.665000e-03 1.241000e-07
2.500000e+03 1.661000e-03 1.006000e-07
3.000000e+03 1.668000e-03 8.479000e-08
4.000000e+03 1.692000e-03 6.476000e-08
5.000000e+03 1.720000e-03 5.255000e-08
6.000000e+03 1.746000e-03 4.432000e-08
7.000000e+03 1.770000e-03 3.837000e-08
8.000000e+03 1.792000e-03 3.387000e-08
9.000000e+03 1.812000e-03 3.034000e-08
1.000000e+04 1.830000e-03 2.749000e-08
