4.347826e-03 8.242000e-01 8.218000e-01
4.782609e-03 8.576000e-01 7.835000e-01
5.000000e-03 8.732250e-01 7.658025e-01
5.108695e-03 8.807567e-01 7.573581e-01
5.217391e-03 8.881000e-01 7.492000e-01
5.434783e-03 9.025279e-01 7.333147e-01
5.543478e-03 9.095816e-01 7.256425e-01
5.652174e-03 9.165000e-01 7.182000e-01
5.869565e-03 9.300467e-01 7.037850e-01
5.978261e-03 9.366752e-01 6.968397e-01
6.086957e-03 9.432000e-01 6.901000e-01
6.304348e-03 9.560937e-01 6.769989e-01
6.413043e-03 9.624401e-01 6.706637e-01
6.521739e-03 9.687000e-01 6.645000e-01
6.739131e-03 9.810112e-01 6.524869e-01
6.847826e-03 9.870805e-01 6.466669e-01
6.956522e-03 9.931000e-01 6.410000e-01
7.173913e-03 1.005128e+00 6.299665e-01
7.282608e-03 1.011095e+00 6.246175e-01
7.391304e-03 1.017000e+00 6.194000e-01
7.608696e-03 1.028603e+00 6.091991e-01
7.717391e-03 1.034324e+00 6.042403e-01
7.826087e-03 1.040000e+00 5.994000e-01
8.260870e-03 1.062611e+00 5.808187e-01
8.478261e-03 1.073840e+00 5.720184e-01
8.586956e-03 1.079430e+00 5.677580e-01
8.695652e-03 1.085000e+00 5.636000e-01
9.239130e-03 1.112601e+00 5.436183e-01
9.510870e-03 1.126312e+00 5.341830e-01
9.646739e-03 1.133156e+00 5.296298e-01
9.782609e-03 1.140000e+00 5.252000e-01
1.032609e-02 1.167406e+00 5.081712e-01
1.059783e-02 1.181168e+00 5.001062e-01
1.073370e-02 1.188073e+00 4.962046e-01
1.086957e-02 1.195000e+00 4.924000e-01
1.141305e-02 1.222918e+00 4.777027e-01
1.168478e-02 1.236950e+00 4.707065e-01
1.182065e-02 1.243975e+00 4.673136e-01
1.195652e-02 1.251000e+00 4.640000e-01
1.250000e-02 1.278970e+00 4.511956e-01
1.277174e-02 1.292957e+00 4.450832e-01
1.290761e-02 1.299968e+00 4.421107e-01
1.304348e-02 1.307000e+00 4.392000e-01
1.358695e-02 1.335278e+00 4.278786e-01
1.385869e-02 1.349565e+00 4.224439e-01
1.399456e-02 1.356761e+00 4.197955e-01
1.413043e-02 1.364000e+00 4.172000e-01
1.467391e-02 1.393289e+00 4.071191e-01
1.494565e-02 1.408096e+00 4.022786e-01
1.508152e-02 1.415537e+00 3.999172e-01
1.521739e-02 1.423000e+00 3.976000e-01
1.576087e-02 1.452841e+00 3.885685e-01
1.603261e-02 1.467854e+00 3.842163e-01
1.616848e-02 1.475405e+00 3.820894e-01
1.630435e-02 1.483000e+00 3.800000e-01
1.684782e-02 1.513720e+00 3.718509e-01
1.711956e-02 1.529284e+00 3.679171e-01
1.725543e-02 1.537122e+00 3.659925e-01
1.739130e-02 1.545000e+00 3.641000e-01
1.847826e-02 1.608777e+00 3.496155e-01
1.902174e-02 1.641184e+00 3.428277e-01
1.929348e-02 1.657537e+00 3.395653e-01
1.956522e-02 1.674000e+00 3.364000e-01
2.065218e-02 1.740443e+00 3.242722e-01
2.119565e-02 1.774060e+00 3.185509e-01
2.146739e-02 1.790986e+00 3.157890e-01
2.173913e-02 1.808000e+00 3.131000e-01
2.282608e-02 1.876500e+00 3.027233e-01
2.336956e-02 1.911095e+00 2.978002e-01
2.364130e-02 1.928504e+00 2.954192e-01
2.391304e-02 1.946000e+00 2.931000e-01
2.500000e-02 2.016539e+00 2.841865e-01
2.554348e-02 2.052143e+00 2.799561e-01
2.581522e-02 2.070039e+00 2.779049e-01
2.608696e-02 2.088000e+00 2.759000e-01
2.717391e-02 2.160257e+00 2.681183e-01
2.771739e-02 2.196577e+00 2.643912e-01
2.798913e-02 2.214777e+00 2.625769e-01
2.826087e-02 2.233000e+00 2.608000e-01
2.934783e-02 2.305874e+00 2.538990e-01
2.989130e-02 2.342383e+00 2.505902e-01
3.016304e-02 2.360674e+00 2.489787e-01
3.043478e-02 2.379000e+00 2.474000e-01
3.260870e-02 2.526877e+00 2.354649e-01
3.369565e-02 2.601343e+00 2.299572e-01
3.423913e-02 2.638660e+00 2.273322e-01
3.451087e-02 2.657329e+00 2.260541e-01
3.478261e-02 2.676000e+00 2.248000e-01
3.695652e-02 2.825110e+00 2.151814e-01
3.804348e-02 2.899568e+00 2.106696e-01
3.858695e-02 2.936784e+00 2.085017e-01
3.885869e-02 2.955392e+00 2.074421e-01
3.913043e-02 2.974000e+00 2.064000e-01
4.130434e-02 3.123129e+00 1.983739e-01
4.239130e-02 3.197653e+00 1.945910e-01
4.293478e-02 3.234859e+00 1.927691e-01
4.320652e-02 3.253439e+00 1.918775e-01
4.347826e-02 3.272000e+00 1.910000e-01
4.565218e-02 3.420020e+00 1.842427e-01
4.673913e-02 3.493667e+00 1.810480e-01
4.728261e-02 3.530378e+00 1.795041e-01
4.755435e-02 3.548701e+00 1.787469e-01
4.782609e-02 3.567000e+00 1.780000e-01
5.000000e-02 3.712993e+00 1.722032e-01
5.108696e-02 3.785651e+00 1.694424e-01
5.163043e-02 3.821869e+00 1.681047e-01
5.217391e-02 3.858000e+00 1.668000e-01
5.434783e-02 4.002139e+00 1.617818e-01
5.543478e-02 4.073789e+00 1.593948e-01
5.597826e-02 4.109460e+00 1.582352e-01
5.652174e-02 4.145000e+00 1.571000e-01
5.869565e-02 4.286318e+00 1.526736e-01
5.978261e-02 4.356399e+00 1.505479e-01
6.032609e-02 4.391266e+00 1.495130e-01
6.086957e-02 4.426000e+00 1.485000e-01
6.304348e-02 4.564197e+00 1.445764e-01
6.413043e-02 4.632800e+00 1.427021e-01
6.467391e-02 4.666955e+00 1.417911e-01
6.521739e-02 4.701000e+00 1.409000e-01
6.739130e-02 4.836683e+00 1.374545e-01
6.847826e-02 4.904066e+00 1.358017e-01
6.902174e-02 4.937599e+00 1.349942e-01
6.956522e-02 4.971000e+00 1.342000e-01
7.173913e-02 5.103861e+00 1.310792e-01
7.282608e-02 5.169700e+00 1.295668e-01
7.336956e-02 5.202427e+00 1.288268e-01
7.391304e-02 5.235000e+00 1.281000e-01
7.608695e-02 5.364394e+00 1.252766e-01
7.717391e-02 5.428463e+00 1.239176e-01
7.771739e-02 5.460306e+00 1.232532e-01
7.826087e-02 5.492000e+00 1.226000e-01
8.260869e-02 5.742805e+00 1.175867e-01
8.478261e-02 5.865928e+00 1.152317e-01
8.586956e-02 5.926756e+00 1.140990e-01
8.641304e-02 5.956957e+00 1.135450e-01
8.695652e-02 5.987000e+00 1.130000e-01
9.239131e-02 6.283096e+00 1.078031e-01
9.510870e-02 6.427608e+00 1.053818e-01
9.646739e-02 6.498744e+00 1.042221e-01
9.714674e-02 6.533991e+00 1.036562e-01
9.782609e-02 6.569000e+00 1.031000e-01
1.032609e-01 6.844972e+00 9.882041e-02
1.059783e-01 6.979532e+00 9.680718e-02
1.073370e-01 7.045706e+00 9.583894e-02
1.086957e-01 7.111000e+00 9.490000e-02
1.141304e-01 7.366971e+00 9.131620e-02
1.168478e-01 7.491434e+00 8.963166e-02
1.182065e-01 7.552614e+00 8.881979e-02
1.195652e-01 7.613000e+00 8.803000e-02
1.250000e-01 7.850572e+00 8.498508e-02
1.277174e-01 7.966212e+00 8.354043e-02
1.290761e-01 8.023013e+00 8.284140e-02
1.304348e-01 8.079000e+00 8.216000e-02
1.358696e-01 8.298091e+00 7.953390e-02
1.385869e-01 8.404376e+00 7.828590e-02
1.399456e-01 8.456552e+00 7.768089e-02
1.413043e-01 8.508000e+00 7.709000e-02
1.467391e-01 8.710126e+00 7.480274e-02
1.494565e-01 8.808341e+00 7.371041e-02
1.508152e-01 8.856533e+00 7.317947e-02
1.521739e-01 8.904000e+00 7.266000e-02
1.576087e-01 9.089552e+00 7.064524e-02
1.603261e-01 9.179448e+00 6.968029e-02
1.630435e-01 9.267000e+00 6.875000e-02
1.684782e-01 9.437758e+00 6.695702e-02
1.711956e-01 9.520490e+00 6.609844e-02
1.739130e-01 9.601000e+00 6.527000e-02
1.847826e-01 9.909047e+00 6.214421e-02
1.902174e-01 1.005349e+01 6.069759e-02
1.929348e-01 1.012284e+01 6.000698e-02
1.956522e-01 1.019000e+01 5.934000e-02
2.065218e-01 1.044634e+01 5.679739e-02
2.119565e-01 1.056642e+01 5.560677e-02
2.146739e-01 1.062409e+01 5.503478e-02
2.173913e-01 1.068000e+01 5.448000e-02
2.282609e-01 1.089434e+01 5.235330e-02
2.336956e-01 1.099495e+01 5.135159e-02
2.391304e-01 1.109000e+01 5.040000e-02
2.500000e-01 1.126815e+01 4.859733e-02
2.554348e-01 1.135123e+01 4.774888e-02
2.608696e-01 1.143000e+01 4.694000e-02
2.717391e-01 1.158189e+01 4.538994e-02
2.771739e-01 1.165320e+01 4.465415e-02
2.826087e-01 1.172000e+01 4.395000e-02
2.934782e-01 1.184199e+01 4.260351e-02
3.043478e-01 1.195000e+01 4.135000e-02
3.260869e-01 1.214713e+01 3.904449e-02
3.369565e-01 1.223370e+01 3.799469e-02
3.478261e-01 1.231000e+01 3.702000e-02
3.695652e-01 1.243878e+01 3.519953e-02
3.913043e-01 1.254000e+01 3.357000e-02
4.130434e-01 1.262911e+01 3.208373e-02
4.347826e-01 1.270000e+01 3.075000e-02
4.782609e-01 1.279000e+01 2.839000e-02
5.217391e-01 1.283000e+01 2.639000e-02
5.652174e-01 1.284000e+01 2.467000e-02
6.086957e-01 1.282000e+01 2.318000e-02
6.521739e-01 1.279000e+01 2.187000e-02
6.956522e-01 1.274000e+01 2.070000e-02
7.391304e-01 1.268000e+01 1.967000e-02
7.826087e-01 1.261000e+01 1.873000e-02
8.260870e-01 1.253354e+01 1.788332e-02
8.695652e-01 1.245000e+01 1.713000e-02
9.239131e-01 1.233799e+01 1.626331e-02
9.782609e-01 1.222000e+01 1.549000e-02
1.032609e+00 1.210041e+01 1.478319e-02
1.086957e+00 1.198000e+01 1.415000e-02
1.141304e+00 1.185992e+01 1.356742e-02
1.168478e+00 1.179995e+01 1.329640e-02
1.195652e+00 1.174000e+01 1.304000e-02
1.250000e+00 1.162065e+01 1.255117e-02
1.277174e+00 1.156064e+01 1.232026e-02
1.304348e+00 1.150000e+01 1.210000e-02
1.358696e+00 1.137530e+01 1.167925e-02
1.385869e+00 1.131244e+01 1.148013e-02
1.413043e+00 1.125000e+01 1.129000e-02
1.467391e+00 1.112815e+01 1.092681e-02
1.494565e+00 1.106862e+01 1.075470e-02
1.521739e+00 1.101000e+01 1.059000e-02
1.576087e+00 1.089444e+01 1.027471e-02
1.603261e+00 1.083716e+01 1.012454e-02
1.630435e+00 1.078000e+01 9.980000e-03
1.684783e+00 1.066478e+01 9.700394e-03
1.711956e+00 1.060722e+01 9.566309e-03
1.739130e+00 1.055000e+01 9.437000e-03
1.847826e+00 1.032223e+01 8.951960e-03
1.902174e+00 1.021303e+01 8.728769e-03
1.929348e+00 1.016053e+01 8.622494e-03
1.956522e+00 1.011000e+01 8.520000e-03
2.065218e+00 9.931296e+00 8.129160e-03
2.119565e+00 9.846864e+00 7.946438e-03
2.173913e+00 9.760000e+00 7.774000e-03
2.282609e+00 9.555755e+00 7.449656e-03
2.336956e+00 9.448127e+00 7.298286e-03
2.364130e+00 9.394810e+00 7.225582e-03
2.391304e+00 9.343000e+00 7.155000e-03
2.500000e+00 9.158905e+00 6.883306e-03
2.554348e+00 9.076075e+00 6.754680e-03
2.608696e+00 8.997000e+00 6.632000e-03
2.717391e+00 8.835775e+00 6.398473e-03
2.771739e+00 8.755291e+00 6.288214e-03
2.826087e+00 8.676000e+00 6.183000e-03
2.934782e+00 8.522616e+00 5.981887e-03
2.989130e+00 8.448431e+00 5.886444e-03
3.043478e+00 8.376000e+00 5.795000e-03
3.260870e+00 8.094312e+00 5.453914e-03
3.369565e+00 7.959502e+00 5.298330e-03
3.423913e+00 7.894003e+00 5.224684e-03
3.478261e+00 7.830000e+00 5.154000e-03
3.695652e+00 7.582817e+00 4.886652e-03
3.804347e+00 7.465056e+00 4.762898e-03
3.858695e+00 7.407889e+00 4.703890e-03
3.913043e+00 7.352000e+00 4.647000e-03
4.130434e+00 7.135317e+00 4.431253e-03
4.239130e+00 7.031697e+00 4.330769e-03
4.293478e+00 6.981309e+00 4.282623e-03
4.347826e+00 6.932000e+00 4.236000e-03
4.565218e+00 6.740739e+00 4.057479e-03
4.673913e+00 6.649185e+00 3.973561e-03
4.728261e+00 6.604630e+00 3.933185e-03
4.782609e+00 6.561000e+00 3.894000e-03
5.000000e+00 6.391515e+00 3.744015e-03
5.108695e+00 6.310283e+00 3.673321e-03
5.163043e+00 6.270734e+00 3.639208e-03
5.217391e+00 6.232000e+00 3.606000e-03
5.434782e+00 6.081729e+00 3.477883e-03
5.543478e+00 6.009643e+00 3.417083e-03
5.597826e+00 5.974491e+00 3.387667e-03
5.652174e+00 5.940000e+00 3.359000e-03
5.869566e+00 5.805518e+00 3.248679e-03
5.978261e+00 5.740726e+00 3.196268e-03
6.032609e+00 5.709077e+00 3.170847e-03
6.086957e+00 5.678000e+00 3.146000e-03
6.304348e+00 5.556937e+00 3.049496e-03
6.413044e+00 5.498581e+00 3.003343e-03
6.467391e+00 5.470048e+00 2.980918e-03
6.521739e+00 5.442000e+00 2.959000e-03
6.739130e+00 5.332368e+00 2.874408e-03
6.847826e+00 5.279394e+00 2.833993e-03
6.956522e+00 5.228000e+00 2.795000e-03
7.173913e+00 5.128553e+00 2.719379e-03
7.282609e+00 5.080606e+00 2.683056e-03
7.391304e+00 5.034000e+00 2.648000e-03
7.608695e+00 4.943048e+00 2.580521e-03
7.717391e+00 4.898947e+00 2.548208e-03
7.826087e+00 4.856000e+00 2.517000e-03
8.260870e+00 4.691852e+00 2.398805e-03
8.478261e+00 4.614566e+00 2.343820e-03
8.586956e+00 4.577285e+00 2.317488e-03
8.695652e+00 4.541000e+00 2.292000e-03
9.239131e+00 4.367666e+00 2.171229e-03
9.510870e+00 4.286273e+00 2.115323e-03
9.646739e+00 4.247085e+00 2.088676e-03
9.782609e+00 4.209000e+00 2.063000e-03
1.032609e+01 4.062643e+00 1.965755e-03
1.059783e+01 3.993305e+00 1.920553e-03
1.073370e+01 3.959744e+00 1.898923e-03
1.086957e+01 3.927000e+00 1.878000e-03
1.141305e+01 3.800358e+00 1.798129e-03
1.168478e+01 3.739973e+00 1.760617e-03
1.182065e+01 3.710656e+00 1.742555e-03
1.195652e+01 3.682000e+00 1.725000e-03
1.250000e+01 3.571149e+00 1.657360e-03
1.277174e+01 3.518130e+00 1.625390e-03
1.290761e+01 3.492311e+00 1.609975e-03
1.304348e+01 3.467000e+00 1.595000e-03
1.358695e+01 3.368412e+00 1.537743e-03
1.385869e+01 3.320946e+00 1.510747e-03
1.399456e+01 3.297764e+00 1.497708e-03
1.413043e+01 3.275000e+00 1.485000e-03
1.467391e+01 3.186223e+00 1.435918e-03
1.494565e+01 3.143436e+00 1.412510e-03
1.508152e+01 3.122531e+00 1.401133e-03
1.521739e+01 3.102000e+00 1.390000e-03
1.576087e+01 3.021962e+00 1.346643e-03
1.603261e+01 2.983381e+00 1.325898e-03
1.616848e+01 2.964525e+00 1.315828e-03
1.630435e+01 2.946000e+00 1.306000e-03
1.684783e+01 2.873763e+00 1.268244e-03
1.711956e+01 2.838879e+00 1.250282e-03
1.725543e+01 2.821801e+00 1.241552e-03
1.739130e+01 2.805000e+00 1.233000e-03
1.847826e+01 2.675751e+00 1.167782e-03
1.902174e+01 2.615143e+00 1.137461e-03
1.929348e+01 2.586087e+00 1.122977e-03
1.942935e+01 2.571914e+00 1.115922e-03
1.956522e+01 2.558000e+00 1.109000e-03
2.065217e+01 2.451476e+00 1.056003e-03
2.119565e+01 2.401760e+00 1.031267e-03
2.146739e+01 2.377972e+00 1.019431e-03
2.173913e+01 2.355000e+00 1.008000e-03
2.282608e+01 2.267508e+00 9.647119e-04
2.336956e+01 2.226910e+00 9.445185e-04
2.364130e+01 2.207581e+00 9.348188e-04
2.391304e+01 2.189000e+00 9.254000e-04
2.500000e+01 2.118726e+00 8.890859e-04
2.554348e+01 2.086568e+00 8.718878e-04
2.581522e+01 2.071421e+00 8.635816e-04
2.608696e+01 2.057000e+00 8.555000e-04
2.717392e+01 2.004085e+00 8.244731e-04
2.771739e+01 1.980188e+00 8.098017e-04
2.798913e+01 1.968883e+00 8.027104e-04
2.826087e+01 1.958000e+00 7.958000e-04
2.934783e+01 1.917503e+00 7.691394e-04
2.989130e+01 1.897896e+00 7.564564e-04
3.016304e+01 1.888035e+00 7.503061e-04
3.043478e+01 1.878000e+00 7.443000e-04
3.260869e+01 1.785278e+00 6.992336e-04
3.369565e+01 1.735970e+00 6.786690e-04
3.423913e+01 1.711581e+00 6.689367e-04
3.451087e+01 1.699646e+00 6.642172e-04
3.478261e+01 1.688000e+00 6.596000e-04
3.695652e+01 1.605219e+00 6.244187e-04
3.804348e+01 1.569126e+00 6.080930e-04
3.858695e+01 1.552238e+00 6.003054e-04
3.885869e+01 1.544047e+00 5.965154e-04
3.913043e+01 1.536000e+00 5.928000e-04
4.130434e+01 1.472512e+00 5.644543e-04
4.239130e+01 1.442040e+00 5.512437e-04
4.293478e+01 1.427301e+00 5.449181e-04
4.320652e+01 1.420089e+00 5.418318e-04
4.347826e+01 1.413000e+00 5.388000e-04
4.565217e+01 1.359037e+00 5.155198e-04
4.673913e+01 1.333846e+00 5.045769e-04
4.728261e+01 1.321746e+00 4.993113e-04
4.782609e+01 1.310000e+00 4.942000e-04
5.000000e+01 1.264817e+00 4.746092e-04
5.108696e+01 1.243423e+00 4.653774e-04
5.163043e+01 1.233079e+00 4.609269e-04
5.217391e+01 1.223000e+00 4.566000e-04
5.434783e+01 1.184122e+00 4.399802e-04
5.543478e+01 1.165659e+00 4.321142e-04
5.597826e+01 1.156719e+00 4.283097e-04
5.652174e+01 1.148000e+00 4.246000e-04
5.869566e+01 1.114363e+00 4.102669e-04
5.978261e+01 1.098356e+00 4.034427e-04
6.032609e+01 1.090590e+00 4.001328e-04
6.086957e+01 1.083000e+00 3.969000e-04
6.304348e+01 1.053550e+00 3.843963e-04
6.413044e+01 1.039488e+00 3.784312e-04
6.467391e+01 1.032664e+00 3.755336e-04
6.521739e+01 1.026000e+00 3.727000e-04
6.739130e+01 1.000344e+00 3.617169e-04
6.847826e+01 9.881051e-01 3.564617e-04
6.902174e+01 9.821462e-01 3.539044e-04
6.956522e+01 9.763000e-01 3.514000e-04
7.173913e+01 9.534313e-01 3.416732e-04
7.282608e+01 9.423907e-01 3.370061e-04
7.336956e+01 9.369959e-01 3.347310e-04
7.391304e+01 9.317000e-01 3.325000e-04
7.608695e+01 9.110943e-01 3.238159e-04
7.717391e+01 9.011841e-01 3.196389e-04
7.771739e+01 8.963470e-01 3.176003e-04
7.826087e+01 8.916000e-01 3.156000e-04
8.260869e+01 8.555049e-01 3.004012e-04
8.478261e+01 8.387164e-01 2.933416e-04
8.586956e+01 8.306784e-01 2.899649e-04
8.695652e+01 8.229000e-01 2.867000e-04
9.239130e+01 7.860869e-01 2.712852e-04
9.510870e+01 7.690523e-01 2.641651e-04
9.646739e+01 7.609305e-01 2.607718e-04
9.714674e+01 7.569771e-01 2.591201e-04
9.782609e+01 7.531000e-01 2.575000e-04
1.032609e+02 7.234337e-01 2.450805e-04
1.059783e+02 7.095712e-01 2.392725e-04
1.073370e+02 7.029276e-01 2.364900e-04
1.086957e+02 6.965000e-01 2.338000e-04
1.141304e+02 6.720167e-01 2.235843e-04
1.168478e+02 6.605537e-01 2.188132e-04
1.182065e+02 6.550452e-01 2.165224e-04
1.195652e+02 6.497000e-01 2.143000e-04
1.250000e+02 6.291874e-01 2.057655e-04
1.277174e+02 6.195091e-01 2.017359e-04
1.290761e+02 6.148406e-01 1.997915e-04
1.304348e+02 6.103000e-01 1.979000e-04
1.358696e+02 5.928473e-01 1.906295e-04
1.385869e+02 5.845866e-01 1.871874e-04
1.399456e+02 5.805926e-01 1.855228e-04
1.413043e+02 5.767000e-01 1.839000e-04
1.467391e+02 5.616821e-01 1.776322e-04
1.494565e+02 5.545415e-01 1.746521e-04
1.508152e+02 5.510799e-01 1.732084e-04
1.521739e+02 5.477000e-01 1.718000e-04
1.576087e+02 5.346237e-01 1.663718e-04
1.603261e+02 5.283874e-01 1.637862e-04
1.616848e+02 5.253595e-01 1.625299e-04
1.630435e+02 5.224000e-01 1.613000e-04
1.684783e+02 5.109473e-01 1.565129e-04
1.711956e+02 5.054723e-01 1.542151e-04
1.725543e+02 5.028085e-01 1.530959e-04
1.739130e+02 5.002000e-01 1.520000e-04
1.847826e+02 4.804390e-01 1.437411e-04
1.902174e+02 4.713198e-01 1.399448e-04
1.929348e+02 4.669794e-01 1.381392e-04
1.956522e+02 4.628000e-01 1.364000e-04
2.065217e+02 4.469705e-01 1.297863e-04
2.119565e+02 4.396167e-01 1.267036e-04
2.146739e+02 4.360998e-01 1.252275e-04
2.173913e+02 4.327000e-01 1.238000e-04
2.282609e+02 4.197225e-01 1.183569e-04
2.336956e+02 4.136450e-01 1.158091e-04
2.364130e+02 4.107273e-01 1.145858e-04
2.391304e+02 4.079000e-01 1.134000e-04
2.500000e+02 3.970927e-01 1.088656e-04
2.554348e+02 3.920159e-01 1.067309e-04
2.581522e+02 3.895727e-01 1.057015e-04
2.608696e+02 3.872000e-01 1.047000e-04
2.717391e+02 3.781011e-01 1.008397e-04
2.771739e+02 3.738020e-01 9.900892e-05
2.798913e+02 3.717245e-01 9.812322e-05
2.826087e+02 3.697000e-01 9.726000e-05
2.934783e+02 3.618768e-01 9.393363e-05
2.989130e+02 3.581572e-01 9.235330e-05
3.043478e+02 3.546000e-01 9.084000e-05
3.260870e+02 3.415130e-01 8.522507e-05
3.369565e+02 3.356232e-01 8.267700e-05
3.423913e+02 3.328518e-01 8.147361e-05
3.478261e+02 3.302000e-01 8.032000e-05
3.695652e+02 3.201601e-01 7.595699e-05
3.804348e+02 3.155230e-01 7.393859e-05
3.858695e+02 3.133185e-01 7.297675e-05
3.913043e+02 3.112000e-01 7.205000e-05
4.347826e+02 2.961000e-01 6.537000e-05
