1.000000e-02 4.108000e-01 6.983000e-03
1.100000e-02 4.288000e-01 6.537000e-03
1.150000e-02 4.374500e-01 6.336400e-03
1.175000e-02 4.416666e-01 6.242126e-03
1.200000e-02 4.458000e-01 6.152000e-03
1.250000e-02 4.539230e-01 5.977687e-03
1.275000e-02 4.578975e-01 5.894259e-03
1.300000e-02 4.618000e-01 5.814000e-03
1.350000e-02 4.694575e-01 5.660121e-03
1.375000e-02 4.732081e-01 5.586721e-03
1.400000e-02 4.769000e-01 5.516000e-03
1.450000e-02 4.841959e-01 5.379202e-03
1.475000e-02 4.877785e-01 5.313507e-03
1.500000e-02 4.913000e-01 5.250000e-03
1.550000e-02 4.982045e-01 5.127184e-03
1.575000e-02 5.015813e-01 5.068151e-03
1.600000e-02 5.049000e-01 5.011000e-03
1.650000e-02 5.114343e-01 4.900112e-03
1.675000e-02 5.146415e-01 4.846713e-03
1.700000e-02 5.178000e-01 4.795000e-03
1.750000e-02 5.240309e-01 4.694969e-03
1.775000e-02 5.270901e-01 4.646780e-03
1.800000e-02 5.301000e-01 4.600000e-03
1.900000e-02 5.418032e-01 4.421017e-03
1.950000e-02 5.474378e-01 4.336860e-03
2.000000e-02 5.529000e-01 4.257000e-03
2.125000e-02 5.660947e-01 4.069673e-03
2.187500e-02 5.724109e-01 3.982804e-03
2.218750e-02 5.754863e-01 3.941239e-03
2.250000e-02 5.785000e-01 3.901000e-03
2.375000e-02 5.902248e-01 3.746661e-03
2.437500e-02 5.958581e-01 3.673982e-03
2.500000e-02 6.013000e-01 3.605000e-03
2.625000e-02 6.118084e-01 3.474509e-03
2.687500e-02 6.168432e-01 3.413247e-03
2.750000e-02 6.217000e-01 3.355000e-03
2.875000e-02 6.310659e-01 3.243876e-03
2.937500e-02 6.355573e-01 3.191283e-03
3.000000e-02 6.399000e-01 3.141000e-03
3.125000e-02 6.483213e-01 3.044734e-03
3.187500e-02 6.523751e-01 2.998956e-03
3.250000e-02 6.563000e-01 2.955000e-03
3.375000e-02 6.639125e-01 2.870272e-03
3.437500e-02 6.675696e-01 2.829836e-03
3.500000e-02 6.711000e-01 2.791000e-03
3.625000e-02 6.778902e-01 2.716645e-03
3.750000e-02 6.843000e-01 2.647000e-03
3.875000e-02 6.904742e-01 2.580549e-03
4.000000e-02 6.963000e-01 2.518000e-03
4.250000e-02 7.070379e-01 2.401413e-03
4.375000e-02 7.119396e-01 2.347558e-03
4.500000e-02 7.165000e-01 2.297000e-03
4.750000e-02 7.250865e-01 2.201659e-03
4.875000e-02 7.290392e-01 2.157125e-03
5.000000e-02 7.327000e-01 2.115000e-03
5.250000e-02 7.394116e-01 2.035188e-03
5.500000e-02 7.452000e-01 1.962000e-03
5.750000e-02 7.503135e-01 1.893700e-03
6.000000e-02 7.546000e-01 1.831000e-03
6.500000e-02 7.612000e-01 1.718000e-03
7.000000e-02 7.653000e-01 1.619000e-03
8.000000e-02 7.675000e-01 1.454000e-03
9.000000e-02 7.631000e-01 1.322000e-03
9.500000e-02 7.592000e-01 1.264925e-03
1.000000e-01 7.541000e-01 1.214000e-03
1.050000e-01 7.482682e-01 1.166436e-03
1.100000e-01 7.417000e-01 1.123000e-03
1.150000e-01 7.346849e-01 1.082781e-03
1.175000e-01 7.310035e-01 1.063940e-03
1.200000e-01 7.272000e-01 1.046000e-03
1.250000e-01 7.193732e-01 1.011517e-03
1.275000e-01 7.153654e-01 9.951134e-04
1.300000e-01 7.113000e-01 9.794000e-04
1.350000e-01 7.030986e-01 9.493558e-04
1.375000e-01 6.989622e-01 9.350875e-04
1.400000e-01 6.948000e-01 9.214000e-04
1.450000e-01 6.864127e-01 8.950750e-04
1.475000e-01 6.822053e-01 8.825039e-04
1.500000e-01 6.780000e-01 8.704000e-04
1.550000e-01 6.696223e-01 8.470605e-04
1.575000e-01 6.654531e-01 8.358842e-04
1.600000e-01 6.613000e-01 8.251000e-04
1.650000e-01 6.530047e-01 8.042642e-04
1.675000e-01 6.488849e-01 7.942649e-04
1.700000e-01 6.448000e-01 7.846000e-04
1.750000e-01 6.367224e-01 7.658985e-04
1.775000e-01 6.327384e-01 7.569055e-04
1.800000e-01 6.288000e-01 7.482000e-04
1.900000e-01 6.133010e-01 7.151913e-04
1.950000e-01 6.057564e-01 6.998120e-04
1.975000e-01 6.020513e-01 6.924404e-04
2.000000e-01 5.984000e-01 6.853000e-04
2.125000e-01 5.806107e-01 6.514504e-04
2.187500e-01 5.720590e-01 6.357451e-04
2.218750e-01 5.678888e-01 6.282434e-04
2.250000e-01 5.638000e-01 6.210000e-04
2.375000e-01 5.478962e-01 5.934382e-04
2.437500e-01 5.402632e-01 5.805623e-04
2.468750e-01 5.365441e-01 5.743852e-04
2.500000e-01 5.329000e-01 5.684000e-04
2.625000e-01 5.187417e-01 5.454917e-04
2.687500e-01 5.119509e-01 5.347202e-04
2.718750e-01 5.086424e-01 5.295351e-04
2.750000e-01 5.054000e-01 5.245000e-04
2.875000e-01 4.927953e-01 5.052039e-04
2.937500e-01 4.867436e-01 4.960920e-04
2.968750e-01 4.837931e-01 4.916897e-04
3.000000e-01 4.809000e-01 4.874000e-04
3.125000e-01 4.696460e-01 4.708221e-04
3.187500e-01 4.642345e-01 4.629399e-04
3.218750e-01 4.615930e-01 4.591226e-04
3.250000e-01 4.590000e-01 4.554000e-04
3.375000e-01 4.488919e-01 4.410640e-04
3.437500e-01 4.440200e-01 4.342458e-04
3.468750e-01 4.416391e-01 4.309365e-04
3.500000e-01 4.393000e-01 4.277000e-04
3.625000e-01 4.301721e-01 4.151261e-04
3.687500e-01 4.257684e-01 4.091019e-04
3.718750e-01 4.236155e-01 4.061701e-04
3.750000e-01 4.215000e-01 4.033000e-04
3.875000e-01 4.132514e-01 3.921702e-04
3.937500e-01 4.092682e-01 3.868392e-04
4.000000e-01 4.054000e-01 3.817000e-04
4.250000e-01 3.906502e-01 3.624086e-04
4.375000e-01 3.837409e-01 3.535216e-04
4.437500e-01 3.804208e-01 3.492867e-04
4.500000e-01 3.772000e-01 3.452000e-04
4.750000e-01 3.648661e-01 3.295942e-04
4.875000e-01 3.590471e-01 3.222918e-04
4.937500e-01 3.562371e-01 3.187897e-04
5.000000e-01 3.535000e-01 3.154000e-04
5.250000e-01 3.429196e-01 3.024932e-04
5.375000e-01 3.378954e-01 2.964426e-04
5.437500e-01 3.354658e-01 2.935304e-04
5.500000e-01 3.331000e-01 2.907000e-04
5.750000e-01 3.240264e-01 2.797931e-04
5.875000e-01 3.197249e-01 2.746268e-04
5.937500e-01 3.176392e-01 2.721303e-04
6.000000e-01 3.156000e-01 2.697000e-04
6.250000e-01 3.076660e-01 2.603565e-04
6.375000e-01 3.038623e-01 2.559304e-04
6.437500e-01 3.020113e-01 2.537887e-04
6.500000e-01 3.002000e-01 2.517000e-04
6.750000e-01 2.931820e-01 2.436304e-04
6.875000e-01 2.898271e-01 2.397867e-04
6.937500e-01 2.881959e-01 2.379217e-04
7.000000e-01 2.866000e-01 2.361000e-04
7.500000e-01 2.745773e-01 2.224404e-04
7.750000e-01 2.690543e-01 2.162006e-04
7.875000e-01 2.664285e-01 2.132428e-04
8.000000e-01 2.639000e-01 2.104000e-04
8.500000e-01 2.542855e-01 1.996061e-04
8.750000e-01 2.498090e-01 1.945956e-04
8.875000e-01 2.476681e-01 1.922048e-04
9.000000e-01 2.456000e-01 1.899000e-04
9.500000e-01 2.376015e-01 1.811774e-04
9.750000e-01 2.339265e-01 1.771220e-04
9.875000e-01 2.322107e-01 1.751801e-04
1.000000e+00 2.306000e-01 1.733000e-04
1.050000e+00 2.251048e-01 1.661025e-04
1.075000e+00 2.227000e-01 1.627159e-04
1.087500e+00 2.215460e-01 1.610848e-04
1.100000e+00 2.204000e-01 1.595000e-04
1.150000e+00 2.155706e-01 1.534128e-04
1.175000e+00 2.130564e-01 1.505377e-04
1.187500e+00 2.117817e-01 1.491501e-04
1.200000e+00 2.105000e-01 1.478000e-04
1.250000e+00 2.053281e-01 1.426053e-04
1.275000e+00 2.027789e-01 1.401462e-04
1.287500e+00 2.015275e-01 1.389577e-04
1.300000e+00 2.003000e-01 1.378000e-04
1.350000e+00 1.956019e-01 1.333484e-04
1.375000e+00 1.933645e-01 1.312324e-04
1.387500e+00 1.922733e-01 1.302052e-04
1.400000e+00 1.912000e-01 1.292000e-04
1.450000e+00 1.869687e-01 1.252852e-04
1.475000e+00 1.849079e-01 1.234075e-04
1.487500e+00 1.838963e-01 1.224938e-04
1.500000e+00 1.829000e-01 1.216000e-04
1.550000e+00 1.790128e-01 1.181456e-04
1.575000e+00 1.771318e-01 1.164938e-04
1.587500e+00 1.762093e-01 1.156892e-04
1.600000e+00 1.753000e-01 1.149000e-04
1.650000e+00 1.717322e-01 1.118149e-04
1.675000e+00 1.699961e-01 1.103306e-04
1.700000e+00 1.683000e-01 1.089000e-04
1.750000e+00 1.649838e-01 1.061649e-04
1.775000e+00 1.633722e-01 1.048599e-04
1.800000e+00 1.618000e-01 1.036000e-04
1.900000e+00 1.557730e-01 9.879208e-05
1.950000e+00 1.529231e-01 9.654288e-05
1.975000e+00 1.515446e-01 9.546416e-05
2.000000e+00 1.502000e-01 9.442000e-05
2.125000e+00 1.437279e-01 8.949670e-05
2.187500e+00 1.406816e-01 8.722525e-05
2.218750e+00 1.392177e-01 8.614319e-05
2.234375e+00 1.385026e-01 8.561655e-05
2.250000e+00 1.378000e-01 8.510000e-05
2.375000e+00 1.324243e-01 8.114228e-05
2.437500e+00 1.298997e-01 7.928955e-05
2.468750e+00 1.286833e-01 7.840067e-05
2.500000e+00 1.275000e-01 7.754000e-05
2.625000e+00 1.229360e-01 7.425686e-05
2.687500e+00 1.207699e-01 7.271788e-05
2.718750e+00 1.197217e-01 7.197802e-05
2.750000e+00 1.187000e-01 7.126000e-05
2.875000e+00 1.147607e-01 6.850602e-05
2.937500e+00 1.128900e-01 6.720674e-05
2.968750e+00 1.119840e-01 6.657988e-05
3.000000e+00 1.111000e-01 6.597000e-05
3.125000e+00 1.076838e-01 6.362436e-05
3.187500e+00 1.060579e-01 6.251273e-05
3.218750e+00 1.052696e-01 6.197475e-05
3.250000e+00 1.045000e-01 6.145000e-05
3.375000e+00 1.015303e-01 5.942161e-05
3.437500e+00 1.001137e-01 5.845577e-05
3.468750e+00 9.942479e-02 5.798738e-05
3.500000e+00 9.875000e-02 5.753000e-05
3.625000e+00 9.612223e-02 5.576295e-05
3.687500e+00 9.485936e-02 5.492018e-05
3.718750e+00 9.424363e-02 5.451068e-05
3.750000e+00 9.364000e-02 5.411000e-05
3.875000e+00 9.129490e-02 5.255437e-05
3.937500e+00 9.016854e-02 5.180875e-05
3.968750e+00 8.961908e-02 5.144566e-05
4.000000e+00 8.908000e-02 5.109000e-05
4.250000e+00 8.497859e-02 4.840092e-05
4.375000e+00 8.307256e-02 4.716054e-05
4.437500e+00 8.216105e-02 4.656967e-05
4.468750e+00 8.171655e-02 4.628208e-05
4.500000e+00 8.128000e-02 4.600000e-05
4.750000e+00 7.792848e-02 4.383756e-05
4.875000e+00 7.635339e-02 4.282530e-05
4.937500e+00 7.559556e-02 4.233983e-05
5.000000e+00 7.486000e-02 4.187000e-05
5.250000e+00 7.204140e-02 4.008074e-05
5.375000e+00 7.071317e-02 3.924312e-05
5.437500e+00 7.007276e-02 3.884060e-05
5.500000e+00 6.945000e-02 3.845000e-05
5.750000e+00 6.705576e-02 3.695097e-05
5.875000e+00 6.592229e-02 3.624347e-05
5.937500e+00 6.537420e-02 3.590211e-05
6.000000e+00 6.484000e-02 3.557000e-05
6.250000e+00 6.277942e-02 3.429298e-05
6.375000e+00 6.179943e-02 3.368805e-05
6.437500e+00 6.132420e-02 3.339539e-05
6.500000e+00 6.086000e-02 3.311000e-05
6.750000e+00 5.906321e-02 3.200779e-05
6.875000e+00 5.820505e-02 3.148304e-05
6.937500e+00 5.778797e-02 3.122854e-05
7.000000e+00 5.738000e-02 3.098000e-05
7.500000e+00 5.430619e-02 2.911689e-05
7.750000e+00 5.289514e-02 2.826744e-05
7.875000e+00 5.222486e-02 2.786554e-05
7.937500e+00 5.189914e-02 2.767066e-05
8.000000e+00 5.158000e-02 2.748000e-05
8.500000e+00 4.913987e-02 2.602717e-05
8.750000e+00 4.800150e-02 2.535255e-05
8.875000e+00 4.745660e-02 2.503054e-05
8.937500e+00 4.719088e-02 2.487376e-05
9.000000e+00 4.693000e-02 2.472000e-05
9.500000e+00 4.493145e-02 2.354504e-05
9.750000e+00 4.399521e-02 2.299671e-05
9.875000e+00 4.354566e-02 2.273406e-05
9.937500e+00 4.332600e-02 2.260589e-05
1.000000e+01 4.311000e-02 2.248000e-05
1.050000e+01 4.144811e-02 2.151404e-05
1.075000e+01 4.066468e-02 2.106025e-05
1.087500e+01 4.028705e-02 2.084193e-05
1.100000e+01 3.992000e-02 2.063000e-05
1.150000e+01 3.851148e-02 1.981748e-05
1.175000e+01 3.784559e-02 1.943440e-05
1.187500e+01 3.752371e-02 1.924966e-05
1.200000e+01 3.721000e-02 1.907000e-05
1.250000e+01 3.599856e-02 1.837936e-05
1.275000e+01 3.542221e-02 1.805235e-05
1.287500e+01 3.514280e-02 1.789419e-05
1.300000e+01 3.487000e-02 1.774000e-05
1.350000e+01 3.381474e-02 1.714446e-05
1.375000e+01 3.331199e-02 1.686122e-05
1.387500e+01 3.306813e-02 1.672396e-05
1.400000e+01 3.283000e-02 1.659000e-05
1.450000e+01 3.191128e-02 1.607289e-05
1.475000e+01 3.147272e-02 1.582656e-05
1.487500e+01 3.125926e-02 1.570696e-05
1.500000e+01 3.105000e-02 1.559000e-05
1.550000e+01 3.023322e-02 1.513690e-05
1.575000e+01 2.983996e-02 1.491975e-05
1.587500e+01 2.964811e-02 1.481388e-05
1.600000e+01 2.946000e-02 1.471000e-05
1.650000e+01 2.872927e-02 1.430395e-05
1.675000e+01 2.837860e-02 1.410851e-05
1.687500e+01 2.820765e-02 1.401327e-05
1.700000e+01 2.804000e-02 1.392000e-05
1.750000e+01 2.738813e-02 1.355952e-05
1.775000e+01 2.707426e-02 1.338688e-05
1.787500e+01 2.692082e-02 1.330267e-05
1.800000e+01 2.677000e-02 1.322000e-05
1.900000e+01 2.561327e-02 1.258579e-05
1.950000e+01 2.507146e-02 1.228920e-05
1.975000e+01 2.481155e-02 1.214719e-05
1.987500e+01 2.468466e-02 1.207795e-05
2.000000e+01 2.456000e-02 1.201000e-05
2.125000e+01 2.337921e-02 1.137010e-05
2.187500e+01 2.283288e-02 1.107568e-05
2.218750e+01 2.257202e-02 1.093541e-05
2.234375e+01 2.244487e-02 1.086708e-05
2.250000e+01 2.232000e-02 1.080000e-05
2.375000e+01 2.135832e-02 1.028266e-05
2.437500e+01 2.090657e-02 1.003950e-05
2.468750e+01 2.068977e-02 9.922825e-06
2.484375e+01 2.058394e-02 9.865893e-06
2.500000e+01 2.048000e-02 9.810000e-06
2.625000e+01 1.968618e-02 9.383294e-06
2.687500e+01 1.931385e-02 9.183775e-06
2.718750e+01 1.913449e-02 9.087953e-06
2.750000e+01 1.896000e-02 8.995000e-06
2.875000e+01 1.828538e-02 8.638339e-06
2.937500e+01 1.796523e-02 8.470083e-06
2.968750e+01 1.781052e-02 8.388928e-06
3.000000e+01 1.766000e-02 8.310000e-06
3.125000e+01 1.708296e-02 8.006702e-06
3.187500e+01 1.681030e-02 7.863130e-06
3.218750e+01 1.667849e-02 7.793693e-06
3.250000e+01 1.655000e-02 7.726000e-06
3.375000e+01 1.605341e-02 7.464552e-06
3.437500e+01 1.581688e-02 7.340165e-06
3.468750e+01 1.570212e-02 7.279866e-06
3.500000e+01 1.559000e-02 7.221000e-06
3.625000e+01 1.515672e-02 6.993604e-06
3.687500e+01 1.494964e-02 6.885186e-06
3.718750e+01 1.484883e-02 6.832519e-06
3.750000e+01 1.475000e-02 6.781000e-06
3.875000e+01 1.436441e-02 6.581052e-06
3.937500e+01 1.417894e-02 6.485274e-06
3.968750e+01 1.408855e-02 6.438651e-06
4.000000e+01 1.400000e-02 6.393000e-06
4.250000e+01 1.333355e-02 6.048261e-06
4.375000e+01 1.302699e-02 5.889459e-06
4.437500e+01 1.288095e-02 5.813860e-06
4.468750e+01 1.280983e-02 5.777075e-06
4.500000e+01 1.274000e-02 5.741000e-06
4.750000e+01 1.220179e-02 5.464388e-06
4.875000e+01 1.194885e-02 5.334980e-06
4.937500e+01 1.182744e-02 5.272966e-06
5.000000e+01 1.171000e-02 5.213000e-06
5.250000e+01 1.126479e-02 4.985168e-06
5.375000e+01 1.105691e-02 4.878717e-06
5.437500e+01 1.095702e-02 4.827596e-06
5.500000e+01 1.086000e-02 4.778000e-06
5.750000e+01 1.048607e-02 4.587509e-06
5.875000e+01 1.030893e-02 4.497579e-06
5.937500e+01 1.022333e-02 4.454194e-06
6.000000e+01 1.014000e-02 4.412000e-06
6.250000e+01 9.819658e-03 4.249887e-06
6.375000e+01 9.667947e-03 4.173194e-06
6.437500e+01 9.594558e-03 4.136123e-06
6.500000e+01 9.523000e-03 4.100000e-06
6.750000e+01 9.246705e-03 3.960703e-06
6.875000e+01 9.115156e-03 3.894467e-06
6.937500e+01 9.051338e-03 3.862355e-06
7.000000e+01 8.989000e-03 3.831000e-06
7.500000e+01 8.520983e-03 3.595705e-06
7.750000e+01 8.307269e-03 3.488398e-06
7.875000e+01 8.206091e-03 3.437649e-06
7.937500e+01 8.157017e-03 3.413053e-06
8.000000e+01 8.109000e-03 3.389000e-06
8.500000e+01 7.743085e-03 3.206111e-06
8.750000e+01 7.573213e-03 3.121370e-06
8.875000e+01 7.492151e-03 3.080957e-06
8.937500e+01 7.452691e-03 3.061287e-06
9.000000e+01 7.414000e-03 3.042000e-06
9.500000e+01 7.118691e-03 2.894605e-06
9.750000e+01 6.980922e-03 2.825817e-06
9.875000e+01 6.914902e-03 2.792868e-06
1.000000e+02 6.851000e-03 2.761000e-06
1.050000e+02 6.606946e-03 2.639547e-06
1.075000e+02 6.492459e-03 2.582722e-06
1.087500e+02 6.437413e-03 2.555442e-06
1.100000e+02 6.384000e-03 2.529000e-06
1.150000e+02 6.179277e-03 2.427894e-06
1.175000e+02 6.082782e-03 2.380293e-06
1.187500e+02 6.036251e-03 2.357338e-06
1.200000e+02 5.991000e-03 2.335000e-06
1.250000e+02 5.817065e-03 2.248866e-06
1.275000e+02 5.734698e-03 2.208013e-06
1.287500e+02 5.694852e-03 2.188253e-06
1.300000e+02 5.656000e-03 2.169000e-06
1.350000e+02 5.505846e-03 2.094895e-06
1.375000e+02 5.434405e-03 2.059710e-06
1.387500e+02 5.399784e-03 2.042656e-06
1.400000e+02 5.366000e-03 2.026000e-06
1.450000e+02 5.235731e-03 1.961461e-06
1.475000e+02 5.173669e-03 1.930631e-06
1.487500e+02 5.143514e-03 1.915650e-06
1.500000e+02 5.114000e-03 1.901000e-06
1.550000e+02 4.999132e-03 1.844284e-06
1.575000e+02 4.944046e-03 1.817153e-06
1.587500e+02 4.917237e-03 1.803944e-06
1.600000e+02 4.891000e-03 1.791000e-06
1.650000e+02 4.789515e-03 1.740575e-06
1.675000e+02 4.740928e-03 1.716356e-06
1.700000e+02 4.694000e-03 1.693000e-06
1.750000e+02 4.603001e-03 1.648118e-06
1.775000e+02 4.559258e-03 1.626672e-06
1.800000e+02 4.517000e-03 1.606000e-06
1.900000e+02 4.358200e-03 1.528104e-06
1.950000e+02 4.284858e-03 1.491998e-06
1.975000e+02 4.249843e-03 1.474723e-06
2.000000e+02 4.216000e-03 1.458000e-06
2.125000e+02 4.055573e-03 1.378428e-06
2.187500e+02 3.981357e-03 1.341516e-06
2.218750e+02 3.946017e-03 1.323927e-06
2.250000e+02 3.912000e-03 1.307000e-06
2.375000e+02 3.783524e-03 1.243242e-06
2.437500e+02 3.723971e-03 1.213736e-06
2.468750e+02 3.695511e-03 1.199636e-06
2.500000e+02 3.668000e-03 1.186000e-06
2.625000e+02 3.562883e-03 1.133785e-06
2.687500e+02 3.513607e-03 1.109248e-06
2.718750e+02 3.489940e-03 1.097448e-06
2.750000e+02 3.467000e-03 1.086000e-06
2.875000e+02 3.379294e-03 1.042225e-06
2.937500e+02 3.338088e-03 1.021614e-06
2.968750e+02 3.318257e-03 1.011673e-06
3.000000e+02 3.299000e-03 1.002000e-06
3.125000e+02 3.225132e-03 9.646808e-07
3.187500e+02 3.190250e-03 9.469847e-07
3.218750e+02 3.173404e-03 9.384300e-07
3.250000e+02 3.157000e-03 9.301000e-07
3.375000e+02 3.093705e-03 8.980924e-07
3.437500e+02 3.063675e-03 8.829209e-07
3.500000e+02 3.035000e-03 8.684000e-07
3.625000e+02 2.980475e-03 8.405583e-07
3.687500e+02 2.954688e-03 8.273127e-07
3.750000e+02 2.930000e-03 8.146000e-07
3.875000e+02 2.882473e-03 7.901711e-07
3.937500e+02 2.859793e-03 7.785143e-07
4.000000e+02 2.838000e-03 7.673000e-07
4.250000e+02 2.756624e-03 7.252112e-07
4.375000e+02 2.719473e-03 7.058621e-07
4.437500e+02 2.701883e-03 6.966609e-07
4.500000e+02 2.685000e-03 6.878000e-07
4.750000e+02 2.621233e-03 6.541335e-07
4.875000e+02 2.591706e-03 6.384559e-07
4.937500e+02 2.577610e-03 6.309533e-07
5.000000e+02 2.564000e-03 6.237000e-07
5.250000e+02 2.511997e-03 5.960729e-07
5.375000e+02 2.487748e-03 5.831409e-07
5.500000e+02 2.465000e-03 5.709000e-07
5.750000e+02 2.422813e-03 5.477108e-07
5.875000e+02 2.403339e-03 5.368286e-07
6.000000e+02 2.385000e-03 5.265000e-07
6.250000e+02 2.350080e-03 5.068794e-07
6.375000e+02 2.333634e-03 4.976270e-07
6.500000e+02 2.318000e-03 4.888000e-07
6.750000e+02 2.288277e-03 4.718982e-07
6.875000e+02 2.274289e-03 4.638765e-07
7.000000e+02 2.261000e-03 4.562000e-07
7.500000e+02 2.212300e-03 4.277413e-07
7.750000e+02 2.190641e-03 4.148354e-07
8.000000e+02 2.171000e-03 4.029000e-07
8.500000e+02 2.135492e-03 3.807073e-07
8.750000e+02 2.119593e-03 3.705113e-07
9.000000e+02 2.105000e-03 3.610000e-07
1.000000e+03 2.054000e-03 3.273000e-07
