2.857143e-03 1.959000e+00 1.773000e+00
3.142857e-03 2.023000e+00 1.720000e+00
3.285714e-03 2.045225e+00 1.694475e+00
3.428571e-03 2.061000e+00 1.670000e+00
3.571428e-03 2.073261e+00 1.646494e+00
3.714286e-03 2.082000e+00 1.624000e+00
4.000000e-03 2.093000e+00 1.581000e+00
4.285714e-03 2.100000e+00 1.540000e+00
4.571429e-03 2.105000e+00 1.501000e+00
4.857143e-03 2.108000e+00 1.465000e+00
5.142857e-03 2.112000e+00 1.431000e+00
5.714286e-03 2.123000e+00 1.367000e+00
6.428571e-03 2.144000e+00 1.297000e+00
6.785714e-03 2.158350e+00 1.264950e+00
7.142857e-03 2.176000e+00 1.235000e+00
7.500000e-03 2.196099e+00 1.206192e+00
7.678572e-03 2.207169e+00 1.192357e+00
7.857143e-03 2.219000e+00 1.179000e+00
8.214286e-03 2.243853e+00 1.153259e+00
8.392857e-03 2.257075e+00 1.140923e+00
8.571429e-03 2.271000e+00 1.129000e+00
8.928571e-03 2.300400e+00 1.105976e+00
9.107143e-03 2.315903e+00 1.094855e+00
9.285714e-03 2.332000e+00 1.084000e+00
9.642857e-03 2.365173e+00 1.062510e+00
9.821428e-03 2.382346e+00 1.052077e+00
1.000000e-02 2.400000e+00 1.042000e+00
1.035714e-02 2.436265e+00 1.022962e+00
1.053572e-02 2.454926e+00 1.013870e+00
1.071429e-02 2.474000e+00 1.005000e+00
1.107143e-02 2.512897e+00 9.872648e-01
1.125000e-02 2.532775e+00 9.785372e-01
1.142857e-02 2.553000e+00 9.700000e-01
1.214286e-02 2.636144e+00 9.377960e-01
1.250000e-02 2.679067e+00 9.227742e-01
1.267857e-02 2.700901e+00 9.155428e-01
1.285714e-02 2.723000e+00 9.085000e-01
1.357142e-02 2.812916e+00 8.811432e-01
1.392857e-02 2.858688e+00 8.680624e-01
1.410714e-02 2.881777e+00 8.617086e-01
1.428571e-02 2.905000e+00 8.555000e-01
1.500000e-02 2.998395e+00 8.315122e-01
1.535714e-02 3.045506e+00 8.200792e-01
1.553572e-02 3.069198e+00 8.145279e-01
1.571429e-02 3.093000e+00 8.091000e-01
1.642858e-02 3.189078e+00 7.880734e-01
1.678572e-02 3.237466e+00 7.780076e-01
1.696429e-02 3.261721e+00 7.731052e-01
1.714286e-02 3.286000e+00 7.683000e-01
1.785714e-02 3.382973e+00 7.495843e-01
1.821429e-02 3.431459e+00 7.405879e-01
1.839286e-02 3.455719e+00 7.362010e-01
1.857143e-02 3.480000e+00 7.319000e-01
1.928572e-02 3.577462e+00 7.151969e-01
1.964286e-02 3.626255e+00 7.071689e-01
1.982143e-02 3.650639e+00 7.032492e-01
2.000000e-02 3.675000e+00 6.994000e-01
2.142857e-02 3.869128e+00 6.699981e-01
2.214286e-02 3.965437e+00 6.562649e-01
2.250000e-02 4.013328e+00 6.496787e-01
2.267857e-02 4.037195e+00 6.464622e-01
2.285714e-02 4.061000e+00 6.433000e-01
2.428571e-02 4.250464e+00 6.189664e-01
2.500000e-02 4.344217e+00 6.074973e-01
2.535715e-02 4.390751e+00 6.019704e-01
2.553572e-02 4.413915e+00 5.992645e-01
2.571429e-02 4.437000e+00 5.966000e-01
2.714286e-02 4.620354e+00 5.760303e-01
2.785714e-02 4.710780e+00 5.662903e-01
2.821429e-02 4.755565e+00 5.615835e-01
2.857143e-02 4.800000e+00 5.570000e-01
3.000000e-02 4.975571e+00 5.393671e-01
3.071429e-02 5.061889e+00 5.310037e-01
3.107143e-02 5.104610e+00 5.269533e-01
3.142857e-02 5.147000e+00 5.230000e-01
3.285714e-02 5.314939e+00 5.077041e-01
3.357143e-02 5.397582e+00 5.004074e-01
3.392857e-02 5.438467e+00 4.968640e-01
3.428571e-02 5.479000e+00 4.934000e-01
3.571428e-02 5.639041e+00 4.799893e-01
3.642857e-02 5.717620e+00 4.735768e-01
3.678572e-02 5.756475e+00 4.704564e-01
3.714286e-02 5.795000e+00 4.674000e-01
3.857143e-02 5.947449e+00 4.555135e-01
3.928571e-02 6.022338e+00 4.498072e-01
3.964286e-02 6.059345e+00 4.470261e-01
4.000000e-02 6.096000e+00 4.443000e-01
4.142857e-02 6.240420e+00 4.337129e-01
4.214285e-02 6.311247e+00 4.286247e-01
4.250000e-02 6.346267e+00 4.261403e-01
4.285714e-02 6.381000e+00 4.237000e-01
4.428572e-02 6.518645e+00 4.141648e-01
4.500000e-02 6.586352e+00 4.095615e-01
4.535715e-02 6.619830e+00 4.073110e-01
4.571429e-02 6.653000e+00 4.051000e-01
4.714286e-02 6.783738e+00 3.964931e-01
4.785714e-02 6.847861e+00 3.923387e-01
4.857143e-02 6.911000e+00 3.883000e-01
5.000000e-02 7.035581e+00 3.804205e-01
5.071428e-02 7.096771e+00 3.766063e-01
5.142857e-02 7.157000e+00 3.729000e-01
5.428571e-02 7.391342e+00 3.588274e-01
5.571429e-02 7.504322e+00 3.522438e-01
5.642857e-02 7.559606e+00 3.490771e-01
5.714286e-02 7.614000e+00 3.460000e-01
6.071428e-02 7.879087e+00 3.312936e-01
6.250000e-02 8.006649e+00 3.244069e-01
6.339285e-02 8.068908e+00 3.211016e-01
6.428571e-02 8.130000e+00 3.179000e-01
6.785714e-02 8.367697e+00 3.056837e-01
6.964286e-02 8.482132e+00 2.999473e-01
7.053571e-02 8.538051e+00 2.971850e-01
7.142857e-02 8.593000e+00 2.945000e-01
7.500000e-02 8.807505e+00 2.841637e-01
7.678572e-02 8.911204e+00 2.792693e-01
7.767857e-02 8.961999e+00 2.769038e-01
7.857143e-02 9.012000e+00 2.746000e-01
8.214286e-02 9.207767e+00 2.657340e-01
8.392858e-02 9.302653e+00 2.615271e-01
8.571429e-02 9.395000e+00 2.575000e-01
8.928572e-02 9.574486e+00 2.497864e-01
9.107143e-02 9.661358e+00 2.461191e-01
9.285714e-02 9.746000e+00 2.426000e-01
9.642857e-02 9.911321e+00 2.358404e-01
9.821429e-02 9.991627e+00 2.326121e-01
1.000000e-01 1.007000e+01 2.295000e-01
1.035715e-01 1.022294e+01 2.234752e-01
1.053572e-01 1.029729e+01 2.205859e-01
1.071429e-01 1.037000e+01 2.178000e-01
1.107143e-01 1.051245e+01 2.124402e-01
1.125000e-01 1.058194e+01 2.098754e-01
1.142857e-01 1.065000e+01 2.074000e-01
1.214285e-01 1.091278e+01 1.980366e-01
1.250000e-01 1.103850e+01 1.936896e-01
1.267857e-01 1.109980e+01 1.916106e-01
1.285714e-01 1.116000e+01 1.896000e-01
1.357142e-01 1.139655e+01 1.819205e-01
1.392857e-01 1.151049e+01 1.783164e-01
1.428571e-01 1.162000e+01 1.749000e-01
1.500000e-01 1.182663e+01 1.684355e-01
1.535714e-01 1.192481e+01 1.653960e-01
1.571429e-01 1.202000e+01 1.625000e-01
1.642858e-01 1.220822e+01 1.569458e-01
1.678572e-01 1.230021e+01 1.543129e-01
1.714286e-01 1.239000e+01 1.518000e-01
1.785714e-01 1.256489e+01 1.470186e-01
1.821429e-01 1.264898e+01 1.447592e-01
1.857143e-01 1.273000e+01 1.426000e-01
1.928572e-01 1.288443e+01 1.384645e-01
1.964286e-01 1.295829e+01 1.364947e-01
2.000000e-01 1.303000e+01 1.346000e-01
2.142857e-01 1.330943e+01 1.274587e-01
2.214286e-01 1.344275e+01 1.241687e-01
2.285714e-01 1.357000e+01 1.211000e-01
2.428572e-01 1.381050e+01 1.153969e-01
2.500000e-01 1.392316e+01 1.127674e-01
2.571429e-01 1.403000e+01 1.103000e-01
2.714286e-01 1.423279e+01 1.056426e-01
2.785714e-01 1.432851e+01 1.034639e-01
2.857143e-01 1.442000e+01 1.014000e-01
3.000000e-01 1.459575e+01 9.747620e-02
3.071428e-01 1.467951e+01 9.563128e-02
3.142857e-01 1.476000e+01 9.388000e-02
3.285714e-01 1.491525e+01 9.056061e-02
3.428571e-01 1.506000e+01 8.751000e-02
3.571429e-01 1.519438e+01 8.465544e-02
3.714286e-01 1.532000e+01 8.202000e-02
3.857143e-01 1.544388e+01 7.953230e-02
4.000000e-01 1.556000e+01 7.722000e-02
4.142857e-01 1.566466e+01 7.503726e-02
4.285714e-01 1.576000e+01 7.300000e-02
4.428572e-01 1.585177e+01 7.105988e-02
4.571429e-01 1.594000e+01 6.924000e-02
4.714286e-01 1.602771e+01 6.751355e-02
4.857143e-01 1.611000e+01 6.589000e-02
5.142857e-01 1.625000e+01 6.286000e-02
5.428571e-01 1.638163e+01 6.010085e-02
5.714286e-01 1.650000e+01 5.763000e-02
6.071429e-01 1.662948e+01 5.479958e-02
6.428571e-01 1.674000e+01 5.228000e-02
6.785714e-01 1.684158e+01 4.997349e-02
7.142857e-01 1.693000e+01 4.790000e-02
7.857143e-01 1.707000e+01 4.424000e-02
8.571429e-01 1.718000e+01 4.113000e-02
9.285714e-01 1.725000e+01 3.846000e-02
1.000000e+00 1.731000e+01 3.614000e-02
1.071429e+00 1.734000e+01 3.410000e-02
1.142857e+00 1.735000e+01 3.229000e-02
1.285714e+00 1.734000e+01 2.923000e-02
1.428571e+00 1.728000e+01 2.673000e-02
1.571429e+00 1.719000e+01 2.464000e-02
1.714286e+00 1.707000e+01 2.288000e-02
1.857143e+00 1.694000e+01 2.137000e-02
2.000000e+00 1.679000e+01 2.005000e-02
2.142857e+00 1.660375e+01 1.888693e-02
2.214285e+00 1.649671e+01 1.836379e-02
2.285714e+00 1.638000e+01 1.788000e-02
2.428572e+00 1.612165e+01 1.696873e-02
2.500000e+00 1.598906e+01 1.654601e-02
2.571429e+00 1.586000e+01 1.615000e-02
2.714286e+00 1.562985e+01 1.541262e-02
2.785715e+00 1.552352e+01 1.507142e-02
2.857143e+00 1.542000e+01 1.475000e-02
3.000000e+00 1.520636e+01 1.413929e-02
3.071428e+00 1.509809e+01 1.385231e-02
3.142857e+00 1.499000e+01 1.358000e-02
3.285714e+00 1.477783e+01 1.306322e-02
3.357142e+00 1.467342e+01 1.282046e-02
3.428571e+00 1.457000e+01 1.259000e-02
3.571428e+00 1.436266e+01 1.215352e-02
3.642857e+00 1.426033e+01 1.194743e-02
3.714286e+00 1.416000e+01 1.175000e-02
3.857143e+00 1.396733e+01 1.136753e-02
3.928571e+00 1.387336e+01 1.118490e-02
4.000000e+00 1.378000e+01 1.101000e-02
4.142857e+00 1.358894e+01 1.067793e-02
4.214285e+00 1.349362e+01 1.052078e-02
4.285714e+00 1.340000e+01 1.037000e-02
4.428572e+00 1.322132e+01 1.007861e-02
4.500000e+00 1.313499e+01 9.938882e-03
4.571429e+00 1.305000e+01 9.804000e-03
4.714286e+00 1.287875e+01 9.543497e-03
4.785714e+00 1.279375e+01 9.418596e-03
4.857143e+00 1.271000e+01 9.298000e-03
5.000000e+00 1.254719e+01 9.065033e-03
5.071428e+00 1.246790e+01 8.953175e-03
5.142857e+00 1.239000e+01 8.845000e-03
5.428572e+00 1.208378e+01 8.435195e-03
5.571429e+00 1.193495e+01 8.244572e-03
5.642857e+00 1.186192e+01 8.153309e-03
5.714286e+00 1.179000e+01 8.065000e-03
6.071428e+00 1.143973e+01 7.647266e-03
6.250000e+00 1.127174e+01 7.454008e-03
6.339285e+00 1.118999e+01 7.361860e-03
6.428571e+00 1.111000e+01 7.273000e-03
6.785714e+00 1.080046e+01 6.935568e-03
6.964286e+00 1.065250e+01 6.778300e-03
7.053571e+00 1.058051e+01 6.702947e-03
7.142857e+00 1.051000e+01 6.630000e-03
7.500000e+00 1.023602e+01 6.351107e-03
7.678572e+00 1.010436e+01 6.220142e-03
7.767857e+00 1.004010e+01 6.157144e-03
7.857143e+00 9.977000e+00 6.096000e-03
8.214286e+00 9.730705e+00 5.861744e-03
8.392857e+00 9.611960e+00 5.751250e-03
8.482143e+00 9.553952e+00 5.697919e-03
8.571429e+00 9.497000e+00 5.646000e-03
8.928572e+00 9.275277e+00 5.445767e-03
9.107143e+00 9.168483e+00 5.350762e-03
9.196428e+00 9.116289e+00 5.304797e-03
9.285714e+00 9.065000e+00 5.260000e-03
9.642857e+00 8.864674e+00 5.087529e-03
9.821428e+00 8.767906e+00 5.005580e-03
9.910714e+00 8.720556e+00 4.965838e-03
1.000000e+01 8.674000e+00 4.927000e-03
1.035714e+01 8.492171e+00 4.776378e-03
1.053572e+01 8.404309e+00 4.704330e-03
1.062500e+01 8.361302e+00 4.669290e-03
1.071429e+01 8.319000e+00 4.635000e-03
1.107143e+01 8.153763e+00 4.502014e-03
1.125000e+01 8.073795e+00 4.438341e-03
1.142857e+01 7.996000e+00 4.377000e-03
1.214286e+01 7.698656e+00 4.147276e-03
1.250000e+01 7.558841e+00 4.041705e-03
1.267857e+01 7.491482e+00 3.991457e-03
1.285714e+01 7.426000e+00 3.943000e-03
1.357142e+01 7.174110e+00 3.758053e-03
1.392857e+01 7.054844e+00 3.671570e-03
1.410714e+01 6.997184e+00 3.630113e-03
1.428571e+01 6.941000e+00 3.590000e-03
1.500000e+01 6.724469e+00 3.437240e-03
1.535714e+01 6.621579e+00 3.365724e-03
1.553572e+01 6.571705e+00 3.331354e-03
1.571429e+01 6.523000e+00 3.298000e-03
1.642857e+01 6.334516e+00 3.169961e-03
1.678572e+01 6.244523e+00 3.109525e-03
1.696429e+01 6.200788e+00 3.080366e-03
1.714286e+01 6.158000e+00 3.052000e-03
1.785714e+01 5.992094e+00 2.942979e-03
1.821429e+01 5.912631e+00 2.891346e-03
1.839286e+01 5.873930e+00 2.866364e-03
1.857143e+01 5.836000e+00 2.842000e-03
1.928571e+01 5.688422e+00 2.747844e-03
1.964286e+01 5.617502e+00 2.702998e-03
1.982143e+01 5.582915e+00 2.681244e-03
2.000000e+01 5.549000e+00 2.660000e-03
2.142857e+01 5.291909e+00 2.500877e-03
2.214286e+01 5.172833e+00 2.428324e-03
2.250000e+01 5.115955e+00 2.393976e-03
2.267857e+01 5.088229e+00 2.377312e-03
2.285714e+01 5.061000e+00 2.361000e-03
2.428571e+01 4.851589e+00 2.236314e-03
2.500000e+01 4.753163e+00 2.178326e-03
2.535715e+01 4.705855e+00 2.150656e-03
2.571429e+01 4.660000e+00 2.124000e-03
2.714286e+01 4.485211e+00 2.023496e-03
2.785714e+01 4.403099e+00 1.976894e-03
2.821429e+01 4.363519e+00 1.954593e-03
2.857143e+01 4.325000e+00 1.933000e-03
3.000000e+01 4.176240e+00 1.850043e-03
3.071429e+01 4.105566e+00 1.810991e-03
3.107143e+01 4.071353e+00 1.792209e-03
3.142857e+01 4.038000e+00 1.774000e-03
3.285714e+01 3.909477e+00 1.704604e-03
3.357143e+01 3.848440e+00 1.672007e-03
3.392857e+01 3.818867e+00 1.656294e-03
3.428571e+01 3.790000e+00 1.641000e-03
3.571429e+01 3.678317e+00 1.581947e-03
3.642857e+01 3.625078e+00 1.553872e-03
3.678572e+01 3.599242e+00 1.540271e-03
3.714286e+01 3.574000e+00 1.527000e-03
3.857143e+01 3.476392e+00 1.475730e-03
3.928571e+01 3.429803e+00 1.451345e-03
3.964286e+01 3.407159e+00 1.439529e-03
4.000000e+01 3.385000e+00 1.428000e-03
4.142857e+01 3.299235e+00 1.383537e-03
4.214285e+01 3.258017e+00 1.362357e-03
4.250000e+01 3.237853e+00 1.352068e-03
4.285714e+01 3.218000e+00 1.342000e-03
4.428571e+01 3.139919e+00 1.302833e-03
4.500000e+01 3.101961e+00 1.284063e-03
4.535715e+01 3.083338e+00 1.274933e-03
4.571429e+01 3.065000e+00 1.266000e-03
4.714286e+01 2.993179e+00 1.231521e-03
4.785715e+01 2.958515e+00 1.215002e-03
4.821429e+01 2.941593e+00 1.206935e-03
4.857143e+01 2.925000e+00 1.199000e-03
5.000000e+01 2.860739e+00 1.167772e-03
5.071429e+01 2.829885e+00 1.152644e-03
5.107143e+01 2.814814e+00 1.145251e-03
5.142857e+01 2.800000e+00 1.138000e-03
5.428571e+01 2.686055e+00 1.083554e-03
5.571429e+01 2.632551e+00 1.058506e-03
5.642857e+01 2.606864e+00 1.046556e-03
5.714286e+01 2.582000e+00 1.035000e-03
6.071428e+01 2.465263e+00 9.799713e-04
6.250000e+01 2.411466e+00 9.543875e-04
6.339285e+01 2.385801e+00 9.421745e-04
6.383928e+01 2.373291e+00 9.362291e-04
6.428571e+01 2.361000e+00 9.304000e-04
6.785714e+01 2.266059e+00 8.859383e-04
6.964285e+01 2.221321e+00 8.652187e-04
7.053571e+01 2.199820e+00 8.552972e-04
7.142857e+01 2.179000e+00 8.457000e-04
7.500000e+01 2.099906e+00 8.090965e-04
7.678572e+01 2.062956e+00 7.919438e-04
7.767857e+01 2.045213e+00 7.836994e-04
7.857143e+01 2.028000e+00 7.757000e-04
8.214286e+01 1.961999e+00 7.450295e-04
8.392858e+01 1.930798e+00 7.305652e-04
8.482143e+01 1.915711e+00 7.235877e-04
8.571429e+01 1.901000e+00 7.168000e-04
8.928572e+01 1.844039e+00 6.906829e-04
9.107143e+01 1.816929e+00 6.783123e-04
9.196428e+01 1.803799e+00 6.723301e-04
9.285714e+01 1.791000e+00 6.665000e-04
9.642857e+01 1.741757e+00 6.440220e-04
9.821429e+01 1.718386e+00 6.333377e-04
9.910714e+01 1.707061e+00 6.281582e-04
1.000000e+02 1.696000e+00 6.231000e-04
1.035714e+02 1.653143e+00 6.035256e-04
1.053572e+02 1.632672e+00 5.941815e-04
1.062500e+02 1.622726e+00 5.896411e-04
1.071429e+02 1.613000e+00 5.852000e-04
1.107143e+02 1.575367e+00 5.679801e-04
1.125000e+02 1.557361e+00 5.597379e-04
1.133929e+02 1.548593e+00 5.557270e-04
1.142857e+02 1.540000e+00 5.518000e-04
1.214286e+02 1.474626e+00 5.221384e-04
1.250000e+02 1.444341e+00 5.084736e-04
1.267857e+02 1.429906e+00 5.019686e-04
1.285714e+02 1.416000e+00 4.957000e-04
1.357142e+02 1.363422e+00 4.718693e-04
1.392857e+02 1.339001e+00 4.607624e-04
1.410714e+02 1.327313e+00 4.554441e-04
1.428571e+02 1.316000e+00 4.503000e-04
1.500000e+02 1.272683e+00 4.306906e-04
1.535714e+02 1.252316e+00 4.215030e-04
1.553572e+02 1.242515e+00 4.170864e-04
1.571429e+02 1.233000e+00 4.128000e-04
1.642858e+02 1.196554e+00 3.963462e-04
1.678572e+02 1.179367e+00 3.885836e-04
1.696429e+02 1.171073e+00 3.848400e-04
1.714286e+02 1.163000e+00 3.812000e-04
1.785714e+02 1.131828e+00 3.672210e-04
1.821429e+02 1.117060e+00 3.606097e-04
1.839286e+02 1.109931e+00 3.574140e-04
1.857143e+02 1.103000e+00 3.543000e-04
1.928571e+02 1.076501e+00 3.422876e-04
1.964286e+02 1.063979e+00 3.365744e-04
1.982143e+02 1.057918e+00 3.338045e-04
2.000000e+02 1.052000e+00 3.311000e-04
2.142857e+02 1.007257e+00 3.108186e-04
2.214286e+02 9.867328e-01 3.015706e-04
2.250000e+02 9.770135e-01 2.971958e-04
2.285714e+02 9.677000e-01 2.930000e-04
2.428571e+02 9.327836e-01 2.771586e-04
2.500000e+02 9.167519e-01 2.698414e-04
2.535715e+02 9.091334e-01 2.663567e-04
2.571429e+02 9.018000e-01 2.630000e-04
2.857143e+02 8.488000e-01 2.388000e-04
