1.351351e-03 7.455000e-01 5.051000e+00
1.486486e-03 7.819000e-01 5.012000e+00
1.554054e-03 7.994750e-01 4.991450e+00
1.587838e-03 8.080950e-01 4.980850e+00
1.604730e-03 8.123619e-01 4.975458e+00
1.621622e-03 8.166000e-01 4.970000e+00
1.689189e-03 8.334471e-01 4.947805e+00
1.722973e-03 8.417721e-01 4.936486e+00
1.756757e-03 8.500000e-01 4.925000e+00
1.824325e-03 8.664077e-01 4.901694e+00
1.858108e-03 8.743949e-01 4.889894e+00
1.891892e-03 8.821000e-01 4.878000e+00
1.959459e-03 8.969463e-01 4.854053e+00
1.993243e-03 9.038129e-01 4.842033e+00
2.027027e-03 9.101000e-01 4.830000e+00
2.094594e-03 9.205060e-01 4.806046e+00
2.128378e-03 9.252860e-01 4.794053e+00
2.162162e-03 9.302000e-01 4.782000e+00
2.229729e-03 9.416507e-01 4.757536e+00
2.263513e-03 9.480083e-01 4.745248e+00
2.297297e-03 9.547000e-01 4.733000e+00
2.364865e-03 9.682779e-01 4.708887e+00
2.398648e-03 9.752173e-01 4.696935e+00
2.432432e-03 9.823000e-01 4.685000e+00
2.567567e-03 1.011817e+00 4.636503e+00
2.635135e-03 1.027203e+00 4.612165e+00
2.668919e-03 1.035051e+00 4.600044e+00
2.702703e-03 1.043000e+00 4.588000e+00
2.871622e-03 1.083696e+00 4.529187e+00
2.956081e-03 1.104338e+00 4.500427e+00
2.998311e-03 1.114679e+00 4.486180e+00
3.040541e-03 1.125000e+00 4.472000e+00
3.209460e-03 1.165838e+00 4.415087e+00
3.293919e-03 1.186006e+00 4.386850e+00
3.336148e-03 1.196025e+00 4.372859e+00
3.378378e-03 1.206000e+00 4.359000e+00
3.547297e-03 1.245788e+00 4.304721e+00
3.631757e-03 1.265500e+00 4.278173e+00
3.673986e-03 1.275283e+00 4.265042e+00
3.716216e-03 1.285000e+00 4.252000e+00
3.885135e-03 1.323537e+00 4.199960e+00
3.969594e-03 1.342452e+00 4.174272e+00
4.011824e-03 1.351781e+00 4.161570e+00
4.054054e-03 1.361000e+00 4.149000e+00
4.222973e-03 1.397122e+00 4.099765e+00
4.307432e-03 1.414730e+00 4.075701e+00
4.349662e-03 1.423409e+00 4.063806e+00
4.391892e-03 1.432000e+00 4.052000e+00
4.560811e-03 1.466036e+00 4.005004e+00
4.645270e-03 1.482701e+00 3.981823e+00
4.687500e-03 1.490906e+00 3.970357e+00
4.729730e-03 1.499000e+00 3.959000e+00
4.898649e-03 1.530681e+00 3.914364e+00
4.983108e-03 1.546040e+00 3.892512e+00
5.067568e-03 1.561000e+00 3.871000e+00
5.236487e-03 1.590121e+00 3.828505e+00
5.320946e-03 1.604237e+00 3.807602e+00
5.405405e-03 1.618000e+00 3.787000e+00
5.743243e-03 1.670960e+00 3.706522e+00
5.912162e-03 1.696046e+00 3.667669e+00
5.996622e-03 1.708177e+00 3.648669e+00
6.081081e-03 1.720000e+00 3.630000e+00
6.418919e-03 1.765628e+00 3.557204e+00
6.587838e-03 1.787294e+00 3.522079e+00
6.672298e-03 1.797779e+00 3.504896e+00
6.756757e-03 1.808000e+00 3.488000e+00
7.094595e-03 1.847221e+00 3.422046e+00
7.263513e-03 1.865921e+00 3.390113e+00
7.432432e-03 1.884000e+00 3.359000e+00
7.770270e-03 1.919352e+00 3.298256e+00
7.939189e-03 1.936444e+00 3.268766e+00
8.108108e-03 1.953000e+00 3.240000e+00
8.445946e-03 1.984715e+00 3.183805e+00
8.614865e-03 2.000013e+00 3.156546e+00
8.783784e-03 2.015000e+00 3.130000e+00
9.121621e-03 2.044768e+00 3.078384e+00
9.290540e-03 2.059473e+00 3.053380e+00
9.459459e-03 2.074000e+00 3.029000e+00
1.013513e-02 2.130351e+00 2.935120e+00
1.047297e-02 2.157821e+00 2.890587e+00
1.064189e-02 2.171434e+00 2.869029e+00
1.081081e-02 2.185000e+00 2.848000e+00
1.148649e-02 2.239317e+00 2.766807e+00
1.182432e-02 2.266588e+00 2.728132e+00
1.199324e-02 2.280272e+00 2.709356e+00
1.216216e-02 2.294000e+00 2.691000e+00
1.283783e-02 2.349100e+00 2.619818e+00
1.317567e-02 2.376906e+00 2.585769e+00
1.334459e-02 2.390909e+00 2.569208e+00
1.351351e-02 2.405000e+00 2.553000e+00
1.418918e-02 2.461770e+00 2.490160e+00
1.452702e-02 2.490630e+00 2.460052e+00
1.469594e-02 2.505239e+00 2.445383e+00
1.486486e-02 2.520000e+00 2.431000e+00
1.554054e-02 2.580099e+00 2.375003e+00
1.587838e-02 2.610800e+00 2.348062e+00
1.604730e-02 2.626334e+00 2.334910e+00
1.621622e-02 2.642000e+00 2.322000e+00
1.689190e-02 2.705214e+00 2.271789e+00
1.722973e-02 2.737346e+00 2.247561e+00
1.739865e-02 2.753596e+00 2.235692e+00
1.756757e-02 2.770000e+00 2.224000e+00
1.824324e-02 2.836618e+00 2.177975e+00
1.858108e-02 2.870562e+00 2.155651e+00
1.875000e-02 2.887715e+00 2.144727e+00
1.891892e-02 2.905000e+00 2.134000e+00
1.959459e-02 2.974708e+00 2.092413e+00
1.993243e-02 3.010092e+00 2.072411e+00
2.010135e-02 3.027969e+00 2.062628e+00
2.027027e-02 3.046000e+00 2.053000e+00
2.094595e-02 3.119120e+00 2.015223e+00
2.128378e-02 3.156313e+00 1.996876e+00
2.145270e-02 3.175090e+00 1.987872e+00
2.162162e-02 3.194000e+00 1.979000e+00
2.229730e-02 3.270266e+00 1.944289e+00
2.263513e-02 3.308902e+00 1.927441e+00
2.280405e-02 3.328385e+00 1.919165e+00
2.297297e-02 3.348000e+00 1.911000e+00
2.364864e-02 3.427275e+00 1.878889e+00
2.398648e-02 3.467432e+00 1.863256e+00
2.415540e-02 3.487660e+00 1.855574e+00
2.432432e-02 3.508000e+00 1.848000e+00
2.567568e-02 3.672761e+00 1.789843e+00
2.635135e-02 3.756709e+00 1.762336e+00
2.668919e-02 3.799167e+00 1.749014e+00
2.685811e-02 3.820533e+00 1.742467e+00
2.702703e-02 3.842000e+00 1.736000e+00
2.871622e-02 4.059612e+00 1.673173e+00
2.956082e-02 4.170487e+00 1.643356e+00
2.998311e-02 4.226523e+00 1.628969e+00
3.019426e-02 4.254704e+00 1.621928e+00
3.040541e-02 4.283000e+00 1.615000e+00
3.209460e-02 4.511417e+00 1.561942e+00
3.293919e-02 4.627104e+00 1.536918e+00
3.336148e-02 4.685387e+00 1.524815e+00
3.357263e-02 4.714650e+00 1.518871e+00
3.378378e-02 4.744000e+00 1.513000e+00
3.547297e-02 4.980591e+00 1.467085e+00
3.631756e-02 5.099939e+00 1.445087e+00
3.673986e-02 5.159881e+00 1.434412e+00
3.695101e-02 5.189918e+00 1.429170e+00
3.716216e-02 5.220000e+00 1.424000e+00
3.885135e-02 5.461315e+00 1.384136e+00
3.969594e-02 5.582457e+00 1.365192e+00
4.011824e-02 5.643173e+00 1.355997e+00
4.032939e-02 5.673572e+00 1.351473e+00
4.054054e-02 5.704000e+00 1.347000e+00
4.222973e-02 5.948121e+00 1.312072e+00
4.307432e-02 6.070493e+00 1.295259e+00
4.349662e-02 6.131735e+00 1.287052e+00
4.391892e-02 6.193000e+00 1.279000e+00
4.560811e-02 6.438076e+00 1.247668e+00
4.645270e-02 6.560571e+00 1.232592e+00
4.687500e-02 6.621796e+00 1.225230e+00
4.729730e-02 6.683000e+00 1.218000e+00
4.898649e-02 6.927940e+00 1.189749e+00
4.983108e-02 7.050167e+00 1.176142e+00
5.025338e-02 7.111149e+00 1.169505e+00
5.067568e-02 7.172000e+00 1.163000e+00
5.236486e-02 7.414428e+00 1.137819e+00
5.320946e-02 7.534985e+00 1.125725e+00
5.363175e-02 7.595067e+00 1.119814e+00
5.405405e-02 7.655000e+00 1.114000e+00
5.743243e-02 8.132315e+00 1.069165e+00
5.912162e-02 8.368473e+00 1.048033e+00
5.996622e-02 8.485631e+00 1.037864e+00
6.038851e-02 8.543926e+00 1.032891e+00
6.081081e-02 8.602000e+00 1.028000e+00
6.418919e-02 9.062703e+00 9.904251e-01
6.587838e-02 9.289521e+00 9.727268e-01
6.672297e-02 9.401744e+00 9.641954e-01
6.714527e-02 9.457504e+00 9.600167e-01
6.756757e-02 9.513000e+00 9.559000e-01
7.094594e-02 9.951721e+00 9.240687e-01
7.263513e-02 1.016736e+01 9.089547e-01
7.347973e-02 1.027409e+01 9.016370e-01
7.390202e-02 1.032715e+01 8.980445e-01
7.432432e-02 1.038000e+01 8.945000e-01
7.770270e-02 1.080015e+01 8.670018e-01
7.939189e-02 1.100688e+01 8.538870e-01
8.023648e-02 1.110899e+01 8.475208e-01
8.108108e-02 1.121000e+01 8.413000e-01
8.445946e-02 1.160688e+01 8.172325e-01
8.614865e-02 1.180045e+01 8.057441e-01
8.699324e-02 1.189577e+01 8.001614e-01
8.783784e-02 1.199000e+01 7.947000e-01
9.121622e-02 1.236063e+01 7.735232e-01
9.290540e-02 1.254192e+01 7.633796e-01
9.375000e-02 1.263140e+01 7.584398e-01
9.459459e-02 1.272000e+01 7.536000e-01
1.013513e-01 1.341415e+01 7.169282e-01
1.047297e-01 1.374817e+01 6.999768e-01
1.064189e-01 1.391084e+01 6.918949e-01
1.072635e-01 1.399090e+01 6.879601e-01
1.081081e-01 1.407000e+01 6.841000e-01
1.148648e-01 1.468365e+01 6.545321e-01
1.182432e-01 1.497713e+01 6.406857e-01
1.199324e-01 1.512000e+01 6.340392e-01
1.216216e-01 1.526000e+01 6.276000e-01
1.283784e-01 1.580547e+01 6.030016e-01
1.317567e-01 1.606743e+01 5.914526e-01
1.334459e-01 1.619504e+01 5.858958e-01
1.351351e-01 1.632000e+01 5.805000e-01
1.418918e-01 1.680367e+01 5.597985e-01
1.452702e-01 1.703560e+01 5.500208e-01
1.469594e-01 1.714879e+01 5.452986e-01
1.486486e-01 1.726000e+01 5.407000e-01
1.554054e-01 1.769585e+01 5.229781e-01
1.587838e-01 1.790637e+01 5.145605e-01
1.604730e-01 1.800917e+01 5.104817e-01
1.621622e-01 1.811000e+01 5.065000e-01
1.689190e-01 1.850007e+01 4.910944e-01
1.722973e-01 1.868765e+01 4.837490e-01
1.756757e-01 1.887000e+01 4.767000e-01
1.824324e-01 1.922742e+01 4.632067e-01
1.858108e-01 1.940103e+01 4.567819e-01
1.891892e-01 1.957000e+01 4.506000e-01
1.959460e-01 1.989824e+01 4.386466e-01
1.993243e-01 2.005653e+01 4.329194e-01
2.027027e-01 2.021000e+01 4.274000e-01
2.094594e-01 2.050674e+01 4.167903e-01
2.128378e-01 2.065012e+01 4.117109e-01
2.162162e-01 2.079000e+01 4.068000e-01
2.229730e-01 2.106432e+01 3.972570e-01
2.263513e-01 2.119838e+01 3.926568e-01
2.297297e-01 2.133000e+01 3.882000e-01
2.364865e-01 2.158941e+01 3.795740e-01
2.398648e-01 2.171614e+01 3.754227e-01
2.432432e-01 2.184000e+01 3.714000e-01
2.567567e-01 2.231188e+01 3.561122e-01
2.635135e-01 2.253517e+01 3.489651e-01
2.702703e-01 2.275000e+01 3.422000e-01
2.871622e-01 2.327071e+01 3.263022e-01
2.956082e-01 2.352009e+01 3.189304e-01
2.998311e-01 2.364136e+01 3.154067e-01
3.040541e-01 2.376000e+01 3.120000e-01
3.209460e-01 2.421858e+01 2.989788e-01
3.293919e-01 2.443804e+01 2.928740e-01
3.378378e-01 2.465000e+01 2.871000e-01
3.547297e-01 2.506035e+01 2.762318e-01
3.631757e-01 2.525807e+01 2.711415e-01
3.716216e-01 2.545000e+01 2.663000e-01
3.885135e-01 2.582346e+01 2.570105e-01
3.969594e-01 2.600417e+01 2.526054e-01
4.054054e-01 2.618000e+01 2.484000e-01
4.222973e-01 2.652167e+01 2.403973e-01
4.307433e-01 2.668757e+01 2.366152e-01
4.391892e-01 2.685000e+01 2.330000e-01
4.560811e-01 2.717059e+01 2.260736e-01
4.645270e-01 2.732715e+01 2.227743e-01
4.729730e-01 2.748000e+01 2.196000e-01
4.898649e-01 2.777580e+01 2.134691e-01
4.983108e-01 2.791929e+01 2.105321e-01
5.067568e-01 2.806000e+01 2.077000e-01
5.236486e-01 2.833873e+01 2.022361e-01
5.405405e-01 2.861000e+01 1.971000e-01
5.743243e-01 2.912626e+01 1.876257e-01
5.912162e-01 2.937219e+01 1.832772e-01
6.081081e-01 2.961000e+01 1.792000e-01
6.418919e-01 3.007641e+01 1.714552e-01
6.587838e-01 3.030195e+01 1.678271e-01
6.756757e-01 3.052000e+01 1.644000e-01
7.094594e-01 3.093715e+01 1.579615e-01
7.263513e-01 3.113667e+01 1.549538e-01
7.432432e-01 3.133000e+01 1.521000e-01
7.770270e-01 3.170854e+01 1.466419e-01
7.939189e-01 3.189196e+01 1.440605e-01
8.108108e-01 3.207000e+01 1.416000e-01
8.445946e-01 3.241402e+01 1.369260e-01
8.614865e-01 3.257951e+01 1.347162e-01
8.783784e-01 3.274000e+01 1.326000e-01
9.121622e-01 3.305270e+01 1.285201e-01
9.459459e-01 3.335000e+01 1.247000e-01
1.013513e+00 3.390365e+01 1.177087e-01
1.047297e+00 3.415950e+01 1.145380e-01
1.081081e+00 3.440000e+01 1.116000e-01
1.148648e+00 3.485588e+01 1.061166e-01
1.182432e+00 3.506899e+01 1.035812e-01
1.216216e+00 3.527000e+01 1.012000e-01
1.283783e+00 3.564926e+01 9.670501e-02
1.351351e+00 3.599000e+01 9.263000e-02
1.418918e+00 3.629856e+01 8.889102e-02
1.486486e+00 3.657000e+01 8.551000e-02
1.554054e+00 3.681461e+01 8.235820e-02
1.621622e+00 3.703000e+01 7.947000e-02
1.756757e+00 3.740000e+01 7.428000e-02
1.891892e+00 3.768000e+01 6.977000e-02
2.027027e+00 3.790000e+01 6.581000e-02
2.162162e+00 3.801000e+01 6.230000e-02
2.297297e+00 3.791000e+01 5.917000e-02
2.432432e+00 3.769000e+01 5.636000e-02
2.702703e+00 3.745000e+01 5.151000e-02
2.871622e+00 3.724903e+01 4.887882e-02
3.040541e+00 3.701000e+01 4.657000e-02
3.209460e+00 3.675179e+01 4.445320e-02
3.378378e+00 3.647000e+01 4.255000e-02
3.547297e+00 3.616850e+01 4.079355e-02
3.716216e+00 3.585000e+01 3.920000e-02
3.885135e+00 3.552372e+01 3.771586e-02
4.054054e+00 3.519000e+01 3.636000e-02
4.222973e+00 3.485197e+01 3.509903e-02
4.391892e+00 3.451000e+01 3.394000e-02
4.560811e+00 3.416494e+01 3.284599e-02
4.645271e+00 3.399222e+01 3.232719e-02
4.729730e+00 3.382000e+01 3.183000e-02
4.898649e+00 3.347889e+01 3.087391e-02
4.983109e+00 3.330932e+01 3.041802e-02
5.067568e+00 3.314000e+01 2.998000e-02
5.236486e+00 3.279916e+01 2.913860e-02
5.320946e+00 3.262903e+01 2.873689e-02
5.405405e+00 3.246000e+01 2.835000e-02
5.743243e+00 3.179856e+01 2.689299e-02
5.912162e+00 3.147626e+01 2.622023e-02
5.996621e+00 3.131736e+01 2.589948e-02
6.081081e+00 3.116000e+01 2.559000e-02
6.418919e+00 3.053626e+01 2.441039e-02
6.587838e+00 3.023017e+01 2.385942e-02
6.756757e+00 2.993000e+01 2.334000e-02
7.094595e+00 2.934366e+01 2.236466e-02
7.263513e+00 2.905858e+01 2.191007e-02
7.432432e+00 2.878000e+01 2.148000e-02
7.770270e+00 2.823446e+01 2.066247e-02
7.939189e+00 2.796907e+01 2.027714e-02
8.108108e+00 2.771000e+01 1.991000e-02
8.445946e+00 2.720422e+01 1.920893e-02
8.614865e+00 2.695892e+01 1.887709e-02
8.783784e+00 2.672000e+01 1.856000e-02
9.121621e+00 2.625527e+01 1.795339e-02
9.290540e+00 2.602993e+01 1.766555e-02
9.459459e+00 2.581000e+01 1.739000e-02
1.013513e+01 2.495973e+01 1.636715e-02
1.047297e+01 2.455578e+01 1.590187e-02
1.064189e+01 2.436036e+01 1.568162e-02
1.081081e+01 2.417000e+01 1.547000e-02
1.148649e+01 2.343858e+01 1.466451e-02
1.182432e+01 2.309187e+01 1.429030e-02
1.199324e+01 2.292395e+01 1.411184e-02
1.216216e+01 2.276000e+01 1.394000e-02
1.283784e+01 2.212474e+01 1.329293e-02
1.317567e+01 2.182139e+01 1.299291e-02
1.334459e+01 2.167404e+01 1.284924e-02
1.351351e+01 2.153000e+01 1.271000e-02
1.418919e+01 2.097280e+01 1.217382e-02
1.452702e+01 2.070650e+01 1.192058e-02
1.469594e+01 2.057693e+01 1.179853e-02
1.486486e+01 2.045000e+01 1.168000e-02
1.554054e+01 1.995576e+01 1.122638e-02
1.587838e+01 1.971857e+01 1.101289e-02
1.604730e+01 1.960307e+01 1.091001e-02
1.621622e+01 1.949000e+01 1.081000e-02
1.689189e+01 1.905322e+01 1.042552e-02
1.722973e+01 1.884356e+01 1.024359e-02
1.739865e+01 1.874100e+01 1.015566e-02
1.756757e+01 1.864000e+01 1.007000e-02
1.824325e+01 1.824196e+01 9.740201e-03
1.858108e+01 1.804835e+01 9.583428e-03
1.875000e+01 1.795341e+01 9.507364e-03
1.891892e+01 1.786000e+01 9.433000e-03
1.959459e+01 1.749625e+01 9.144282e-03
1.993243e+01 1.732066e+01 9.006056e-03
2.027027e+01 1.715000e+01 8.873000e-03
2.094595e+01 1.681780e+01 8.617347e-03
2.128378e+01 1.665685e+01 8.495373e-03
2.162162e+01 1.650000e+01 8.378000e-03
2.229729e+01 1.619407e+01 8.151876e-03
2.263513e+01 1.604538e+01 8.043581e-03
2.297297e+01 1.590000e+01 7.939000e-03
2.364865e+01 1.561491e+01 7.736492e-03
2.398648e+01 1.547593e+01 7.639144e-03
2.432432e+01 1.534000e+01 7.545000e-03
2.567567e+01 1.481719e+01 7.189368e-03
2.635135e+01 1.456866e+01 7.024330e-03
2.668919e+01 1.444802e+01 6.945379e-03
2.702703e+01 1.433000e+01 6.869000e-03
2.871622e+01 1.375690e+01 6.507223e-03
2.956081e+01 1.348592e+01 6.339765e-03
2.998311e+01 1.335577e+01 6.259937e-03
3.040541e+01 1.323000e+01 6.183000e-03
3.209459e+01 1.275804e+01 5.891485e-03
3.293919e+01 1.253858e+01 5.755844e-03
3.336148e+01 1.243296e+01 5.690884e-03
3.378378e+01 1.233000e+01 5.628000e-03
3.547297e+01 1.192741e+01 5.387248e-03
3.631757e+01 1.173458e+01 5.274144e-03
3.673986e+01 1.164108e+01 5.219756e-03
3.716216e+01 1.155000e+01 5.167000e-03
3.885135e+01 1.120148e+01 4.965290e-03
3.969594e+01 1.103699e+01 4.870338e-03
4.011824e+01 1.095750e+01 4.824551e-03
4.054054e+01 1.088000e+01 4.780000e-03
4.222973e+01 1.058086e+01 4.608349e-03
4.307433e+01 1.043792e+01 4.526896e-03
4.349662e+01 1.036830e+01 4.487463e-03
4.391892e+01 1.030000e+01 4.449000e-03
4.560811e+01 1.003278e+01 4.300420e-03
4.645270e+01 9.904097e+00 4.229726e-03
4.687500e+01 9.841389e+00 4.195455e-03
4.729730e+01 9.780000e+00 4.162000e-03
4.898649e+01 9.542812e+00 4.032761e-03
4.983109e+01 9.429412e+00 3.971163e-03
5.025338e+01 9.374176e+00 3.941251e-03
5.067568e+01 9.320000e+00 3.912000e-03
5.236486e+01 9.108577e+00 3.798624e-03
5.320946e+01 9.006655e+00 3.744335e-03
5.363175e+01 8.956869e+00 3.717899e-03
5.405405e+01 8.908000e+00 3.692000e-03
5.743243e+01 8.536751e+00 3.495591e-03
5.912162e+01 8.364309e+00 3.404847e-03
5.996621e+01 8.281807e+00 3.361629e-03
6.081081e+01 8.202000e+00 3.320000e-03
6.418919e+01 7.896951e+00 3.162367e-03
6.587838e+01 7.753737e+00 3.089065e-03
6.672297e+01 7.684854e+00 3.053969e-03
6.756757e+01 7.618000e+00 3.020000e-03
7.094594e+01 7.361758e+00 2.890015e-03
7.263513e+01 7.240949e+00 2.828928e-03
7.347973e+01 7.182681e+00 2.799534e-03
7.432432e+01 7.126000e+00 2.771000e-03
7.770270e+01 6.907898e+00 2.661556e-03
7.939189e+01 6.804606e+00 2.609988e-03
8.023648e+01 6.754664e+00 2.585141e-03
8.108108e+01 6.706000e+00 2.561000e-03
8.445946e+01 6.519109e+00 2.468525e-03
8.614865e+01 6.430026e+00 2.424803e-03
8.699325e+01 6.386625e+00 2.403648e-03
8.783784e+01 6.344000e+00 2.383000e-03
9.121622e+01 6.176375e+00 2.302923e-03
9.290540e+01 6.095314e+00 2.264686e-03
9.375000e+01 6.055751e+00 2.246126e-03
9.459459e+01 6.017000e+00 2.228000e-03
1.013513e+02 5.726598e+00 2.092561e-03
1.047297e+02 5.594074e+00 2.030997e-03
1.064189e+02 5.531299e+00 2.001901e-03
1.072635e+02 5.500831e+00 1.987797e-03
1.081081e+02 5.471000e+00 1.974000e-03
1.148648e+02 5.242949e+00 1.868692e-03
1.182432e+02 5.136732e+00 1.819787e-03
1.199324e+02 5.085974e+00 1.796464e-03
1.216216e+02 5.037000e+00 1.774000e-03
1.351351e+02 4.684000e+00 1.613000e-03
