1.111111e-03 2.648000e-01 2.244000e-01
1.222222e-03 2.777000e-01 2.184000e-01
1.277778e-03 2.839250e-01 2.154975e-01
1.305555e-03 2.869808e-01 2.140830e-01
1.319444e-03 2.884949e-01 2.133871e-01
1.333333e-03 2.900000e-01 2.127000e-01
1.388888e-03 2.959991e-01 2.100106e-01
1.416666e-03 2.989674e-01 2.086959e-01
1.444444e-03 3.019000e-01 2.074000e-01
1.500000e-03 3.076663e-01 2.048208e-01
1.527778e-03 3.105005e-01 2.035497e-01
1.555556e-03 3.133000e-01 2.023000e-01
1.611111e-03 3.188497e-01 1.998564e-01
1.638889e-03 3.215903e-01 1.986659e-01
1.666667e-03 3.243000e-01 1.975000e-01
1.722222e-03 3.296486e-01 1.952171e-01
1.750000e-03 3.322872e-01 1.940999e-01
1.777778e-03 3.349000e-01 1.930000e-01
1.833334e-03 3.400877e-01 1.908251e-01
1.861111e-03 3.426555e-01 1.897548e-01
1.888889e-03 3.452000e-01 1.887000e-01
1.944444e-03 3.501134e-01 1.866220e-01
1.972222e-03 3.526045e-01 1.856026e-01
2.000000e-03 3.552000e-01 1.846000e-01
2.111111e-03 3.674198e-01 1.806983e-01
2.166666e-03 3.740549e-01 1.788198e-01
2.194444e-03 3.774006e-01 1.779019e-01
2.222222e-03 3.807000e-01 1.770000e-01
2.361111e-03 3.956645e-01 1.726233e-01
2.430555e-03 4.024543e-01 1.705251e-01
2.465278e-03 4.057111e-01 1.695027e-01
2.500000e-03 4.089000e-01 1.685000e-01
2.638889e-03 4.216668e-01 1.645998e-01
2.708334e-03 4.279538e-01 1.627213e-01
2.743056e-03 4.310498e-01 1.618029e-01
2.777778e-03 4.341000e-01 1.609000e-01
2.916667e-03 4.459209e-01 1.573635e-01
2.986112e-03 4.516281e-01 1.556548e-01
3.020834e-03 4.544307e-01 1.548197e-01
3.055556e-03 4.572000e-01 1.540000e-01
3.194445e-03 4.681248e-01 1.508146e-01
3.263889e-03 4.734962e-01 1.492829e-01
3.298611e-03 4.761570e-01 1.485348e-01
3.333333e-03 4.788000e-01 1.478000e-01
3.472222e-03 4.892777e-01 1.449374e-01
3.541667e-03 4.944600e-01 1.435518e-01
3.576389e-03 4.970355e-01 1.428715e-01
3.611111e-03 4.996000e-01 1.422000e-01
3.750000e-03 5.098097e-01 1.395466e-01
3.819444e-03 5.148739e-01 1.382550e-01
3.888889e-03 5.199000e-01 1.370000e-01
4.027778e-03 5.298631e-01 1.345850e-01
4.097222e-03 5.347985e-01 1.334253e-01
4.166667e-03 5.397000e-01 1.323000e-01
4.305555e-03 5.494517e-01 1.301070e-01
4.375000e-03 5.542920e-01 1.290415e-01
4.444444e-03 5.591000e-01 1.280000e-01
4.722222e-03 5.781329e-01 1.239666e-01
4.861111e-03 5.874895e-01 1.220436e-01
4.930555e-03 5.921156e-01 1.211108e-01
5.000000e-03 5.967000e-01 1.202000e-01
5.277778e-03 6.148043e-01 1.166789e-01
5.416667e-03 6.236801e-01 1.150036e-01
5.486111e-03 6.280620e-01 1.141919e-01
5.555556e-03 6.324000e-01 1.134000e-01
5.833333e-03 6.494966e-01 1.103478e-01
5.972222e-03 6.578705e-01 1.088951e-01
6.041667e-03 6.620051e-01 1.081898e-01
6.111111e-03 6.661000e-01 1.075000e-01
6.388889e-03 6.822646e-01 1.048253e-01
6.527778e-03 6.901959e-01 1.035417e-01
6.597222e-03 6.941156e-01 1.029152e-01
6.666667e-03 6.980000e-01 1.023000e-01
6.944445e-03 7.133411e-01 9.989431e-02
7.083333e-03 7.208766e-01 9.873349e-02
7.152778e-03 7.246037e-01 9.816647e-02
7.222222e-03 7.283000e-01 9.761000e-02
7.500000e-03 7.429181e-01 9.544718e-02
7.638889e-03 7.501092e-01 9.440696e-02
7.777778e-03 7.572000e-01 9.340000e-02
8.333333e-03 7.848720e-01 8.958421e-02
8.611111e-03 7.982918e-01 8.780712e-02
8.750000e-03 8.048868e-01 8.695531e-02
8.888889e-03 8.114000e-01 8.613000e-02
9.444444e-03 8.370223e-01 8.296739e-02
9.722222e-03 8.495648e-01 8.147712e-02
9.861111e-03 8.557600e-01 8.075864e-02
1.000000e-02 8.619000e-01 8.006000e-02
1.055556e-02 8.861806e-01 7.737447e-02
1.083333e-02 8.981237e-01 7.610339e-02
1.097222e-02 9.040350e-01 7.548887e-02
1.111111e-02 9.099000e-01 7.489000e-02
1.166666e-02 9.330931e-01 7.258006e-02
1.194444e-02 9.445159e-01 7.148197e-02
1.208333e-02 9.501767e-01 7.094970e-02
1.222222e-02 9.558000e-01 7.043000e-02
1.277777e-02 9.780809e-01 6.842042e-02
1.305555e-02 9.890905e-01 6.746159e-02
1.319444e-02 9.945585e-01 6.699572e-02
1.333333e-02 1.000000e+00 6.654000e-02
1.388889e-02 1.021633e+00 6.477239e-02
1.416666e-02 1.032356e+00 6.392590e-02
1.430555e-02 1.037689e+00 6.351376e-02
1.444444e-02 1.043000e+00 6.311000e-02
1.500000e-02 1.064068e+00 6.154151e-02
1.527778e-02 1.074542e+00 6.078821e-02
1.555556e-02 1.085000e+00 6.006000e-02
1.611112e-02 1.106104e+00 5.865090e-02
1.638889e-02 1.116613e+00 5.797414e-02
1.666667e-02 1.127000e+00 5.732000e-02
1.722223e-02 1.147194e+00 5.605668e-02
1.750000e-02 1.157119e+00 5.544916e-02
1.777778e-02 1.167000e+00 5.486000e-02
1.833333e-02 1.187003e+00 5.371292e-02
1.861111e-02 1.197026e+00 5.315848e-02
1.888889e-02 1.207000e+00 5.262000e-02
1.944444e-02 1.226640e+00 5.157470e-02
1.972222e-02 1.236347e+00 5.107009e-02
2.000000e-02 1.246000e+00 5.058000e-02
2.111111e-02 1.284706e+00 4.871160e-02
2.166667e-02 1.303950e+00 4.783409e-02
2.194444e-02 1.313507e+00 4.741127e-02
2.222222e-02 1.323000e+00 4.700000e-02
2.361111e-02 1.369595e+00 4.503279e-02
2.430555e-02 1.392439e+00 4.411103e-02
2.465278e-02 1.403753e+00 4.366857e-02
2.500000e-02 1.415000e+00 4.324000e-02
2.638889e-02 1.459813e+00 4.160606e-02
2.708334e-02 1.482016e+00 4.083891e-02
2.743056e-02 1.493041e+00 4.046937e-02
2.777778e-02 1.504000e+00 4.011000e-02
2.916667e-02 1.547411e+00 3.872449e-02
2.986112e-02 1.568826e+00 3.806743e-02
3.020834e-02 1.579446e+00 3.774964e-02
3.055556e-02 1.590000e+00 3.744000e-02
3.194445e-02 1.631936e+00 3.624810e-02
3.263889e-02 1.652615e+00 3.568218e-02
3.298611e-02 1.662852e+00 3.540789e-02
3.333333e-02 1.673000e+00 3.514000e-02
3.472222e-02 1.712925e+00 3.410163e-02
3.541666e-02 1.732560e+00 3.360589e-02
3.576389e-02 1.742302e+00 3.336519e-02
3.611111e-02 1.752000e+00 3.313000e-02
3.750000e-02 1.790816e+00 3.222177e-02
3.819445e-02 1.810042e+00 3.178802e-02
3.854167e-02 1.819565e+00 3.157691e-02
3.888889e-02 1.829000e+00 3.137000e-02
4.027778e-02 1.865966e+00 3.056305e-02
4.097223e-02 1.884085e+00 3.017486e-02
4.166667e-02 1.902000e+00 2.980000e-02
4.305556e-02 1.937809e+00 2.907885e-02
4.375000e-02 1.955529e+00 2.873356e-02
4.444444e-02 1.973000e+00 2.840000e-02
4.722222e-02 2.040320e+00 2.713463e-02
4.861111e-02 2.072612e+00 2.654540e-02
4.930556e-02 2.088417e+00 2.626317e-02
5.000000e-02 2.104000e+00 2.599000e-02
5.277778e-02 2.165660e+00 2.494577e-02
5.416667e-02 2.195731e+00 2.445525e-02
5.486112e-02 2.210486e+00 2.421921e-02
5.555556e-02 2.225000e+00 2.399000e-02
5.833334e-02 2.281445e+00 2.311015e-02
5.972222e-02 2.308632e+00 2.269498e-02
6.041667e-02 2.321926e+00 2.249474e-02
6.111111e-02 2.335000e+00 2.230000e-02
6.388889e-02 2.386231e+00 2.155229e-02
6.527778e-02 2.411001e+00 2.119834e-02
6.666667e-02 2.435000e+00 2.086000e-02
6.944444e-02 2.481250e+00 2.021271e-02
7.083333e-02 2.503463e+00 1.990514e-02
7.222222e-02 2.525000e+00 1.961000e-02
7.500000e-02 2.566997e+00 1.904198e-02
7.638889e-02 2.587301e+00 1.877079e-02
7.777778e-02 2.607000e+00 1.851000e-02
8.333334e-02 2.681774e+00 1.753426e-02
8.611111e-02 2.716478e+00 1.708697e-02
8.750000e-02 2.733037e+00 1.687450e-02
8.888889e-02 2.749000e+00 1.667000e-02
9.444445e-02 2.809634e+00 1.589224e-02
9.722222e-02 2.837737e+00 1.553021e-02
1.000000e-01 2.864000e+00 1.519000e-02
1.055555e-01 2.912756e+00 1.455490e-02
1.083333e-01 2.935133e+00 1.425961e-02
1.111111e-01 2.956000e+00 1.398000e-02
1.166667e-01 2.995121e+00 1.344394e-02
1.194444e-01 3.013169e+00 1.319066e-02
1.222222e-01 3.030000e+00 1.295000e-02
1.277777e-01 3.061415e+00 1.249592e-02
1.333333e-01 3.089000e+00 1.208000e-02
1.388889e-01 3.113222e+00 1.169049e-02
1.444444e-01 3.134000e+00 1.133000e-02
1.500000e-01 3.152784e+00 1.098831e-02
1.555556e-01 3.169000e+00 1.067000e-02
1.666667e-01 3.195000e+00 1.009000e-02
1.777778e-01 3.214000e+00 9.577000e-03
1.888889e-01 3.226000e+00 9.116000e-03
2.000000e-01 3.234000e+00 8.700000e-03
2.222222e-01 3.236000e+00 7.981000e-03
2.500000e-01 3.224000e+00 7.244000e-03
2.777778e-01 3.199000e+00 6.641000e-03
3.055556e-01 3.168000e+00 6.136000e-03
3.194444e-01 3.150525e+00 5.911800e-03
3.333333e-01 3.132000e+00 5.708000e-03
3.472222e-01 3.113234e+00 5.516279e-03
3.611111e-01 3.094000e+00 5.339000e-03
3.750000e-01 3.074089e+00 5.172341e-03
3.888889e-01 3.054000e+00 5.018000e-03
4.027778e-01 3.034380e+00 4.872555e-03
4.166667e-01 3.015000e+00 4.737000e-03
4.305556e-01 2.995482e+00 4.607995e-03
4.444444e-01 2.976000e+00 4.487000e-03
4.722222e-01 2.937509e+00 4.262627e-03
4.861111e-01 2.918600e+00 4.159494e-03
5.000000e-01 2.900000e+00 4.063000e-03
5.277778e-01 2.863450e+00 3.881441e-03
5.416667e-01 2.845564e+00 3.796849e-03
5.555556e-01 2.828000e+00 3.717000e-03
5.833333e-01 2.793405e+00 3.565888e-03
5.972222e-01 2.776513e+00 3.495089e-03
6.111111e-01 2.760000e+00 3.428000e-03
6.388889e-01 2.727931e+00 3.300831e-03
6.527778e-01 2.712327e+00 3.240994e-03
6.666667e-01 2.697000e+00 3.184000e-03
6.944444e-01 2.666586e+00 3.075003e-03
7.083333e-01 2.651648e+00 3.023361e-03
7.222222e-01 2.637000e+00 2.974000e-03
7.500000e-01 2.608472e+00 2.879666e-03
7.638889e-01 2.594595e+00 2.834898e-03
7.777778e-01 2.581000e+00 2.792000e-03
8.333333e-01 2.528104e+00 2.631994e-03
8.611111e-01 2.502648e+00 2.558920e-03
8.888889e-01 2.478000e+00 2.491000e-03
9.444444e-01 2.430238e+00 2.364227e-03
9.722222e-01 2.407255e+00 2.305740e-03
1.000000e+00 2.385000e+00 2.251000e-03
1.055556e+00 2.341872e+00 2.148442e-03
1.083333e+00 2.321112e+00 2.100837e-03
1.111111e+00 2.301000e+00 2.056000e-03
1.166666e+00 2.262132e+00 1.971269e-03
1.194444e+00 2.243344e+00 1.931597e-03
1.222222e+00 2.225000e+00 1.894000e-03
1.277778e+00 2.188890e+00 1.822639e-03
1.305555e+00 2.171253e+00 1.789028e-03
1.333333e+00 2.154000e+00 1.757000e-03
1.388889e+00 2.120373e+00 1.695736e-03
1.416666e+00 2.104017e+00 1.666718e-03
1.444444e+00 2.088000e+00 1.639000e-03
1.500000e+00 2.056429e+00 1.586078e-03
1.527778e+00 2.041027e+00 1.561002e-03
1.555556e+00 2.026000e+00 1.537000e-03
1.611111e+00 1.996987e+00 1.490999e-03
1.638889e+00 1.982886e+00 1.469084e-03
1.666667e+00 1.969000e+00 1.448000e-03
1.722222e+00 1.941182e+00 1.407333e-03
1.750000e+00 1.927457e+00 1.387838e-03
1.777778e+00 1.914000e+00 1.369000e-03
1.833334e+00 1.888022e+00 1.332456e-03
1.861111e+00 1.875407e+00 1.314913e-03
1.888889e+00 1.863000e+00 1.298000e-03
1.944444e+00 1.838315e+00 1.265515e-03
1.972222e+00 1.826095e+00 1.249986e-03
2.000000e+00 1.814000e+00 1.235000e-03
2.111111e+00 1.767113e+00 1.178304e-03
2.166666e+00 1.744071e+00 1.151915e-03
2.194444e+00 1.732560e+00 1.139263e-03
2.222222e+00 1.721000e+00 1.127000e-03
2.361111e+00 1.660307e+00 1.068565e-03
2.430556e+00 1.630012e+00 1.041414e-03
2.465278e+00 1.615258e+00 1.028467e-03
2.500000e+00 1.601000e+00 1.016000e-03
2.638889e+00 1.549515e+00 9.690571e-04
2.708334e+00 1.526172e+00 9.473016e-04
2.743056e+00 1.514973e+00 9.368882e-04
2.777778e+00 1.504000e+00 9.268000e-04
2.916667e+00 1.459863e+00 8.879918e-04
2.986112e+00 1.438139e+00 8.696819e-04
3.020834e+00 1.427471e+00 8.608622e-04
3.055556e+00 1.417000e+00 8.523000e-04
3.194445e+00 1.376778e+00 8.195656e-04
3.263889e+00 1.357579e+00 8.041580e-04
3.298611e+00 1.348212e+00 7.967285e-04
3.333333e+00 1.339000e+00 7.895000e-04
3.472222e+00 1.302711e+00 7.616475e-04
3.541667e+00 1.285094e+00 7.484333e-04
3.576389e+00 1.276470e+00 7.420373e-04
3.611111e+00 1.268000e+00 7.358000e-04
3.750000e+00 1.235119e+00 7.117381e-04
3.819444e+00 1.219312e+00 7.002870e-04
3.854167e+00 1.211590e+00 6.947306e-04
3.888889e+00 1.204000e+00 6.893000e-04
4.027778e+00 1.174383e+00 6.682409e-04
4.097222e+00 1.160023e+00 6.581754e-04
4.131945e+00 1.152967e+00 6.532837e-04
4.166667e+00 1.146000e+00 6.485000e-04
4.305556e+00 1.118471e+00 6.299864e-04
4.375000e+00 1.105056e+00 6.211319e-04
4.409722e+00 1.098475e+00 6.168220e-04
4.444444e+00 1.092000e+00 6.126000e-04
4.722222e+00 1.042873e+00 5.805753e-04
4.861111e+00 1.019982e+00 5.657653e-04
4.930556e+00 1.008985e+00 5.587057e-04
4.965278e+00 1.003603e+00 5.552697e-04
5.000000e+00 9.983000e-01 5.519000e-04
5.277778e+00 9.570834e-01 5.261203e-04
5.416667e+00 9.374561e-01 5.140701e-04
5.486111e+00 9.279549e-01 5.082924e-04
5.555556e+00 9.187000e-01 5.027000e-04
5.833334e+00 8.831562e-01 4.813710e-04
5.972222e+00 8.663449e-01 4.713730e-04
6.041667e+00 8.582187e-01 4.665659e-04
6.111111e+00 8.503000e-01 4.619000e-04
6.388889e+00 8.197430e-01 4.439954e-04
6.527778e+00 8.052150e-01 4.355450e-04
6.597223e+00 7.981737e-01 4.314674e-04
6.666667e+00 7.913000e-01 4.275000e-04
6.944445e+00 7.647202e-01 4.122367e-04
7.083333e+00 7.520532e-01 4.050062e-04
7.152778e+00 7.459061e-01 4.015090e-04
7.222222e+00 7.399000e-01 3.981000e-04
7.500000e+00 7.166596e-01 3.849523e-04
7.638889e+00 7.055641e-01 3.786974e-04
7.708334e+00 7.001727e-01 3.756635e-04
7.777778e+00 6.949000e-01 3.727000e-04
8.333334e+00 6.551587e-01 3.504219e-04
8.611111e+00 6.369387e-01 3.402417e-04
8.750000e+00 6.282982e-01 3.354226e-04
8.819445e+00 6.241046e-01 3.330858e-04
8.888889e+00 6.200000e-01 3.308000e-04
9.444444e+00 5.887178e-01 3.134154e-04
9.722222e+00 5.741995e-01 3.053551e-04
9.861111e+00 5.672741e-01 3.015092e-04
9.930556e+00 5.639038e-01 2.996366e-04
1.000000e+01 5.606000e-01 2.978000e-04
1.055556e+01 5.353927e-01 2.837534e-04
1.083333e+01 5.236507e-01 2.771904e-04
1.097222e+01 5.180316e-01 2.740445e-04
1.104167e+01 5.152911e-01 2.725089e-04
1.111111e+01 5.126000e-01 2.710000e-04
1.166667e+01 4.919450e-01 2.594119e-04
1.194444e+01 4.822578e-01 2.539646e-04
1.208333e+01 4.776062e-01 2.513437e-04
1.222222e+01 4.731000e-01 2.488000e-04
1.277778e+01 4.559141e-01 2.390539e-04
1.305555e+01 4.478508e-01 2.344633e-04
1.319444e+01 4.439702e-01 2.322508e-04
1.333333e+01 4.402000e-01 2.301000e-04
1.388889e+01 4.256976e-01 2.218433e-04
1.416666e+01 4.188379e-01 2.179353e-04
1.430555e+01 4.155249e-01 2.160445e-04
1.444444e+01 4.123000e-01 2.142000e-04
1.500000e+01 3.998954e-01 2.070660e-04
1.527778e+01 3.940176e-01 2.036647e-04
1.541667e+01 3.911735e-01 2.020136e-04
1.555556e+01 3.884000e-01 2.004000e-04
1.611111e+01 3.776884e-01 1.941484e-04
1.638889e+01 3.725894e-01 1.911645e-04
1.652778e+01 3.701160e-01 1.897157e-04
1.666667e+01 3.677000e-01 1.883000e-04
1.722223e+01 3.583601e-01 1.828335e-04
1.750000e+01 3.538980e-01 1.802208e-04
1.763889e+01 3.517270e-01 1.789483e-04
1.777778e+01 3.496000e-01 1.777000e-04
1.833333e+01 3.413216e-01 1.728172e-04
1.861111e+01 3.373432e-01 1.704665e-04
1.875000e+01 3.354029e-01 1.693212e-04
1.888889e+01 3.335000e-01 1.682000e-04
1.944445e+01 3.261034e-01 1.638715e-04
1.972222e+01 3.225452e-01 1.618006e-04
1.986111e+01 3.208072e-01 1.607910e-04
2.000000e+01 3.191000e-01 1.598000e-04
2.111111e+01 3.060699e-01 1.522071e-04
2.166667e+01 2.999737e-01 1.486536e-04
2.194444e+01 2.970438e-01 1.469494e-04
2.222222e+01 2.942000e-01 1.453000e-04
2.361111e+01 2.807002e-01 1.375240e-04
2.430555e+01 2.743887e-01 1.339425e-04
2.465278e+01 2.713523e-01 1.322392e-04
2.482639e+01 2.698654e-01 1.314113e-04
2.500000e+01 2.684000e-01 1.306000e-04
2.638889e+01 2.570199e-01 1.244161e-04
2.708333e+01 2.515956e-01 1.215292e-04
2.743056e+01 2.489659e-01 1.201436e-04
2.760417e+01 2.476744e-01 1.194664e-04
2.777778e+01 2.464000e-01 1.188000e-04
2.916667e+01 2.364427e-01 1.136401e-04
2.986111e+01 2.317319e-01 1.112045e-04
3.020834e+01 2.294743e-01 1.100336e-04
3.055556e+01 2.273000e-01 1.089000e-04
3.194444e+01 2.192265e-01 1.046116e-04
3.263889e+01 2.155111e-01 1.026067e-04
3.298611e+01 2.137311e-01 1.016408e-04
3.333333e+01 2.120000e-01 1.007000e-04
3.472222e+01 2.052451e-01 9.704337e-05
3.541666e+01 2.020076e-01 9.529883e-05
3.576389e+01 2.004351e-01 9.445365e-05
3.611111e+01 1.989000e-01 9.363000e-05
3.750000e+01 1.929882e-01 9.046969e-05
3.819445e+01 1.901833e-01 8.897285e-05
3.854167e+01 1.888251e-01 8.824792e-05
3.888889e+01 1.875000e-01 8.754000e-05
4.027778e+01 1.823929e-01 8.479421e-05
4.097223e+01 1.799540e-01 8.348166e-05
4.131945e+01 1.787660e-01 8.284378e-05
4.166667e+01 1.776000e-01 8.222000e-05
4.305555e+01 1.730315e-01 7.980571e-05
4.375000e+01 1.708277e-01 7.865147e-05
4.409722e+01 1.697528e-01 7.808989e-05
4.444444e+01 1.687000e-01 7.754000e-05
4.722222e+01 1.608063e-01 7.337732e-05
4.861111e+01 1.571865e-01 7.145632e-05
4.930555e+01 1.554633e-01 7.054149e-05
4.965278e+01 1.546241e-01 7.009640e-05
5.000000e+01 1.538000e-01 6.966000e-05
5.277778e+01 1.474396e-01 6.632126e-05
5.416667e+01 1.444412e-01 6.476118e-05
5.486111e+01 1.429986e-01 6.401347e-05
5.555556e+01 1.416000e-01 6.329000e-05
5.833333e+01 1.362614e-01 6.053239e-05
5.972222e+01 1.337619e-01 5.924141e-05
6.041667e+01 1.325622e-01 5.862133e-05
6.111111e+01 1.314000e-01 5.802000e-05
6.388889e+01 1.269675e-01 5.571757e-05
6.527778e+01 1.248836e-01 5.463258e-05
6.597222e+01 1.238785e-01 5.410923e-05
6.666667e+01 1.229000e-01 5.360000e-05
6.944445e+01 1.191230e-01 5.163821e-05
7.083333e+01 1.173250e-01 5.070819e-05
7.152778e+01 1.164526e-01 5.025837e-05
7.222222e+01 1.156000e-01 4.982000e-05
7.500000e+01 1.122930e-01 4.813102e-05
7.638889e+01 1.107142e-01 4.732857e-05
7.708334e+01 1.099480e-01 4.693966e-05
7.777778e+01 1.092000e-01 4.656000e-05
8.333334e+01 1.036211e-01 4.371219e-05
8.611111e+01 1.010874e-01 4.241349e-05
8.750000e+01 9.988958e-02 4.179915e-05
8.819445e+01 9.930864e-02 4.150132e-05
8.888889e+01 9.874000e-02 4.121000e-05
9.444445e+01 9.438894e-02 3.899177e-05
9.722222e+01 9.236199e-02 3.796316e-05
9.861111e+01 9.139370e-02 3.747265e-05
9.930556e+01 9.092224e-02 3.723397e-05
1.000000e+02 9.046000e-02 3.700000e-05
1.111111e+02 8.375000e-02 3.360000e-05
