1.190476e-03 1.298000e+00 5.856000e+00
1.309524e-03 1.361000e+00 5.834000e+00
1.369048e-03 1.391375e+00 5.820325e+00
1.398809e-03 1.406279e+00 5.812854e+00
1.413690e-03 1.413662e+00 5.808972e+00
1.428571e-03 1.421000e+00 5.805000e+00
1.488095e-03 1.450216e+00 5.788848e+00
1.517857e-03 1.464682e+00 5.780537e+00
1.547619e-03 1.479000e+00 5.772000e+00
1.607143e-03 1.507284e+00 5.754419e+00
1.636905e-03 1.521223e+00 5.745331e+00
1.666667e-03 1.535000e+00 5.736000e+00
1.726191e-03 1.562263e+00 5.716835e+00
1.755952e-03 1.575711e+00 5.707004e+00
1.785714e-03 1.589000e+00 5.697000e+00
1.845238e-03 1.617707e+00 5.676748e+00
1.875000e-03 1.630665e+00 5.666451e+00
1.904762e-03 1.641000e+00 5.656000e+00
2.023810e-03 1.652000e+00 5.613000e+00
2.083334e-03 1.603310e+00 5.591549e+00
2.113095e-03 1.571603e+00 5.580796e+00
2.127976e-03 1.555127e+00 5.575405e+00
2.135417e-03 1.546966e+00 5.572705e+00
2.142857e-03 1.539000e+00 5.570000e+00
2.261905e-03 1.449055e+00 5.526269e+00
2.321428e-03 1.423101e+00 5.504185e+00
2.351190e-03 1.414035e+00 5.493101e+00
2.380952e-03 1.407000e+00 5.482000e+00
2.529761e-03 1.375094e+00 5.426440e+00
2.604166e-03 1.363867e+00 5.398689e+00
2.678571e-03 1.358000e+00 5.371000e+00
2.827380e-03 1.362379e+00 5.315718e+00
2.901785e-03 1.371252e+00 5.288253e+00
2.976190e-03 1.384000e+00 5.261000e+00
3.125000e-03 1.413499e+00 5.207061e+00
3.199405e-03 1.430418e+00 5.180407e+00
3.236607e-03 1.439488e+00 5.167170e+00
3.273810e-03 1.449000e+00 5.154000e+00
3.422619e-03 1.489896e+00 5.101633e+00
3.497024e-03 1.511618e+00 5.075701e+00
3.534227e-03 1.522741e+00 5.062818e+00
3.571429e-03 1.534000e+00 5.050000e+00
3.720239e-03 1.579310e+00 4.999049e+00
3.794643e-03 1.602109e+00 4.973875e+00
3.831846e-03 1.613543e+00 4.961394e+00
3.869048e-03 1.625000e+00 4.949000e+00
4.017857e-03 1.671068e+00 4.899963e+00
4.092262e-03 1.694091e+00 4.875823e+00
4.129465e-03 1.705567e+00 4.863867e+00
4.166667e-03 1.717000e+00 4.852000e+00
4.315477e-03 1.762557e+00 4.805052e+00
4.389881e-03 1.784989e+00 4.781901e+00
4.427084e-03 1.796060e+00 4.770418e+00
4.464286e-03 1.807000e+00 4.759000e+00
4.613095e-03 1.849809e+00 4.713593e+00
4.687500e-03 1.870629e+00 4.691158e+00
4.724703e-03 1.880875e+00 4.680038e+00
4.761905e-03 1.891000e+00 4.669000e+00
5.059524e-03 1.970088e+00 4.582628e+00
5.208334e-03 2.007877e+00 4.540782e+00
5.282738e-03 2.026180e+00 4.520248e+00
5.357143e-03 2.044000e+00 4.500000e+00
5.654762e-03 2.112121e+00 4.420514e+00
5.803572e-03 2.144276e+00 4.381819e+00
5.877976e-03 2.159826e+00 4.362788e+00
5.952381e-03 2.175000e+00 4.344000e+00
6.250000e-03 2.233860e+00 4.270109e+00
6.398809e-03 2.261985e+00 4.234127e+00
6.473214e-03 2.275647e+00 4.216443e+00
6.547619e-03 2.289000e+00 4.199000e+00
6.845238e-03 2.340546e+00 4.130635e+00
6.994047e-03 2.365194e+00 4.097417e+00
7.068452e-03 2.377208e+00 4.081098e+00
7.142857e-03 2.389000e+00 4.065000e+00
7.440476e-03 2.434962e+00 4.001858e+00
7.589286e-03 2.457237e+00 3.971103e+00
7.738095e-03 2.479000e+00 3.941000e+00
8.035714e-03 2.521609e+00 3.881947e+00
8.184523e-03 2.542465e+00 3.853156e+00
8.333333e-03 2.563000e+00 3.825000e+00
8.928571e-03 2.643118e+00 3.716750e+00
9.226191e-03 2.682284e+00 3.665336e+00
9.375000e-03 2.701687e+00 3.640392e+00
9.523810e-03 2.721000e+00 3.616000e+00
1.011905e-02 2.797953e+00 3.521204e+00
1.041667e-02 2.836422e+00 3.475769e+00
1.056548e-02 2.855690e+00 3.453653e+00
1.071429e-02 2.875000e+00 3.432000e+00
1.130953e-02 2.952494e+00 3.348066e+00
1.160714e-02 2.991567e+00 3.307839e+00
1.175595e-02 3.011229e+00 3.288232e+00
1.190476e-02 3.031000e+00 3.269000e+00
1.250000e-02 3.110692e+00 3.194075e+00
1.279762e-02 3.151083e+00 3.157975e+00
1.294643e-02 3.171464e+00 3.140333e+00
1.309524e-02 3.192000e+00 3.123000e+00
1.369048e-02 3.275184e+00 3.055301e+00
1.398809e-02 3.317377e+00 3.022639e+00
1.413690e-02 3.338633e+00 3.006676e+00
1.428571e-02 3.360000e+00 2.991000e+00
1.488095e-02 3.445858e+00 2.929954e+00
1.517857e-02 3.489209e+00 2.900532e+00
1.532738e-02 3.511039e+00 2.886144e+00
1.547619e-02 3.533000e+00 2.872000e+00
1.607143e-02 3.621800e+00 2.816748e+00
1.636905e-02 3.666722e+00 2.790011e+00
1.651786e-02 3.689317e+00 2.776906e+00
1.666667e-02 3.712000e+00 2.764000e+00
1.726191e-02 3.803050e+00 2.713434e+00
1.755952e-02 3.848876e+00 2.688899e+00
1.770833e-02 3.871894e+00 2.676862e+00
1.785714e-02 3.895000e+00 2.665000e+00
1.845238e-02 3.988022e+00 2.618542e+00
1.875000e-02 4.034883e+00 2.595991e+00
1.889881e-02 4.058408e+00 2.584918e+00
1.904762e-02 4.082000e+00 2.574000e+00
1.964286e-02 4.176705e+00 2.531178e+00
1.994048e-02 4.224270e+00 2.510348e+00
2.008929e-02 4.248113e+00 2.500108e+00
2.023810e-02 4.272000e+00 2.490000e+00
2.083334e-02 4.367827e+00 2.450270e+00
2.113095e-02 4.415874e+00 2.430915e+00
2.127976e-02 4.439928e+00 2.421395e+00
2.142857e-02 4.464000e+00 2.412000e+00
2.261905e-02 4.656890e+00 2.339471e+00
2.321428e-02 4.753440e+00 2.305020e+00
2.351190e-02 4.801723e+00 2.288317e+00
2.366071e-02 4.825863e+00 2.280108e+00
2.380952e-02 4.850000e+00 2.272000e+00
2.529762e-02 5.091503e+00 2.193578e+00
2.604166e-02 5.211980e+00 2.156418e+00
2.641369e-02 5.272066e+00 2.138467e+00
2.659970e-02 5.302056e+00 2.129669e+00
2.678571e-02 5.332000e+00 2.121000e+00
2.827380e-02 5.570735e+00 2.054089e+00
2.901785e-02 5.689278e+00 2.022354e+00
2.938988e-02 5.748259e+00 2.006989e+00
2.957589e-02 5.777663e+00 1.999445e+00
2.976190e-02 5.807000e+00 1.992000e+00
3.125000e-02 6.040652e+00 1.934144e+00
3.199405e-02 6.156382e+00 1.906518e+00
3.236607e-02 6.213855e+00 1.893105e+00
3.273810e-02 6.271000e+00 1.880000e+00
3.422620e-02 6.497585e+00 1.829394e+00
3.497024e-02 6.609421e+00 1.805245e+00
3.534227e-02 6.664887e+00 1.793501e+00
3.571429e-02 6.720000e+00 1.782000e+00
3.720239e-02 6.938549e+00 1.737268e+00
3.794643e-02 7.046400e+00 1.715774e+00
3.831846e-02 7.099876e+00 1.705288e+00
3.869048e-02 7.153000e+00 1.695000e+00
4.017858e-02 7.363620e+00 1.654985e+00
4.092262e-02 7.467468e+00 1.635705e+00
4.129465e-02 7.518921e+00 1.626275e+00
4.166667e-02 7.570000e+00 1.617000e+00
4.315476e-02 7.772152e+00 1.580581e+00
4.389881e-02 7.871713e+00 1.562990e+00
4.427084e-02 7.921033e+00 1.554407e+00
4.464286e-02 7.970000e+00 1.546000e+00
4.613096e-02 8.163986e+00 1.513580e+00
4.687500e-02 8.259597e+00 1.498049e+00
4.724703e-02 8.306969e+00 1.490463e+00
4.761905e-02 8.354000e+00 1.483000e+00
5.059524e-02 8.723200e+00 1.425227e+00
5.208334e-02 8.902694e+00 1.397914e+00
5.282738e-02 8.990920e+00 1.384759e+00
5.357143e-02 9.078000e+00 1.372000e+00
5.654762e-02 9.419926e+00 1.323463e+00
5.803572e-02 9.586667e+00 1.300681e+00
5.877976e-02 9.668796e+00 1.289697e+00
5.952381e-02 9.750000e+00 1.279000e+00
6.250000e-02 1.007069e+01 1.237630e+00
6.398809e-02 1.022722e+01 1.217914e+00
6.473214e-02 1.030416e+01 1.208347e+00
6.547619e-02 1.038000e+01 1.199000e+00
6.845238e-02 1.067493e+01 1.162801e+00
6.994048e-02 1.081852e+01 1.145544e+00
7.068452e-02 1.088948e+01 1.137173e+00
7.142857e-02 1.096000e+01 1.129000e+00
7.440476e-02 1.124234e+01 1.097474e+00
7.589286e-02 1.138217e+01 1.082449e+00
7.663690e-02 1.145141e+01 1.075147e+00
7.738095e-02 1.152000e+01 1.068000e+00
8.035714e-02 1.178893e+01 1.040209e+00
8.184523e-02 1.192047e+01 1.026869e+00
8.258928e-02 1.198548e+01 1.020369e+00
8.333333e-02 1.205000e+01 1.014000e+00
8.928572e-02 1.255878e+01 9.658719e-01
9.226191e-02 1.280710e+01 9.436464e-01
9.375000e-02 1.292932e+01 9.330419e-01
9.523810e-02 1.305000e+01 9.228000e-01
1.011905e-01 1.352291e+01 8.836642e-01
1.041667e-01 1.375358e+01 8.653283e-01
1.056548e-01 1.386734e+01 8.565264e-01
1.071429e-01 1.398000e+01 8.480000e-01
1.130953e-01 1.442533e+01 8.154680e-01
1.160714e-01 1.464425e+01 8.001964e-01
1.175595e-01 1.475257e+01 7.928444e-01
1.190476e-01 1.486000e+01 7.857000e-01
1.250000e-01 1.528508e+01 7.582238e-01
1.279762e-01 1.549410e+01 7.452163e-01
1.294643e-01 1.559749e+01 7.389276e-01
1.309524e-01 1.570000e+01 7.328000e-01
1.369047e-01 1.610458e+01 7.091732e-01
1.398809e-01 1.630355e+01 6.979480e-01
1.413690e-01 1.640211e+01 6.925089e-01
1.428571e-01 1.650000e+01 6.872000e-01
1.488095e-01 1.688861e+01 6.666790e-01
1.517857e-01 1.708045e+01 6.568955e-01
1.532738e-01 1.717555e+01 6.521448e-01
1.547619e-01 1.727000e+01 6.475000e-01
1.607143e-01 1.764453e+01 6.294980e-01
1.636905e-01 1.782876e+01 6.208882e-01
1.651786e-01 1.791982e+01 6.167000e-01
1.666667e-01 1.801000e+01 6.126000e-01
1.726190e-01 1.836419e+01 5.966953e-01
1.755952e-01 1.853806e+01 5.890675e-01
1.785714e-01 1.871000e+01 5.817000e-01
1.845238e-01 1.905222e+01 5.674537e-01
1.875000e-01 1.922185e+01 5.606132e-01
1.904762e-01 1.939000e+01 5.540000e-01
1.964286e-01 1.972407e+01 5.412122e-01
1.994048e-01 1.988848e+01 5.350613e-01
2.023810e-01 2.005000e+01 5.291000e-01
2.083334e-01 2.036470e+01 5.175147e-01
2.113095e-01 2.051846e+01 5.119237e-01
2.142857e-01 2.067000e+01 5.065000e-01
2.261904e-01 2.127020e+01 4.859114e-01
2.321428e-01 2.156362e+01 4.762963e-01
2.351190e-01 2.170787e+01 4.716793e-01
2.380952e-01 2.185000e+01 4.672000e-01
2.529762e-01 2.253980e+01 4.458915e-01
2.604166e-01 2.287059e+01 4.359594e-01
2.641369e-01 2.303184e+01 4.312025e-01
2.678571e-01 2.319000e+01 4.266000e-01
2.827381e-01 2.380504e+01 4.090308e-01
2.901785e-01 2.410168e+01 4.007955e-01
2.938988e-01 2.424695e+01 3.968382e-01
2.976190e-01 2.439000e+01 3.930000e-01
3.125000e-01 2.495269e+01 3.783133e-01
3.199405e-01 2.522549e+01 3.713918e-01
3.236607e-01 2.535895e+01 3.680518e-01
3.273810e-01 2.549000e+01 3.648000e-01
3.422619e-01 2.599849e+01 3.522457e-01
3.497024e-01 2.624298e+01 3.462878e-01
3.571429e-01 2.648000e+01 3.406000e-01
3.720238e-01 2.694101e+01 3.297998e-01
3.794643e-01 2.716372e+01 3.246931e-01
3.869048e-01 2.738000e+01 3.198000e-01
4.017857e-01 2.780002e+01 3.103534e-01
4.092262e-01 2.800286e+01 3.058391e-01
4.166667e-01 2.820000e+01 3.015000e-01
4.315477e-01 2.858357e+01 2.931867e-01
4.389881e-01 2.876923e+01 2.892217e-01
4.464286e-01 2.895000e+01 2.854000e-01
4.613096e-01 2.930244e+01 2.779928e-01
4.687500e-01 2.947338e+01 2.744348e-01
4.761905e-01 2.964000e+01 2.710000e-01
5.059524e-01 3.027944e+01 2.581151e-01
5.208333e-01 3.058167e+01 2.521742e-01
5.357143e-01 3.087000e+01 2.466000e-01
5.654762e-01 3.141979e+01 2.360754e-01
5.803571e-01 3.168033e+01 2.311553e-01
5.952381e-01 3.193000e+01 2.265000e-01
6.250000e-01 3.241108e+01 2.176724e-01
6.398810e-01 3.264031e+01 2.135295e-01
6.547619e-01 3.286000e+01 2.096000e-01
6.845238e-01 3.327922e+01 2.021540e-01
6.994048e-01 3.347843e+01 1.986468e-01
7.142857e-01 3.367000e+01 1.953000e-01
7.440476e-01 3.404078e+01 1.888766e-01
7.589286e-01 3.421858e+01 1.858237e-01
7.738095e-01 3.439000e+01 1.829000e-01
8.035714e-01 3.471973e+01 1.773058e-01
8.333333e-01 3.503000e+01 1.721000e-01
8.928571e-01 3.560951e+01 1.625596e-01
9.226191e-01 3.587777e+01 1.582244e-01
9.523810e-01 3.613000e+01 1.542000e-01
1.011905e+00 3.660674e+01 1.466628e-01
1.041667e+00 3.682952e+01 1.431736e-01
1.071429e+00 3.704000e+01 1.399000e-01
1.130953e+00 3.743774e+01 1.337569e-01
1.190476e+00 3.780000e+01 1.282000e-01
1.250000e+00 3.813546e+01 1.230633e-01
1.309524e+00 3.844000e+01 1.184000e-01
1.369047e+00 3.872252e+01 1.140632e-01
1.428571e+00 3.898000e+01 1.101000e-01
1.488095e+00 3.921971e+01 1.064068e-01
1.547619e+00 3.944000e+01 1.030000e-01
1.607143e+00 3.964824e+01 9.976815e-02
1.666667e+00 3.984000e+01 9.676000e-02
1.785714e+00 4.018000e+01 9.130000e-02
1.904762e+00 4.047000e+01 8.646000e-02
2.023810e+00 4.073000e+01 8.214000e-02
2.142857e+00 4.092000e+01 7.827000e-02
2.380952e+00 4.080000e+01 7.157000e-02
2.678571e+00 4.077000e+01 6.475000e-02
2.976190e+00 4.066000e+01 5.918000e-02
3.273810e+00 4.046000e+01 5.455000e-02
3.571429e+00 4.020000e+01 5.062000e-02
3.869048e+00 3.989000e+01 4.726000e-02
4.166667e+00 3.954000e+01 4.434000e-02
4.464286e+00 3.916000e+01 4.178000e-02
4.613096e+00 3.896285e+01 4.060375e-02
4.761905e+00 3.876000e+01 3.951000e-02
5.059524e+00 3.834170e+01 3.748688e-02
5.208334e+00 3.812735e+01 3.655841e-02
5.357143e+00 3.791000e+01 3.569000e-02
5.654762e+00 3.747195e+01 3.405267e-02
5.803572e+00 3.725144e+01 3.328955e-02
5.952381e+00 3.703000e+01 3.257000e-02
6.250000e+00 3.658553e+01 3.121398e-02
6.398810e+00 3.636282e+01 3.058024e-02
6.547619e+00 3.614000e+01 2.998000e-02
6.845238e+00 3.569421e+01 2.883863e-02
6.994048e+00 3.547177e+01 2.830120e-02
7.142857e+00 3.525000e+01 2.779000e-02
7.440476e+00 3.480786e+01 2.681815e-02
7.589286e+00 3.458820e+01 2.635900e-02
7.738095e+00 3.437000e+01 2.592000e-02
8.035714e+00 3.393688e+01 2.507627e-02
8.184524e+00 3.372249e+01 2.467474e-02
8.333333e+00 3.351000e+01 2.429000e-02
8.928572e+00 3.267154e+01 2.286600e-02
9.226191e+00 3.226154e+01 2.221963e-02
9.375000e+00 3.205956e+01 2.191384e-02
9.523810e+00 3.186000e+01 2.162000e-02
1.011905e+01 3.107561e+01 2.049994e-02
1.041667e+01 3.069347e+01 1.997866e-02
1.056548e+01 3.050553e+01 1.972981e-02
1.071429e+01 3.032000e+01 1.949000e-02
1.130953e+01 2.959152e+01 1.858509e-02
1.160714e+01 2.923678e+01 1.816533e-02
1.175595e+01 2.906229e+01 1.796446e-02
1.190476e+01 2.889000e+01 1.777000e-02
1.250000e+01 2.821235e+01 1.702444e-02
1.279762e+01 2.788229e+01 1.667335e-02
1.294643e+01 2.772004e+01 1.650425e-02
1.309524e+01 2.756000e+01 1.634000e-02
1.369047e+01 2.693265e+01 1.570983e-02
1.398809e+01 2.662771e+01 1.541264e-02
1.413690e+01 2.647786e+01 1.526934e-02
1.428571e+01 2.633000e+01 1.513000e-02
1.488095e+01 2.574928e+01 1.459489e-02
1.517857e+01 2.546646e+01 1.434172e-02
1.532738e+01 2.532735e+01 1.421932e-02
1.547619e+01 2.519000e+01 1.410000e-02
1.607143e+01 2.464927e+01 1.363948e-02
1.636905e+01 2.438621e+01 1.342028e-02
1.651786e+01 2.425712e+01 1.331393e-02
1.666667e+01 2.413000e+01 1.321000e-02
1.726190e+01 2.363430e+01 1.280750e-02
1.755952e+01 2.339422e+01 1.261512e-02
1.770833e+01 2.327633e+01 1.252157e-02
1.785714e+01 2.316000e+01 1.243000e-02
1.845238e+01 2.270158e+01 1.207491e-02
1.875000e+01 2.247812e+01 1.190459e-02
1.904762e+01 2.226000e+01 1.174000e-02
1.964286e+01 2.183594e+01 1.142083e-02
1.994048e+01 2.163047e+01 1.126766e-02
2.023810e+01 2.143000e+01 1.112000e-02
2.083333e+01 2.103671e+01 1.083641e-02
2.113095e+01 2.084572e+01 1.070083e-02
2.142857e+01 2.066000e+01 1.057000e-02
2.261904e+01 1.995650e+01 1.007452e-02
2.321428e+01 1.962898e+01 9.844083e-03
2.351190e+01 1.947202e+01 9.733759e-03
2.380952e+01 1.932000e+01 9.627000e-03
2.529762e+01 1.859602e+01 9.121751e-03
2.604166e+01 1.826123e+01 8.887953e-03
2.641369e+01 1.810231e+01 8.776479e-03
2.678571e+01 1.795000e+01 8.669000e-03
2.827381e+01 1.739060e+01 8.261000e-03
2.901785e+01 1.713105e+01 8.070997e-03
2.938988e+01 1.700483e+01 7.980020e-03
2.976190e+01 1.688000e+01 7.892000e-03
3.125000e+01 1.636898e+01 7.556040e-03
3.199405e+01 1.611562e+01 7.398424e-03
3.236608e+01 1.599140e+01 7.322609e-03
3.273810e+01 1.587000e+01 7.249000e-03
3.422620e+01 1.541131e+01 6.966362e-03
3.497024e+01 1.519608e+01 6.832954e-03
3.534227e+01 1.509193e+01 6.768595e-03
3.571429e+01 1.499000e+01 6.706000e-03
3.720238e+01 1.459033e+01 6.465557e-03
3.794643e+01 1.439711e+01 6.351742e-03
3.831846e+01 1.430267e+01 6.296687e-03
3.869048e+01 1.421000e+01 6.243000e-03
4.017858e+01 1.384949e+01 6.035505e-03
4.092262e+01 1.367659e+01 5.936707e-03
4.129465e+01 1.359241e+01 5.888791e-03
4.166667e+01 1.351000e+01 5.842000e-03
4.315476e+01 1.319037e+01 5.661176e-03
4.389881e+01 1.303737e+01 5.574921e-03
4.427084e+01 1.296292e+01 5.533008e-03
4.464286e+01 1.289000e+01 5.492000e-03
4.613096e+01 1.260738e+01 5.332803e-03
4.687500e+01 1.247158e+01 5.256517e-03
4.724703e+01 1.240523e+01 5.219375e-03
4.761905e+01 1.234000e+01 5.183000e-03
5.059524e+01 1.183845e+01 4.908131e-03
5.208334e+01 1.160286e+01 4.781447e-03
5.282738e+01 1.148967e+01 4.721130e-03
5.357143e+01 1.138000e+01 4.663000e-03
5.654762e+01 1.096186e+01 4.442088e-03
5.803571e+01 1.076583e+01 4.339095e-03
5.877976e+01 1.067155e+01 4.289753e-03
5.952381e+01 1.058000e+01 4.242000e-03
6.250000e+01 1.022845e+01 4.059575e-03
6.398810e+01 1.006233e+01 3.974013e-03
6.473214e+01 9.982107e+00 3.932889e-03
6.547619e+01 9.904000e+00 3.893000e-03
6.845238e+01 9.603181e+00 3.740367e-03
6.994047e+01 9.460473e+00 3.668456e-03
7.068452e+01 9.391387e+00 3.633765e-03
7.142857e+01 9.324000e+00 3.600000e-03
7.440476e+01 9.063732e+00 3.469819e-03
7.589285e+01 8.939825e+00 3.408044e-03
7.663690e+01 8.879718e+00 3.378147e-03
7.738095e+01 8.821000e+00 3.349000e-03
8.035714e+01 8.593820e+00 3.236611e-03
8.184524e+01 8.485329e+00 3.183182e-03
8.258928e+01 8.432593e+00 3.157283e-03
8.333333e+01 8.381000e+00 3.132000e-03
8.928572e+01 7.991939e+00 2.942445e-03
9.226191e+01 7.813036e+00 2.856045e-03
9.375000e+01 7.727949e+00 2.815183e-03
9.449405e+01 7.686569e+00 2.795374e-03
9.523810e+01 7.646000e+00 2.776000e-03
1.011905e+02 7.335572e+00 2.628520e-03
1.041667e+02 7.190300e+00 2.560110e-03
1.056548e+02 7.120569e+00 2.527471e-03
1.071429e+02 7.053000e+00 2.496000e-03
1.190476e+02 6.558000e+00 2.269000e-03
