2.500000e-03 1.051000e+00 2.573000e+00
2.750000e-03 1.102000e+00 2.496000e+00
2.875000e-03 1.130600e+00 2.459825e+00
2.937500e-03 1.145599e+00 2.442262e+00
2.968750e-03 1.153255e+00 2.433597e+00
3.000000e-03 1.161000e+00 2.425000e+00
3.125000e-03 1.192354e+00 2.390597e+00
3.187500e-03 1.208160e+00 2.373630e+00
3.218750e-03 1.216080e+00 2.365261e+00
3.250000e-03 1.224000e+00 2.357000e+00
3.375000e-03 1.255727e+00 2.324832e+00
3.437500e-03 1.271463e+00 2.309242e+00
3.468750e-03 1.279264e+00 2.301577e+00
3.500000e-03 1.287000e+00 2.294000e+00
3.625000e-03 1.317383e+00 2.264097e+00
3.687500e-03 1.332284e+00 2.249429e+00
3.718750e-03 1.339664e+00 2.242182e+00
3.750000e-03 1.347000e+00 2.235000e+00
3.875000e-03 1.376331e+00 2.206620e+00
3.937500e-03 1.390801e+00 2.192693e+00
3.968750e-03 1.397944e+00 2.185814e+00
4.000000e-03 1.405000e+00 2.179000e+00
4.125000e-03 1.432520e+00 2.152112e+00
4.187500e-03 1.445893e+00 2.138938e+00
4.250000e-03 1.459000e+00 2.126000e+00
4.375000e-03 1.484892e+00 2.100604e+00
4.437500e-03 1.497575e+00 2.088187e+00
4.500000e-03 1.510000e+00 2.076000e+00
4.750000e-03 1.557804e+00 2.028675e+00
4.875000e-03 1.580428e+00 2.005955e+00
4.937500e-03 1.591358e+00 1.994873e+00
5.000000e-03 1.602000e+00 1.984000e+00
5.312500e-03 1.652724e+00 1.931337e+00
5.468750e-03 1.676483e+00 1.906185e+00
5.546875e-03 1.687907e+00 1.893960e+00
5.625000e-03 1.699000e+00 1.882000e+00
5.937500e-03 1.741593e+00 1.835674e+00
6.093750e-03 1.761747e+00 1.813465e+00
6.171875e-03 1.771495e+00 1.802633e+00
6.250000e-03 1.781000e+00 1.792000e+00
6.562500e-03 1.817677e+00 1.750459e+00
6.718750e-03 1.835169e+00 1.730415e+00
6.875000e-03 1.852000e+00 1.711000e+00
7.187500e-03 1.884478e+00 1.673480e+00
7.343750e-03 1.900022e+00 1.655452e+00
7.500000e-03 1.915000e+00 1.638000e+00
7.812500e-03 1.943677e+00 1.604086e+00
7.968750e-03 1.957489e+00 1.587768e+00
8.125000e-03 1.971000e+00 1.572000e+00
8.437500e-03 1.997881e+00 1.541741e+00
8.593750e-03 2.011082e+00 1.527186e+00
8.750000e-03 2.024000e+00 1.513000e+00
9.062500e-03 2.048897e+00 1.484969e+00
9.218750e-03 2.061018e+00 1.471302e+00
9.375000e-03 2.073000e+00 1.458000e+00
9.687500e-03 2.097071e+00 1.432370e+00
9.843750e-03 2.109074e+00 1.420022e+00
1.000000e-02 2.121000e+00 1.408000e+00
1.062500e-02 2.167420e+00 1.361370e+00
1.093750e-02 2.190234e+00 1.339181e+00
1.109375e-02 2.201607e+00 1.328448e+00
1.125000e-02 2.213000e+00 1.318000e+00
1.187500e-02 2.259122e+00 1.277989e+00
1.218750e-02 2.282469e+00 1.259077e+00
1.234375e-02 2.294212e+00 1.249928e+00
1.250000e-02 2.306000e+00 1.241000e+00
1.312500e-02 2.353168e+00 1.206409e+00
1.343750e-02 2.376948e+00 1.189884e+00
1.359375e-02 2.388930e+00 1.181854e+00
1.375000e-02 2.401000e+00 1.174000e+00
1.437500e-02 2.449863e+00 1.143610e+00
1.468750e-02 2.474737e+00 1.129056e+00
1.484375e-02 2.487313e+00 1.121962e+00
1.500000e-02 2.500000e+00 1.115000e+00
1.562500e-02 2.551354e+00 1.087769e+00
1.593750e-02 2.577481e+00 1.074655e+00
1.609375e-02 2.590686e+00 1.068261e+00
1.625000e-02 2.604000e+00 1.062000e+00
1.687500e-02 2.657884e+00 1.037806e+00
1.718750e-02 2.685259e+00 1.026214e+00
1.734375e-02 2.699079e+00 1.020557e+00
1.750000e-02 2.713000e+00 1.015000e+00
1.875000e-02 2.826361e+00 9.722801e-01
1.937500e-02 2.884545e+00 9.522343e-01
1.968750e-02 2.914096e+00 9.426130e-01
1.984375e-02 2.929001e+00 9.379153e-01
2.000000e-02 2.944000e+00 9.333000e-01
2.125000e-02 3.065772e+00 8.979488e-01
2.187500e-02 3.127895e+00 8.813512e-01
2.218750e-02 3.159315e+00 8.733619e-01
2.234375e-02 3.175123e+00 8.694512e-01
2.250000e-02 3.191000e+00 8.656000e-01
2.375000e-02 3.319192e+00 8.358114e-01
2.437500e-02 3.384202e+00 8.216833e-01
2.468750e-02 3.416991e+00 8.148525e-01
2.500000e-02 3.450000e+00 8.082000e-01
2.625000e-02 3.583455e+00 7.826296e-01
2.687500e-02 3.650962e+00 7.705057e-01
2.718750e-02 3.684914e+00 7.646333e-01
2.750000e-02 3.719000e+00 7.589000e-01
2.875000e-02 3.855882e+00 7.366863e-01
2.937500e-02 3.924748e+00 7.260821e-01
2.968750e-02 3.959319e+00 7.209327e-01
3.000000e-02 3.994000e+00 7.159000e-01
3.125000e-02 4.133524e+00 6.964437e-01
3.187500e-02 4.203659e+00 6.871499e-01
3.218750e-02 4.238807e+00 6.826286e-01
3.250000e-02 4.274000e+00 6.782000e-01
3.375000e-02 4.414819e+00 6.609737e-01
3.437500e-02 4.485340e+00 6.526969e-01
3.468750e-02 4.520648e+00 6.486599e-01
3.500000e-02 4.556000e+00 6.447000e-01
3.625000e-02 4.697892e+00 6.292881e-01
3.687500e-02 4.768958e+00 6.218737e-01
3.718750e-02 4.804490e+00 6.182538e-01
3.750000e-02 4.840000e+00 6.147000e-01
3.875000e-02 4.981652e+00 6.008465e-01
3.937500e-02 5.052344e+00 5.941693e-01
3.968750e-02 5.087672e+00 5.909060e-01
4.000000e-02 5.123000e+00 5.877000e-01
4.125000e-02 5.264506e+00 5.752014e-01
4.187500e-02 5.335278e+00 5.691653e-01
4.218750e-02 5.370650e+00 5.662095e-01
4.250000e-02 5.406000e+00 5.633000e-01
4.375000e-02 5.547270e+00 5.518986e-01
4.437500e-02 5.617732e+00 5.463727e-01
4.468750e-02 5.652895e+00 5.436647e-01
4.500000e-02 5.688000e+00 5.410000e-01
4.750000e-02 5.967500e+00 5.206295e-01
4.875000e-02 6.106204e+00 5.110734e-01
4.937500e-02 6.175230e+00 5.064725e-01
4.968750e-02 6.209649e+00 5.042195e-01
5.000000e-02 6.244000e+00 5.020000e-01
5.312500e-02 6.585945e+00 4.806751e-01
5.468750e-02 6.755290e+00 4.706657e-01
5.546875e-02 6.839386e+00 4.658579e-01
5.585938e-02 6.881260e+00 4.635090e-01
5.625000e-02 6.923000e+00 4.612000e-01
5.937500e-02 7.254420e+00 4.434658e-01
6.093750e-02 7.418106e+00 4.351219e-01
6.171875e-02 7.499306e+00 4.311036e-01
6.210938e-02 7.539721e+00 4.291367e-01
6.250000e-02 7.580000e+00 4.272000e-01
6.562500e-02 7.899919e+00 4.122525e-01
6.718750e-02 8.057880e+00 4.051684e-01
6.796875e-02 8.136204e+00 4.017412e-01
6.875000e-02 8.214000e+00 3.984000e-01
7.187500e-02 8.522205e+00 3.854993e-01
7.343750e-02 8.674079e+00 3.793675e-01
7.421875e-02 8.749315e+00 3.763974e-01
7.500000e-02 8.824000e+00 3.735000e-01
7.812500e-02 9.119603e+00 3.623256e-01
7.968750e-02 9.265218e+00 3.570065e-01
8.046875e-02 9.337362e+00 3.544245e-01
8.125000e-02 9.409000e+00 3.519000e-01
8.437500e-02 9.692909e+00 3.421087e-01
8.593750e-02 9.832849e+00 3.374198e-01
8.671875e-02 9.902177e+00 3.351367e-01
8.750000e-02 9.971000e+00 3.329000e-01
9.062500e-02 1.024324e+01 3.241989e-01
9.218750e-02 1.037740e+01 3.200243e-01
9.296875e-02 1.044391e+01 3.179913e-01
9.375000e-02 1.051000e+01 3.160000e-01
9.687500e-02 1.077262e+01 3.082836e-01
9.843750e-02 1.090219e+01 3.045810e-01
9.921875e-02 1.096636e+01 3.027742e-01
1.000000e-01 1.103000e+01 3.010000e-01
1.062500e-01 1.152674e+01 2.874239e-01
1.093750e-01 1.176666e+01 2.810804e-01
1.109375e-01 1.188422e+01 2.780406e-01
1.125000e-01 1.200000e+01 2.751000e-01
1.187500e-01 1.245420e+01 2.639020e-01
1.218750e-01 1.267486e+01 2.586610e-01
1.234375e-01 1.278320e+01 2.561430e-01
1.250000e-01 1.289000e+01 2.537000e-01
1.312500e-01 1.330835e+01 2.443306e-01
1.343750e-01 1.351160e+01 2.399095e-01
1.359375e-01 1.361146e+01 2.377761e-01
1.375000e-01 1.371000e+01 2.357000e-01
1.437500e-01 1.409808e+01 2.277128e-01
1.468750e-01 1.428668e+01 2.239247e-01
1.484375e-01 1.437911e+01 2.220903e-01
1.500000e-01 1.447000e+01 2.203000e-01
1.562500e-01 1.482257e+01 2.133707e-01
1.593750e-01 1.499313e+01 2.100676e-01
1.609375e-01 1.507701e+01 2.084651e-01
1.625000e-01 1.516000e+01 2.069000e-01
1.687500e-01 1.548990e+01 2.008538e-01
1.718750e-01 1.565174e+01 1.979705e-01
1.734375e-01 1.573142e+01 1.965698e-01
1.750000e-01 1.581000e+01 1.952000e-01
1.875000e-01 1.641065e+01 1.848737e-01
1.937500e-01 1.669241e+01 1.801281e-01
1.968750e-01 1.682808e+01 1.778721e-01
2.000000e-01 1.696000e+01 1.757000e-01
2.125000e-01 1.746763e+01 1.674560e-01
2.187500e-01 1.770876e+01 1.636170e-01
2.218750e-01 1.782570e+01 1.617787e-01
2.250000e-01 1.794000e+01 1.600000e-01
2.375000e-01 1.838468e+01 1.531982e-01
2.437500e-01 1.859695e+01 1.500108e-01
2.468750e-01 1.869979e+01 1.484812e-01
2.500000e-01 1.880000e+01 1.470000e-01
2.625000e-01 1.918394e+01 1.413587e-01
2.687500e-01 1.936576e+01 1.387127e-01
2.750000e-01 1.954000e+01 1.362000e-01
2.875000e-01 1.987587e+01 1.314187e-01
2.937500e-01 2.003613e+01 1.291593e-01
3.000000e-01 2.019000e+01 1.270000e-01
3.125000e-01 2.048506e+01 1.228579e-01
3.187500e-01 2.062539e+01 1.208882e-01
3.250000e-01 2.076000e+01 1.190000e-01
3.375000e-01 2.101793e+01 1.153746e-01
3.437500e-01 2.114109e+01 1.136510e-01
3.500000e-01 2.126000e+01 1.120000e-01
3.625000e-01 2.149133e+01 1.088433e-01
3.687500e-01 2.160261e+01 1.073423e-01
3.750000e-01 2.171000e+01 1.059000e-01
3.875000e-01 2.191682e+01 1.031238e-01
4.000000e-01 2.211000e+01 1.005000e-01
4.125000e-01 2.229076e+01 9.796967e-02
4.250000e-01 2.246000e+01 9.558000e-02
4.375000e-01 2.262402e+01 9.332015e-02
4.500000e-01 2.278000e+01 9.120000e-02
4.750000e-01 2.307138e+01 8.721556e-02
4.875000e-01 2.320536e+01 8.536047e-02
5.000000e-01 2.333000e+01 8.361000e-02
5.312500e-01 2.361391e+01 7.950981e-02
5.468750e-01 2.374180e+01 7.761561e-02
5.625000e-01 2.386000e+01 7.584000e-02
5.937500e-01 2.408285e+01 7.250594e-02
6.250000e-01 2.428000e+01 6.949000e-02
6.562500e-01 2.445237e+01 6.670663e-02
6.875000e-01 2.460000e+01 6.418000e-02
7.187500e-01 2.473440e+01 6.182580e-02
7.500000e-01 2.485000e+01 5.967000e-02
8.125000e-01 2.503000e+01 5.580000e-02
8.750000e-01 2.516000e+01 5.243000e-02
9.375000e-01 2.525000e+01 4.947000e-02
1.000000e+00 2.530000e+01 4.684000e-02
1.125000e+00 2.531000e+01 4.240000e-02
1.250000e+00 2.523000e+01 3.877000e-02
1.375000e+00 2.508000e+01 3.575000e-02
1.500000e+00 2.488000e+01 3.319000e-02
1.625000e+00 2.464000e+01 3.100000e-02
1.687500e+00 2.450891e+01 3.000579e-02
1.750000e+00 2.437000e+01 2.909000e-02
1.875000e+00 2.406929e+01 2.741086e-02
1.937500e+00 2.391712e+01 2.664789e-02
2.000000e+00 2.377000e+01 2.594000e-02
2.125000e+00 2.352331e+01 2.461543e-02
2.187500e+00 2.340266e+01 2.400328e-02
2.250000e+00 2.327000e+01 2.343000e-02
2.375000e+00 2.292242e+01 2.235648e-02
2.437500e+00 2.273026e+01 2.185857e-02
2.500000e+00 2.254000e+01 2.139000e-02
2.625000e+00 2.221549e+01 2.050571e-02
2.687500e+00 2.207028e+01 2.009201e-02
2.750000e+00 2.193000e+01 1.970000e-02
2.875000e+00 2.163424e+01 1.895524e-02
2.937500e+00 2.148236e+01 1.860433e-02
3.000000e+00 2.133000e+01 1.827000e-02
3.125000e+00 2.103132e+01 1.763096e-02
3.187500e+00 2.088475e+01 1.732858e-02
3.250000e+00 2.074000e+01 1.704000e-02
3.375000e+00 2.045200e+01 1.649009e-02
3.437500e+00 2.030992e+01 1.622959e-02
3.500000e+00 2.017000e+01 1.598000e-02
3.625000e+00 1.989629e+01 1.550020e-02
3.687500e+00 1.976223e+01 1.527097e-02
3.750000e+00 1.963000e+01 1.505000e-02
3.875000e+00 1.936763e+01 1.462202e-02
3.937500e+00 1.923806e+01 1.441708e-02
4.000000e+00 1.911000e+01 1.422000e-02
4.125000e+00 1.885660e+01 1.384333e-02
4.187500e+00 1.873218e+01 1.366362e-02
4.250000e+00 1.861000e+01 1.349000e-02
4.375000e+00 1.837109e+01 1.315156e-02
4.437500e+00 1.825448e+01 1.298819e-02
4.500000e+00 1.814000e+01 1.283000e-02
4.750000e+00 1.769358e+01 1.223471e-02
4.875000e+00 1.747841e+01 1.195920e-02
4.937500e+00 1.737326e+01 1.182747e-02
5.000000e+00 1.727000e+01 1.170000e-02
5.312500e+00 1.676904e+01 1.109450e-02
5.468750e+00 1.652977e+01 1.081346e-02
5.546875e+00 1.641356e+01 1.067934e-02
5.625000e+00 1.630000e+01 1.055000e-02
5.937500e+00 1.586033e+01 1.005988e-02
6.093750e+00 1.565080e+01 9.831856e-03
6.171875e+00 1.554919e+01 9.722673e-03
6.250000e+00 1.545000e+01 9.617000e-03
6.562500e+00 1.506837e+01 9.212872e-03
6.718750e+00 1.488615e+01 9.023022e-03
6.796875e+00 1.479730e+01 8.931677e-03
6.875000e+00 1.471000e+01 8.843000e-03
7.187500e+00 1.436632e+01 8.503059e-03
7.343750e+00 1.420021e+01 8.342697e-03
7.421875e+00 1.411923e+01 8.265311e-03
7.500000e+00 1.404000e+01 8.190000e-03
7.812500e+00 1.373591e+01 7.899989e-03
7.968750e+00 1.359069e+01 7.762461e-03
8.046875e+00 1.351979e+01 7.695904e-03
8.125000e+00 1.345000e+01 7.631000e-03
8.437500e+00 1.317449e+01 7.380530e-03
8.593750e+00 1.304040e+01 7.261331e-03
8.750000e+00 1.291000e+01 7.147000e-03
9.062500e+00 1.265793e+01 6.927647e-03
9.218750e+00 1.253693e+01 6.823237e-03
9.375000e+00 1.242000e+01 6.723000e-03
9.687500e+00 1.219448e+01 6.530427e-03
9.843750e+00 1.208579e+01 6.438501e-03
1.000000e+01 1.198000e+01 6.350000e-03
1.062500e+01 1.157122e+01 6.017116e-03
1.093750e+01 1.137659e+01 5.863631e-03
1.109375e+01 1.128219e+01 5.790512e-03
1.125000e+01 1.119000e+01 5.720000e-03
1.187500e+01 1.083345e+01 5.451459e-03
1.218750e+01 1.066338e+01 5.326122e-03
1.234375e+01 1.058077e+01 5.266080e-03
1.250000e+01 1.050000e+01 5.208000e-03
1.312500e+01 1.018718e+01 4.986778e-03
1.343750e+01 1.003744e+01 4.883165e-03
1.359375e+01 9.964501e+00 4.833354e-03
1.375000e+01 9.893000e+00 4.785000e-03
1.437500e+01 9.614616e+00 4.599258e-03
1.468750e+01 9.480644e+00 4.511531e-03
1.484375e+01 9.415227e+00 4.469192e-03
1.500000e+01 9.351000e+00 4.428000e-03
1.562500e+01 9.100674e+00 4.269647e-03
1.593750e+01 8.979990e+00 4.194653e-03
1.609375e+01 8.920988e+00 4.158374e-03
1.625000e+01 8.863000e+00 4.123000e-03
1.687500e+01 8.636464e+00 3.986407e-03
1.718750e+01 8.527068e+00 3.921371e-03
1.734375e+01 8.473568e+00 3.889819e-03
1.750000e+01 8.421000e+00 3.859000e-03
1.875000e+01 8.019562e+00 3.627609e-03
1.937500e+01 7.832639e+00 3.521969e-03
1.968750e+01 7.743276e+00 3.471968e-03
1.984375e+01 7.699730e+00 3.447721e-03
2.000000e+01 7.657000e+00 3.424000e-03
2.125000e+01 7.329017e+00 3.243307e-03
2.187500e+01 7.176127e+00 3.159490e-03
2.218750e+01 7.103189e+00 3.119518e-03
2.250000e+01 7.033000e+00 3.081000e-03
2.375000e+01 6.767796e+00 2.935367e-03
2.437500e+01 6.646220e+00 2.867720e-03
2.468750e+01 6.588811e+00 2.835341e-03
2.500000e+01 6.534000e+00 2.804000e-03
2.625000e+01 6.328971e+00 2.683976e-03
2.687500e+01 6.236637e+00 2.627534e-03
2.718750e+01 6.193608e+00 2.600370e-03
2.750000e+01 6.153000e+00 2.574000e-03
2.875000e+01 6.013734e+00 2.472915e-03
2.937500e+01 5.949027e+00 2.425282e-03
2.968750e+01 5.916204e+00 2.402321e-03
3.000000e+01 5.882000e+00 2.380000e-03
3.125000e+01 5.720310e+00 2.294302e-03
3.187500e+01 5.632848e+00 2.253748e-03
3.218750e+01 5.588986e+00 2.234131e-03
3.250000e+01 5.546000e+00 2.215000e-03
3.375000e+01 5.390051e+00 2.141032e-03
3.437500e+01 5.319197e+00 2.105794e-03
3.468750e+01 5.285226e+00 2.088699e-03
3.500000e+01 5.252000e+00 2.072000e-03
3.625000e+01 5.119183e+00 2.007413e-03
3.687500e+01 5.054142e+00 1.976602e-03
3.718750e+01 5.022266e+00 1.961635e-03
3.750000e+01 4.991000e+00 1.947000e-03
3.875000e+01 4.870685e+00 1.890301e-03
3.937500e+01 4.813320e+00 1.863163e-03
3.968750e+01 4.785395e+00 1.849949e-03
4.000000e+01 4.758000e+00 1.837000e-03
4.125000e+01 4.650900e+00 1.786628e-03
4.187500e+01 4.599164e+00 1.762413e-03
4.218750e+01 4.573862e+00 1.750596e-03
4.250000e+01 4.549000e+00 1.739000e-03
4.375000e+01 4.452059e+00 1.693797e-03
4.437500e+01 4.405310e+00 1.672038e-03
4.468750e+01 4.382455e+00 1.661418e-03
4.500000e+01 4.360000e+00 1.651000e-03
4.750000e+01 4.189078e+00 1.572004e-03
4.875000e+01 4.109065e+00 1.535394e-03
4.937500e+01 4.070522e+00 1.517902e-03
5.000000e+01 4.033000e+00 1.501000e-03
5.312500e+01 3.852382e+00 1.421285e-03
5.468750e+01 3.767379e+00 1.384477e-03
5.546875e+01 3.726540e+00 1.366929e-03
5.585938e+01 3.706595e+00 1.358384e-03
5.625000e+01 3.687000e+00 1.350000e-03
5.937500e+01 3.536821e+00 1.285646e-03
6.093750e+01 3.466474e+00 1.255484e-03
6.171875e+01 3.432708e+00 1.241011e-03
6.250000e+01 3.400000e+00 1.227000e-03
6.562500e+01 3.275203e+00 1.173586e-03
6.718750e+01 3.216617e+00 1.148602e-03
6.796875e+01 3.188411e+00 1.136613e-03
6.875000e+01 3.161000e+00 1.125000e-03
7.187500e+01 3.055510e+00 1.080697e-03
7.343750e+01 3.005591e+00 1.059854e-03
7.421875e+01 2.981476e+00 1.049797e-03
7.500000e+01 2.958000e+00 1.040000e-03
7.812500e+01 2.867711e+00 1.002075e-03
7.968750e+01 2.824918e+00 9.840368e-04
8.046875e+01 2.804205e+00 9.753061e-04
8.125000e+01 2.784000e+00 9.668000e-04
8.437500e+01 2.705890e+00 9.341212e-04
8.593750e+01 2.668683e+00 9.186304e-04
8.671875e+01 2.650632e+00 9.111269e-04
8.750000e+01 2.633000e+00 9.038000e-04
9.062500e+01 2.564789e+00 8.754049e-04
9.218750e+01 2.532251e+00 8.618389e-04
9.296875e+01 2.516449e+00 8.552467e-04
9.375000e+01 2.501000e+00 8.488000e-04
9.687500e+01 2.441205e+00 8.238352e-04
9.843750e+01 2.412591e+00 8.118962e-04
9.921875e+01 2.398657e+00 8.060874e-04
1.000000e+02 2.385000e+00 8.004000e-04
1.062500e+02 2.281193e+00 7.573883e-04
1.093750e+02 2.233086e+00 7.375513e-04
1.109375e+02 2.210135e+00 7.281045e-04
1.117188e+02 2.198960e+00 7.235078e-04
1.125000e+02 2.188000e+00 7.190000e-04
1.187500e+02 2.104120e+00 6.844695e-04
1.218750e+02 2.064933e+00 6.683231e-04
1.234375e+02 2.046158e+00 6.605848e-04
1.250000e+02 2.028000e+00 6.531000e-04
1.312500e+02 1.958905e+00 6.246198e-04
1.343750e+02 1.926585e+00 6.113010e-04
1.359375e+02 1.911061e+00 6.049045e-04
1.375000e+02 1.896000e+00 5.987000e-04
1.437500e+02 1.838228e+00 5.749040e-04
1.468750e+02 1.810964e+00 5.636801e-04
1.484375e+02 1.797805e+00 5.582662e-04
1.500000e+02 1.785000e+00 5.530000e-04
1.562500e+02 1.735692e+00 5.327494e-04
1.593750e+02 1.712321e+00 5.231594e-04
1.609375e+02 1.701017e+00 5.185212e-04
1.625000e+02 1.690000e+00 5.140000e-04
1.687500e+02 1.647535e+00 4.965508e-04
1.718750e+02 1.627347e+00 4.882510e-04
1.734375e+02 1.617559e+00 4.842275e-04
1.750000e+02 1.608000e+00 4.803000e-04
1.875000e+02 1.536121e+00 4.508959e-04
1.937500e+02 1.503327e+00 4.375059e-04
1.968750e+02 1.487832e+00 4.311736e-04
2.000000e+02 1.473000e+00 4.251000e-04
2.125000e+02 1.417407e+00 4.021480e-04
2.187500e+02 1.391862e+00 3.915339e-04
2.218750e+02 1.379710e+00 3.864753e-04
2.250000e+02 1.368000e+00 3.816000e-04
2.500000e+02 1.283000e+00 3.464000e-04
