2.564103e-03 1.263000e+00 2.384000e+00
2.820513e-03 1.325000e+00 2.309000e+00
2.948718e-03 1.356300e+00 2.273750e+00
3.012820e-03 1.371782e+00 2.256692e+00
3.044872e-03 1.379435e+00 2.248301e+00
3.076923e-03 1.387000e+00 2.240000e+00
3.205128e-03 1.416531e+00 2.207009e+00
3.269230e-03 1.430899e+00 2.190826e+00
3.333333e-03 1.445000e+00 2.175000e+00
3.461538e-03 1.472925e+00 2.144399e+00
3.525641e-03 1.486609e+00 2.129558e+00
3.589744e-03 1.500000e+00 2.115000e+00
3.717949e-03 1.526133e+00 2.086096e+00
3.782051e-03 1.538761e+00 2.071904e+00
3.846154e-03 1.551000e+00 2.058000e+00
3.974359e-03 1.574620e+00 2.030985e+00
4.038461e-03 1.585978e+00 2.017861e+00
4.102564e-03 1.597000e+00 2.005000e+00
4.230769e-03 1.618448e+00 1.979695e+00
4.294872e-03 1.628849e+00 1.967264e+00
4.358974e-03 1.639000e+00 1.955000e+00
4.487179e-03 1.658916e+00 1.930658e+00
4.551282e-03 1.668590e+00 1.918707e+00
4.615385e-03 1.678000e+00 1.907000e+00
4.871795e-03 1.713622e+00 1.862467e+00
5.000000e-03 1.730247e+00 1.841367e+00
5.128205e-03 1.746000e+00 1.821000e+00
5.448718e-03 1.783187e+00 1.771135e+00
5.608974e-03 1.800555e+00 1.747118e+00
5.769231e-03 1.817000e+00 1.724000e+00
6.089743e-03 1.848160e+00 1.680003e+00
6.250000e-03 1.862884e+00 1.659111e+00
6.410256e-03 1.877000e+00 1.639000e+00
6.730769e-03 1.904246e+00 1.599945e+00
6.891026e-03 1.917330e+00 1.581156e+00
7.051282e-03 1.930000e+00 1.563000e+00
7.371795e-03 1.954522e+00 1.527984e+00
7.532052e-03 1.966394e+00 1.511205e+00
7.692308e-03 1.978000e+00 1.495000e+00
8.012821e-03 2.000865e+00 1.463710e+00
8.173077e-03 2.012048e+00 1.448643e+00
8.333333e-03 2.023000e+00 1.434000e+00
8.653846e-03 2.044226e+00 1.405304e+00
8.814103e-03 2.054639e+00 1.391426e+00
8.974359e-03 2.065000e+00 1.378000e+00
9.294872e-03 2.085993e+00 1.352350e+00
9.455128e-03 2.096520e+00 1.340027e+00
9.615385e-03 2.107000e+00 1.328000e+00
9.935898e-03 2.127623e+00 1.304131e+00
1.025641e-02 2.148000e+00 1.281000e+00
1.089744e-02 2.188751e+00 1.237560e+00
1.121795e-02 2.209274e+00 1.217265e+00
1.153846e-02 2.230000e+00 1.198000e+00
1.217949e-02 2.271988e+00 1.161180e+00
1.250000e-02 2.293338e+00 1.143719e+00
1.282051e-02 2.315000e+00 1.127000e+00
1.346154e-02 2.358956e+00 1.094953e+00
1.378205e-02 2.381318e+00 1.079686e+00
1.410256e-02 2.404000e+00 1.065000e+00
1.474359e-02 2.449966e+00 1.036595e+00
1.506411e-02 2.473324e+00 1.023023e+00
1.538462e-02 2.497000e+00 1.010000e+00
1.602565e-02 2.544838e+00 9.852012e-01
1.634616e-02 2.569197e+00 9.733969e-01
1.666667e-02 2.594000e+00 9.620000e-01
1.730770e-02 2.644792e+00 9.397619e-01
1.762821e-02 2.670722e+00 9.290154e-01
1.794872e-02 2.697000e+00 9.186000e-01
1.923077e-02 2.803368e+00 8.793350e-01
1.987180e-02 2.857655e+00 8.611351e-01
2.019231e-02 2.885174e+00 8.524282e-01
2.051282e-02 2.913000e+00 8.440000e-01
2.179487e-02 3.026375e+00 8.116745e-01
2.243590e-02 3.084257e+00 7.964512e-01
2.275641e-02 3.113518e+00 7.891198e-01
2.307692e-02 3.143000e+00 7.820000e-01
2.435897e-02 3.262007e+00 7.547254e-01
2.500000e-02 3.322219e+00 7.418591e-01
2.532052e-02 3.352532e+00 7.356479e-01
2.564103e-02 3.383000e+00 7.296000e-01
2.692308e-02 3.505749e+00 7.062786e-01
2.756410e-02 3.567666e+00 6.952013e-01
2.788462e-02 3.598778e+00 6.898356e-01
2.820513e-02 3.630000e+00 6.846000e-01
2.948718e-02 3.755570e+00 6.643830e-01
3.012821e-02 3.818687e+00 6.547504e-01
3.044872e-02 3.850321e+00 6.500734e-01
3.076923e-02 3.882000e+00 6.455000e-01
3.205128e-02 4.008803e+00 6.277639e-01
3.269231e-02 4.072330e+00 6.192754e-01
3.301282e-02 4.104143e+00 6.151447e-01
3.333333e-02 4.136000e+00 6.111000e-01
3.461538e-02 4.263839e+00 5.953954e-01
3.525641e-02 4.327901e+00 5.878651e-01
3.557693e-02 4.359950e+00 5.841962e-01
3.589744e-02 4.392000e+00 5.806000e-01
3.717949e-02 4.520056e+00 5.666211e-01
3.782051e-02 4.584034e+00 5.599013e-01
3.814103e-02 4.616017e+00 5.566209e-01
3.846154e-02 4.648000e+00 5.534000e-01
3.974359e-02 4.776098e+00 5.408312e-01
4.038461e-02 4.840109e+00 5.347705e-01
4.070513e-02 4.872076e+00 5.318088e-01
4.102564e-02 4.904000e+00 5.289000e-01
4.230769e-02 5.031254e+00 5.175740e-01
4.294871e-02 5.094681e+00 5.121091e-01
4.326923e-02 5.126352e+00 5.094336e-01
4.358974e-02 5.158000e+00 5.068000e-01
4.487180e-02 5.284659e+00 4.964760e-01
4.551282e-02 5.347903e+00 4.914696e-01
4.583334e-02 5.379476e+00 4.890155e-01
4.615385e-02 5.411000e+00 4.866000e-01
4.871795e-02 5.661945e+00 4.681125e-01
5.000000e-02 5.786416e+00 4.594353e-01
5.064103e-02 5.848333e+00 4.552584e-01
5.096154e-02 5.879200e+00 4.532137e-01
5.128205e-02 5.910000e+00 4.512000e-01
5.448718e-02 6.216218e+00 4.318970e-01
5.608974e-02 6.367802e+00 4.228520e-01
5.689103e-02 6.443099e+00 4.185087e-01
5.729167e-02 6.480603e+00 4.163866e-01
5.769231e-02 6.518000e+00 4.143000e-01
6.089743e-02 6.815321e+00 3.982421e-01
6.250000e-02 6.962390e+00 3.906786e-01
6.330128e-02 7.035404e+00 3.870364e-01
6.370192e-02 7.071759e+00 3.852542e-01
6.410256e-02 7.108000e+00 3.835000e-01
6.730769e-02 7.395954e+00 3.699875e-01
6.891026e-02 7.538246e+00 3.635972e-01
6.971154e-02 7.608843e+00 3.605089e-01
7.051282e-02 7.679000e+00 3.575000e-01
7.371795e-02 7.957056e+00 3.459009e-01
7.532052e-02 8.094284e+00 3.403864e-01
7.612180e-02 8.162351e+00 3.377123e-01
7.692308e-02 8.230000e+00 3.351000e-01
8.012821e-02 8.498464e+00 3.249709e-01
8.173077e-02 8.631002e+00 3.201367e-01
8.253205e-02 8.696721e+00 3.177909e-01
8.333333e-02 8.762000e+00 3.155000e-01
8.653846e-02 9.020552e+00 3.066661e-01
8.814102e-02 9.148032e+00 3.024542e-01
8.894231e-02 9.211225e+00 3.004061e-01
8.974359e-02 9.274000e+00 2.984000e-01
9.294872e-02 9.522965e+00 2.905869e-01
9.455128e-02 9.645753e+00 2.868300e-01
9.535257e-02 9.706596e+00 2.849974e-01
9.615385e-02 9.767000e+00 2.832000e-01
9.935898e-02 1.000590e+01 2.762100e-01
1.009615e-01 1.012363e+01 2.728495e-01
1.017628e-01 1.018200e+01 2.712094e-01
1.025641e-01 1.024000e+01 2.696000e-01
1.089743e-01 1.069815e+01 2.573517e-01
1.121795e-01 1.092172e+01 2.516573e-01
1.137820e-01 1.103163e+01 2.489334e-01
1.153846e-01 1.114000e+01 2.463000e-01
1.217948e-01 1.156313e+01 2.362616e-01
1.250000e-01 1.176872e+01 2.315574e-01
1.266025e-01 1.186991e+01 2.292956e-01
1.282051e-01 1.197000e+01 2.271000e-01
1.346153e-01 1.236701e+01 2.186733e-01
1.378205e-01 1.256102e+01 2.146931e-01
1.394230e-01 1.265628e+01 2.127712e-01
1.410256e-01 1.275000e+01 2.109000e-01
1.474359e-01 1.311353e+01 2.036883e-01
1.506410e-01 1.328896e+01 2.002678e-01
1.522436e-01 1.337503e+01 1.986130e-01
1.538462e-01 1.346000e+01 1.970000e-01
1.602564e-01 1.379512e+01 1.907850e-01
1.634616e-01 1.395912e+01 1.878313e-01
1.650641e-01 1.404000e+01 1.863991e-01
1.666667e-01 1.412000e+01 1.850000e-01
1.730770e-01 1.443562e+01 1.795804e-01
1.762821e-01 1.458963e+01 1.769905e-01
1.778846e-01 1.466535e+01 1.757315e-01
1.794872e-01 1.474000e+01 1.745000e-01
1.923077e-01 1.531260e+01 1.652281e-01
1.987180e-01 1.558255e+01 1.609713e-01
2.019231e-01 1.571293e+01 1.589481e-01
2.051282e-01 1.584000e+01 1.570000e-01
2.179487e-01 1.633139e+01 1.495947e-01
2.243590e-01 1.656550e+01 1.461457e-01
2.275641e-01 1.667907e+01 1.444953e-01
2.307692e-01 1.679000e+01 1.429000e-01
2.435897e-01 1.722011e+01 1.368252e-01
2.500000e-01 1.742471e+01 1.339848e-01
2.532052e-01 1.752368e+01 1.326214e-01
2.564103e-01 1.762000e+01 1.313000e-01
2.692308e-01 1.798821e+01 1.262454e-01
2.756410e-01 1.816257e+01 1.238651e-01
2.820513e-01 1.833000e+01 1.216000e-01
2.948718e-01 1.865497e+01 1.172799e-01
3.012820e-01 1.881058e+01 1.152412e-01
3.076923e-01 1.896000e+01 1.133000e-01
3.205128e-01 1.924471e+01 1.096138e-01
3.269230e-01 1.937993e+01 1.078705e-01
3.333333e-01 1.951000e+01 1.062000e-01
3.461538e-01 1.976316e+01 1.029728e-01
3.525641e-01 1.988422e+01 1.014309e-01
3.589744e-01 2.000000e+01 9.995000e-02
3.717949e-01 2.021726e+01 9.711641e-02
3.782051e-01 2.032019e+01 9.576761e-02
3.846154e-01 2.042000e+01 9.447000e-02
3.974359e-01 2.061990e+01 9.196307e-02
4.102564e-01 2.081000e+01 8.960000e-02
4.230769e-01 2.098150e+01 8.735255e-02
4.358974e-01 2.114000e+01 8.524000e-02
4.487180e-01 2.129820e+01 8.322319e-02
4.615385e-01 2.145000e+01 8.132000e-02
4.871795e-01 2.172348e+01 7.775171e-02
5.000000e-01 2.184634e+01 7.609340e-02
5.128205e-01 2.196000e+01 7.453000e-02
5.448718e-01 2.222626e+01 7.086835e-02
5.608975e-01 2.234792e+01 6.917649e-02
5.769231e-01 2.246000e+01 6.759000e-02
6.089743e-01 2.266417e+01 6.460801e-02
6.410256e-01 2.284000e+01 6.191000e-02
6.730769e-01 2.299676e+01 5.942382e-02
7.051282e-01 2.313000e+01 5.717000e-02
7.692308e-01 2.334000e+01 5.315000e-02
8.333333e-01 2.350000e+01 4.969000e-02
8.974359e-01 2.360000e+01 4.668000e-02
9.615385e-01 2.367000e+01 4.404000e-02
1.025641e+00 2.370000e+01 4.170000e-02
1.153846e+00 2.367000e+01 3.774000e-02
1.282051e+00 2.356000e+01 3.450000e-02
1.410256e+00 2.339000e+01 3.181000e-02
1.538462e+00 2.316000e+01 2.953000e-02
1.602564e+00 2.303950e+01 2.850650e-02
1.666667e+00 2.291000e+01 2.757000e-02
1.730770e+00 2.276798e+01 2.668790e-02
1.794872e+00 2.262000e+01 2.587000e-02
1.923077e+00 2.233789e+01 2.437105e-02
1.987180e+00 2.219944e+01 2.369062e-02
2.051282e+00 2.206000e+01 2.306000e-02
2.179487e+00 2.177466e+01 2.188219e-02
2.243589e+00 2.162563e+01 2.133866e-02
2.307692e+00 2.147000e+01 2.083000e-02
2.435897e+00 2.113281e+01 1.987817e-02
2.500000e+00 2.096001e+01 1.943640e-02
2.564103e+00 2.079000e+01 1.902000e-02
2.692308e+00 2.047499e+01 1.823117e-02
2.756410e+00 2.032587e+01 1.786110e-02
2.820513e+00 2.018000e+01 1.751000e-02
2.948718e+00 1.988457e+01 1.684257e-02
3.012821e+00 1.973675e+01 1.652851e-02
3.076923e+00 1.959000e+01 1.623000e-02
3.205128e+00 1.930225e+01 1.566262e-02
3.269230e+00 1.916057e+01 1.539509e-02
3.333333e+00 1.902000e+01 1.514000e-02
3.461539e+00 1.873722e+01 1.465308e-02
3.525641e+00 1.859731e+01 1.442192e-02
3.589744e+00 1.846000e+01 1.420000e-02
3.717949e+00 1.819572e+01 1.377217e-02
3.782051e+00 1.806713e+01 1.356742e-02
3.846154e+00 1.794000e+01 1.337000e-02
3.974359e+00 1.768269e+01 1.298817e-02
4.038462e+00 1.755510e+01 1.280553e-02
4.102564e+00 1.743000e+01 1.263000e-02
4.230769e+00 1.718995e+01 1.229411e-02
4.294872e+00 1.707391e+01 1.213410e-02
4.358974e+00 1.696000e+01 1.198000e-02
4.487179e+00 1.673284e+01 1.168211e-02
4.551282e+00 1.662060e+01 1.153884e-02
4.615385e+00 1.651000e+01 1.140000e-02
4.871795e+00 1.608229e+01 1.087059e-02
5.000000e+00 1.587760e+01 1.062322e-02
5.064103e+00 1.577785e+01 1.050467e-02
5.128205e+00 1.568000e+01 1.039000e-02
5.448718e+00 1.520464e+01 9.850346e-03
5.608975e+00 1.497763e+01 9.601674e-03
5.689103e+00 1.486750e+01 9.483227e-03
5.769231e+00 1.476000e+01 9.369000e-03
6.089744e+00 1.434571e+01 8.933894e-03
6.250000e+00 1.414878e+01 8.730679e-03
6.330128e+00 1.405329e+01 8.633274e-03
6.410256e+00 1.396000e+01 8.539000e-03
6.730769e+00 1.359880e+01 8.179422e-03
6.891025e+00 1.342617e+01 8.010816e-03
6.971154e+00 1.334220e+01 7.929727e-03
7.051282e+00 1.326000e+01 7.851000e-03
7.371795e+00 1.294119e+01 7.548713e-03
7.532051e+00 1.278813e+01 7.405957e-03
7.612180e+00 1.271340e+01 7.337052e-03
7.692308e+00 1.264000e+01 7.270000e-03
8.012821e+00 1.235266e+01 7.012031e-03
8.173077e+00 1.221402e+01 6.889796e-03
8.253205e+00 1.214635e+01 6.830659e-03
8.333333e+00 1.208000e+01 6.773000e-03
8.653846e+00 1.182274e+01 6.550438e-03
8.814103e+00 1.169932e+01 6.444535e-03
8.894231e+00 1.163911e+01 6.393172e-03
8.974359e+00 1.158000e+01 6.343000e-03
9.294872e+00 1.135003e+01 6.148853e-03
9.455129e+00 1.123871e+01 6.056149e-03
9.615385e+00 1.113000e+01 5.967000e-03
9.935897e+00 1.091580e+01 5.795617e-03
1.009615e+01 1.081150e+01 5.713782e-03
1.025641e+01 1.071000e+01 5.635000e-03
1.089744e+01 1.032784e+01 5.338909e-03
1.121795e+01 1.014961e+01 5.202526e-03
1.137820e+01 1.006374e+01 5.137592e-03
1.153846e+01 9.980000e+00 5.075000e-03
1.217948e+01 9.653435e+00 4.836858e-03
1.250000e+01 9.496743e+00 4.725750e-03
1.266025e+01 9.420525e+00 4.672514e-03
1.282051e+01 9.346000e+00 4.621000e-03
1.346154e+01 9.058354e+00 4.424464e-03
1.378205e+01 8.921117e+00 4.332315e-03
1.394230e+01 8.854374e+00 4.288006e-03
1.410256e+01 8.789000e+00 4.245000e-03
1.474359e+01 8.534575e+00 4.080000e-03
1.506411e+01 8.412250e+00 4.002133e-03
1.522436e+01 8.352563e+00 3.964559e-03
1.538462e+01 8.294000e+00 3.928000e-03
1.602565e+01 8.065976e+00 3.787312e-03
1.634616e+01 7.956225e+00 3.720659e-03
1.650641e+01 7.902627e+00 3.688422e-03
1.666667e+01 7.850000e+00 3.657000e-03
1.730770e+01 7.644710e+00 3.535856e-03
1.762821e+01 7.545770e+00 3.478239e-03
1.778846e+01 7.497441e+00 3.450295e-03
1.794872e+01 7.450000e+00 3.423000e-03
1.923077e+01 7.088503e+00 3.217779e-03
1.987179e+01 6.920863e+00 3.123989e-03
2.019231e+01 6.840955e+00 3.079589e-03
2.035256e+01 6.802086e+00 3.058059e-03
2.051282e+01 6.764000e+00 3.037000e-03
2.179487e+01 6.472812e+00 2.876852e-03
2.243590e+01 6.337811e+00 2.802602e-03
2.275641e+01 6.273618e+00 2.767172e-03
2.307692e+01 6.212000e+00 2.733000e-03
2.435898e+01 5.979847e+00 2.603271e-03
2.500000e+01 5.874037e+00 2.542873e-03
2.532052e+01 5.824297e+00 2.513962e-03
2.564103e+01 5.777000e+00 2.486000e-03
2.692308e+01 5.603838e+00 2.379355e-03
2.756410e+01 5.525678e+00 2.329365e-03
2.788462e+01 5.488672e+00 2.305329e-03
2.820513e+01 5.453000e+00 2.282000e-03
2.948718e+01 5.319986e+00 2.192477e-03
3.012821e+01 5.255209e+00 2.150225e-03
3.044872e+01 5.222468e+00 2.129837e-03
3.076923e+01 5.189000e+00 2.110000e-03
3.205128e+01 5.042087e+00 2.033625e-03
3.269230e+01 4.965877e+00 1.997471e-03
3.301282e+01 4.928045e+00 1.980004e-03
3.333333e+01 4.891000e+00 1.963000e-03
3.461539e+01 4.753828e+00 1.897710e-03
3.525641e+01 4.690443e+00 1.866727e-03
3.557693e+01 4.659897e+00 1.851698e-03
3.589744e+01 4.630000e+00 1.837000e-03
3.717949e+01 4.511468e+00 1.779813e-03
3.782052e+01 4.453809e+00 1.752396e-03
3.814103e+01 4.425620e+00 1.739055e-03
3.846154e+01 4.398000e+00 1.726000e-03
3.974359e+01 4.291607e+00 1.675450e-03
4.038461e+01 4.240878e+00 1.651279e-03
4.070513e+01 4.216196e+00 1.639518e-03
4.102564e+01 4.192000e+00 1.628000e-03
4.230769e+01 4.097658e+00 1.583190e-03
4.294871e+01 4.052146e+00 1.561701e-03
4.326923e+01 4.029886e+00 1.551241e-03
4.358974e+01 4.008000e+00 1.541000e-03
4.487179e+01 3.922518e+00 1.501368e-03
4.551282e+01 3.881178e+00 1.482369e-03
4.583334e+01 3.860928e+00 1.473100e-03
4.615385e+01 3.841000e+00 1.464000e-03
4.871795e+01 3.688321e+00 1.394336e-03
5.000000e+01 3.616450e+00 1.361752e-03
5.064102e+01 3.581771e+00 1.346125e-03
5.128205e+01 3.548000e+00 1.331000e-03
5.448718e+01 3.385658e+00 1.259656e-03
5.608974e+01 3.309572e+00 1.226753e-03
5.689103e+01 3.273148e+00 1.211090e-03
5.729167e+01 3.255402e+00 1.203470e-03
5.769231e+01 3.238000e+00 1.196000e-03
6.089744e+01 3.105673e+00 1.138853e-03
6.250000e+01 3.044087e+00 1.112160e-03
6.330128e+01 3.014580e+00 1.099370e-03
6.410256e+01 2.986000e+00 1.087000e-03
6.730769e+01 2.876504e+00 1.039907e-03
6.891026e+01 2.824956e+00 1.017868e-03
6.971154e+01 2.800125e+00 1.007277e-03
7.051282e+01 2.776000e+00 9.970000e-04
7.371795e+01 2.683425e+00 9.575415e-04
7.532052e+01 2.639693e+00 9.389189e-04
7.612180e+01 2.618571e+00 9.299360e-04
7.692308e+01 2.598000e+00 9.212000e-04
8.012821e+01 2.518643e+00 8.876466e-04
8.173077e+01 2.480982e+00 8.717675e-04
8.253205e+01 2.462760e+00 8.640878e-04
8.333333e+01 2.445000e+00 8.566000e-04
8.653846e+01 2.376645e+00 8.276653e-04
8.814102e+01 2.344163e+00 8.138942e-04
8.894231e+01 2.328405e+00 8.072178e-04
8.974359e+01 2.313000e+00 8.007000e-04
9.294872e+01 2.253162e+00 7.755261e-04
9.455129e+01 2.224529e+00 7.635272e-04
9.535257e+01 2.210610e+00 7.576996e-04
9.615385e+01 2.197000e+00 7.520000e-04
9.935898e+01 2.144386e+00 7.298905e-04
1.009615e+02 2.119237e+00 7.193020e-04
1.017628e+02 2.106995e+00 7.141477e-04
1.025641e+02 2.095000e+00 7.091000e-04
1.089744e+02 2.003805e+00 6.709393e-04
1.121795e+02 1.961560e+00 6.533470e-04
1.137820e+02 1.941416e+00 6.449711e-04
1.145833e+02 1.931612e+00 6.408960e-04
1.153846e+02 1.922000e+00 6.369000e-04
1.217948e+02 1.848581e+00 6.062959e-04
1.250000e+02 1.814313e+00 5.919883e-04
1.266025e+02 1.797892e+00 5.851317e-04
1.282051e+02 1.782000e+00 5.785000e-04
1.346153e+02 1.721321e+00 5.532662e-04
1.378205e+02 1.692890e+00 5.414654e-04
1.394230e+02 1.679235e+00 5.357977e-04
1.410256e+02 1.666000e+00 5.303000e-04
1.474359e+02 1.615430e+00 5.092147e-04
1.506411e+02 1.591637e+00 4.992677e-04
1.522436e+02 1.580164e+00 4.944688e-04
1.538462e+02 1.569000e+00 4.898000e-04
1.602565e+02 1.525968e+00 4.718320e-04
1.634616e+02 1.505540e+00 4.633224e-04
1.650641e+02 1.495649e+00 4.592083e-04
1.666667e+02 1.486000e+00 4.552000e-04
1.730770e+02 1.448715e+00 4.397613e-04
1.762821e+02 1.430978e+00 4.324265e-04
1.778846e+02 1.422383e+00 4.288713e-04
1.794872e+02 1.414000e+00 4.254000e-04
1.923077e+02 1.351524e+00 3.993283e-04
1.987180e+02 1.323197e+00 3.874280e-04
2.019231e+02 1.309822e+00 3.817980e-04
2.051282e+02 1.297000e+00 3.764000e-04
2.179487e+02 1.248517e+00 3.560636e-04
2.243589e+02 1.226059e+00 3.466792e-04
2.275641e+02 1.215342e+00 3.422090e-04
2.307692e+02 1.205000e+00 3.379000e-04
2.564103e+02 1.130000e+00 3.067000e-04
