2.857143e-03 1.601000e+00 1.951000e+00
3.142857e-03 1.654000e+00 1.883000e+00
3.285714e-03 1.675800e+00 1.851250e+00
3.357143e-03 1.685374e+00 1.835942e+00
3.428571e-03 1.694000e+00 1.821000e+00
3.571428e-03 1.709750e+00 1.791529e+00
3.714286e-03 1.723000e+00 1.763000e+00
3.857143e-03 1.734074e+00 1.735415e+00
4.000000e-03 1.743000e+00 1.709000e+00
4.285714e-03 1.757000e+00 1.659000e+00
4.571429e-03 1.766000e+00 1.613000e+00
4.857143e-03 1.772000e+00 1.569000e+00
5.142857e-03 1.775000e+00 1.528000e+00
5.714286e-03 1.780000e+00 1.453000e+00
6.428571e-03 1.785000e+00 1.371000e+00
7.142857e-03 1.795000e+00 1.299000e+00
7.857143e-03 1.812000e+00 1.236000e+00
8.214286e-03 1.822175e+00 1.206600e+00
8.571429e-03 1.834000e+00 1.179000e+00
8.928571e-03 1.847146e+00 1.152730e+00
9.285714e-03 1.862000e+00 1.128000e+00
9.642857e-03 1.878220e+00 1.104373e+00
1.000000e-02 1.896000e+00 1.082000e+00
1.035714e-02 1.914944e+00 1.060446e+00
1.053572e-02 1.924835e+00 1.050062e+00
1.071429e-02 1.935000e+00 1.040000e+00
1.107143e-02 1.955579e+00 1.020532e+00
1.125000e-02 1.966143e+00 1.011139e+00
1.142857e-02 1.977000e+00 1.002000e+00
1.214286e-02 2.023012e+00 9.668032e-01
1.250000e-02 2.047485e+00 9.501533e-01
1.267857e-02 2.060110e+00 9.421165e-01
1.285714e-02 2.073000e+00 9.343000e-01
1.357142e-02 2.125787e+00 9.043251e-01
1.392857e-02 2.153035e+00 8.901483e-01
1.410714e-02 2.166918e+00 8.832902e-01
1.428571e-02 2.181000e+00 8.766000e-01
1.500000e-02 2.238420e+00 8.507055e-01
1.535714e-02 2.267891e+00 8.383547e-01
1.553572e-02 2.282857e+00 8.323591e-01
1.571429e-02 2.298000e+00 8.265000e-01
1.642858e-02 2.359606e+00 8.038391e-01
1.678572e-02 2.391054e+00 7.930161e-01
1.696429e-02 2.406961e+00 7.877529e-01
1.714286e-02 2.423000e+00 7.826000e-01
1.785714e-02 2.487829e+00 7.625713e-01
1.821429e-02 2.520716e+00 7.529645e-01
1.839286e-02 2.537303e+00 7.482849e-01
1.857143e-02 2.554000e+00 7.437000e-01
1.928572e-02 2.621430e+00 7.259044e-01
1.964286e-02 2.655554e+00 7.173600e-01
1.982143e-02 2.672733e+00 7.131913e-01
2.000000e-02 2.690000e+00 7.091000e-01
2.142857e-02 2.829984e+00 6.779116e-01
2.214286e-02 2.901099e+00 6.633840e-01
2.250000e-02 2.936950e+00 6.564284e-01
2.267857e-02 2.954950e+00 6.530344e-01
2.285714e-02 2.973000e+00 6.497000e-01
2.428571e-02 3.118295e+00 6.240736e-01
2.500000e-02 3.191469e+00 6.120232e-01
2.535715e-02 3.228190e+00 6.062257e-01
2.553572e-02 3.246584e+00 6.033901e-01
2.571429e-02 3.265000e+00 6.006000e-01
2.714286e-02 3.412798e+00 5.791170e-01
2.785714e-02 3.486876e+00 5.689691e-01
2.821429e-02 3.523938e+00 5.640695e-01
2.839286e-02 3.542470e+00 5.616676e-01
2.857143e-02 3.561000e+00 5.593000e-01
3.000000e-02 3.709185e+00 5.409577e-01
3.071429e-02 3.783163e+00 5.322382e-01
3.107143e-02 3.820103e+00 5.280162e-01
3.142857e-02 3.857000e+00 5.239000e-01
3.285714e-02 4.004341e+00 5.080556e-01
3.357143e-02 4.077783e+00 5.005252e-01
3.392857e-02 4.114424e+00 4.968717e-01
3.428571e-02 4.151000e+00 4.933000e-01
3.571428e-02 4.297019e+00 4.794330e-01
3.642857e-02 4.369691e+00 4.727931e-01
3.678572e-02 4.405900e+00 4.695624e-01
3.714286e-02 4.442000e+00 4.664000e-01
3.857143e-02 4.585686e+00 4.541368e-01
3.928571e-02 4.657044e+00 4.482634e-01
3.964286e-02 4.692577e+00 4.454030e-01
4.000000e-02 4.728000e+00 4.426000e-01
4.142857e-02 4.869187e+00 4.316989e-01
4.214285e-02 4.939319e+00 4.264613e-01
4.250000e-02 4.974225e+00 4.239064e-01
4.285714e-02 5.009000e+00 4.214000e-01
4.428572e-02 5.147301e+00 4.116467e-01
4.500000e-02 5.215889e+00 4.069504e-01
4.535715e-02 5.250011e+00 4.046554e-01
4.571429e-02 5.284000e+00 4.024000e-01
4.714286e-02 5.419203e+00 3.935936e-01
4.785714e-02 5.486304e+00 3.893366e-01
4.821429e-02 5.519707e+00 3.872517e-01
4.857143e-02 5.553000e+00 3.852000e-01
5.000000e-02 5.685670e+00 3.771660e-01
5.071428e-02 5.751554e+00 3.732769e-01
5.107143e-02 5.784341e+00 3.713726e-01
5.142857e-02 5.817000e+00 3.695000e-01
5.428571e-02 6.075481e+00 3.552203e-01
5.571429e-02 6.202625e+00 3.485377e-01
5.642857e-02 6.265558e+00 3.453233e-01
5.714286e-02 6.328000e+00 3.422000e-01
6.071428e-02 6.636098e+00 3.272789e-01
6.250000e-02 6.787251e+00 3.202955e-01
6.339285e-02 6.861956e+00 3.169448e-01
6.383928e-02 6.899066e+00 3.153084e-01
6.428571e-02 6.936000e+00 3.137000e-01
6.785714e-02 7.228517e+00 3.013366e-01
6.964286e-02 7.372345e+00 2.955192e-01
7.053571e-02 7.443480e+00 2.927188e-01
7.142857e-02 7.514000e+00 2.900000e-01
7.500000e-02 7.792456e+00 2.795897e-01
7.678572e-02 7.929234e+00 2.746796e-01
7.767857e-02 7.996892e+00 2.723089e-01
7.857143e-02 8.064000e+00 2.700000e-01
8.214286e-02 8.329516e+00 2.610865e-01
8.392858e-02 8.460164e+00 2.568512e-01
8.482143e-02 8.524835e+00 2.548003e-01
8.571429e-02 8.589000e+00 2.528000e-01
8.928572e-02 8.842822e+00 2.450895e-01
9.107143e-02 8.967747e+00 2.414210e-01
9.196428e-02 9.029605e+00 2.396407e-01
9.285714e-02 9.091000e+00 2.379000e-01
9.642857e-02 9.334277e+00 2.311461e-01
9.821429e-02 9.454018e+00 2.279131e-01
9.910714e-02 9.513262e+00 2.263400e-01
1.000000e-01 9.572000e+00 2.248000e-01
1.035715e-01 9.803143e+00 2.188284e-01
1.053572e-01 9.917012e+00 2.159653e-01
1.062500e-01 9.973596e+00 2.145694e-01
1.071429e-01 1.003000e+01 2.132000e-01
1.107143e-01 1.025650e+01 2.078586e-01
1.125000e-01 1.036897e+01 2.052866e-01
1.133929e-01 1.042473e+01 2.040313e-01
1.142857e-01 1.048000e+01 2.028000e-01
1.214285e-01 1.090653e+01 1.934812e-01
1.250000e-01 1.111105e+01 1.891637e-01
1.267857e-01 1.121119e+01 1.870987e-01
1.285714e-01 1.131000e+01 1.851000e-01
1.357142e-01 1.170081e+01 1.774280e-01
1.392857e-01 1.189229e+01 1.738186e-01
1.410714e-01 1.198669e+01 1.720829e-01
1.428571e-01 1.208000e+01 1.704000e-01
1.500000e-01 1.244724e+01 1.639810e-01
1.535714e-01 1.262591e+01 1.609658e-01
1.553572e-01 1.271361e+01 1.595130e-01
1.571429e-01 1.280000e+01 1.581000e-01
1.642858e-01 1.313730e+01 1.526549e-01
1.678572e-01 1.330071e+01 1.500709e-01
1.696429e-01 1.338090e+01 1.488200e-01
1.714286e-01 1.346000e+01 1.476000e-01
1.785714e-01 1.377113e+01 1.428868e-01
1.821429e-01 1.392249e+01 1.406454e-01
1.839286e-01 1.399679e+01 1.395595e-01
1.857143e-01 1.407000e+01 1.385000e-01
1.928572e-01 1.435610e+01 1.344167e-01
1.964286e-01 1.449479e+01 1.324711e-01
2.000000e-01 1.463000e+01 1.306000e-01
2.142857e-01 1.515086e+01 1.235571e-01
2.214286e-01 1.539672e+01 1.203177e-01
2.250000e-01 1.551512e+01 1.187790e-01
2.285714e-01 1.563000e+01 1.173000e-01
2.428572e-01 1.606814e+01 1.117160e-01
2.500000e-01 1.627408e+01 1.091293e-01
2.535715e-01 1.637336e+01 1.078938e-01
2.571429e-01 1.647000e+01 1.067000e-01
2.714286e-01 1.684391e+01 1.021454e-01
2.785714e-01 1.702123e+01 1.000109e-01
2.857143e-01 1.719000e+01 9.799000e-02
3.000000e-01 1.750876e+01 9.416579e-02
3.071428e-01 1.765815e+01 9.237225e-02
3.142857e-01 1.780000e+01 9.067000e-02
3.285714e-01 1.807030e+01 8.743262e-02
3.357142e-01 1.819804e+01 8.590574e-02
3.428571e-01 1.832000e+01 8.445000e-02
3.571429e-01 1.855473e+01 8.166900e-02
3.642857e-01 1.866543e+01 8.035110e-02
3.714286e-01 1.877000e+01 7.909000e-02
3.857143e-01 1.896416e+01 7.667383e-02
4.000000e-01 1.914000e+01 7.442000e-02
4.142857e-01 1.930597e+01 7.228831e-02
4.285714e-01 1.946000e+01 7.030000e-02
4.428572e-01 1.960628e+01 6.841500e-02
4.571429e-01 1.974000e+01 6.665000e-02
4.714286e-01 1.986087e+01 6.497057e-02
4.857143e-01 1.997000e+01 6.339000e-02
5.000000e-01 2.007400e+01 6.187796e-02
5.142857e-01 2.017000e+01 6.045000e-02
5.428571e-01 2.034051e+01 5.777816e-02
5.714286e-01 2.048000e+01 5.537000e-02
6.071429e-01 2.062184e+01 5.262054e-02
6.428571e-01 2.073000e+01 5.018000e-02
7.142857e-01 2.089000e+01 4.594000e-02
7.857143e-01 2.096000e+01 4.240000e-02
8.571429e-01 2.098000e+01 3.940000e-02
9.285714e-01 2.095000e+01 3.682000e-02
1.000000e+00 2.089000e+01 3.458000e-02
1.071429e+00 2.080000e+01 3.261000e-02
1.142857e+00 2.068000e+01 3.087000e-02
1.214285e+00 2.055148e+01 2.930397e-02
1.285714e+00 2.041000e+01 2.792000e-02
1.357143e+00 2.025515e+01 2.665044e-02
1.428571e+00 2.009000e+01 2.551000e-02
1.500000e+00 1.992236e+01 2.446014e-02
1.571429e+00 1.975000e+01 2.351000e-02
1.642857e+00 1.957156e+01 2.262713e-02
1.714286e+00 1.939000e+01 2.182000e-02
1.785715e+00 1.921036e+01 2.106593e-02
1.857143e+00 1.903000e+01 2.037000e-02
1.928571e+00 1.884338e+01 1.971141e-02
2.000000e+00 1.866000e+01 1.910000e-02
2.142857e+00 1.834206e+01 1.798742e-02
2.214285e+00 1.819257e+01 1.748491e-02
2.285714e+00 1.804000e+01 1.702000e-02
2.428572e+00 1.768746e+01 1.614942e-02
2.500000e+00 1.750214e+01 1.574693e-02
2.535715e+00 1.741001e+01 1.555504e-02
2.571429e+00 1.732000e+01 1.537000e-02
2.714286e+00 1.699417e+01 1.466738e-02
2.785715e+00 1.684454e+01 1.433958e-02
2.857143e+00 1.670000e+01 1.403000e-02
3.000000e+00 1.640398e+01 1.344396e-02
3.071428e+00 1.625589e+01 1.316960e-02
3.142857e+00 1.611000e+01 1.291000e-02
3.285714e+00 1.582893e+01 1.241957e-02
3.357142e+00 1.569304e+01 1.218928e-02
3.428571e+00 1.556000e+01 1.197000e-02
3.571428e+00 1.529661e+01 1.154974e-02
3.642857e+00 1.516718e+01 1.135044e-02
3.714286e+00 1.504000e+01 1.116000e-02
3.857143e+00 1.479016e+01 1.079697e-02
3.928571e+00 1.466855e+01 1.062492e-02
4.000000e+00 1.455000e+01 1.046000e-02
4.142857e+00 1.432010e+01 1.014235e-02
4.214285e+00 1.420876e+01 9.990733e-03
4.285714e+00 1.410000e+01 9.845000e-03
4.428572e+00 1.388625e+01 9.565133e-03
4.500000e+00 1.378196e+01 9.431587e-03
4.571429e+00 1.368000e+01 9.303000e-03
4.714286e+00 1.348152e+01 9.054832e-03
4.785714e+00 1.338487e+01 8.935875e-03
4.857143e+00 1.329000e+01 8.821000e-03
5.000000e+00 1.310232e+01 8.598886e-03
5.071428e+00 1.301027e+01 8.492189e-03
5.142857e+00 1.292000e+01 8.389000e-03
5.428572e+00 1.257267e+01 7.998450e-03
5.571429e+00 1.240783e+01 7.816932e-03
5.642857e+00 1.232797e+01 7.730055e-03
5.714286e+00 1.225000e+01 7.646000e-03
6.071428e+00 1.187562e+01 7.248325e-03
6.250000e+00 1.169872e+01 7.064330e-03
6.339285e+00 1.161326e+01 6.976598e-03
6.428571e+00 1.153000e+01 6.892000e-03
6.785714e+00 1.120942e+01 6.570796e-03
6.964286e+00 1.105679e+01 6.421119e-03
7.053571e+00 1.098262e+01 6.349412e-03
7.142857e+00 1.091000e+01 6.280000e-03
7.500000e+00 1.062672e+01 6.014662e-03
7.678572e+00 1.049078e+01 5.890080e-03
7.767857e+00 1.042465e+01 5.830158e-03
7.857143e+00 1.036000e+01 5.772000e-03
8.214286e+00 1.011076e+01 5.549127e-03
8.392857e+00 9.991774e+00 5.444035e-03
8.482143e+00 9.933834e+00 5.393333e-03
8.571429e+00 9.877000e+00 5.344000e-03
8.928572e+00 9.655050e+00 5.154098e-03
9.107143e+00 9.547900e+00 5.064063e-03
9.196428e+00 9.495499e+00 5.020491e-03
9.285714e+00 9.444000e+00 4.978000e-03
9.642857e+00 9.243197e+00 4.813990e-03
9.821428e+00 9.146218e+00 4.735913e-03
9.910714e+00 9.098734e+00 4.698026e-03
1.000000e+01 9.052000e+00 4.661000e-03
1.035714e+01 8.869127e+00 4.517447e-03
1.053572e+01 8.780437e+00 4.448872e-03
1.071429e+01 8.694000e+00 4.383000e-03
1.107143e+01 8.525505e+00 4.256863e-03
1.125000e+01 8.443751e+00 4.196787e-03
1.142857e+01 8.364000e+00 4.139000e-03
1.214286e+01 8.057553e+00 3.921415e-03
1.250000e+01 7.912217e+00 3.821002e-03
1.267857e+01 7.841792e+00 3.773151e-03
1.285714e+01 7.773000e+00 3.727000e-03
1.357142e+01 7.506414e+00 3.551291e-03
1.392857e+01 7.378866e+00 3.469290e-03
1.410714e+01 7.316793e+00 3.430006e-03
1.428571e+01 7.256000e+00 3.392000e-03
1.500000e+01 7.019724e+00 3.247119e-03
1.535714e+01 6.906366e+00 3.179255e-03
1.553572e+01 6.851132e+00 3.146642e-03
1.571429e+01 6.797000e+00 3.115000e-03
1.642857e+01 6.586539e+00 2.993677e-03
1.678572e+01 6.485513e+00 2.936456e-03
1.696429e+01 6.436272e+00 2.908853e-03
1.714286e+01 6.388000e+00 2.882000e-03
1.785714e+01 6.200237e+00 2.778751e-03
1.821429e+01 6.110064e+00 2.729812e-03
1.839286e+01 6.066102e+00 2.706119e-03
1.857143e+01 6.023000e+00 2.683000e-03
1.928571e+01 5.855133e+00 2.593526e-03
1.964286e+01 5.774579e+00 2.550880e-03
1.982143e+01 5.735368e+00 2.530194e-03
2.000000e+01 5.697000e+00 2.510000e-03
2.142857e+01 5.407328e+00 2.359166e-03
2.214286e+01 5.275313e+00 2.290575e-03
2.250000e+01 5.213180e+00 2.258135e-03
2.267857e+01 5.183198e+00 2.242400e-03
2.285714e+01 5.154000e+00 2.227000e-03
2.428571e+01 4.933801e+00 2.109220e-03
2.500000e+01 4.834576e+00 2.054399e-03
2.535715e+01 4.788424e+00 2.028226e-03
2.571429e+01 4.745000e+00 2.003000e-03
2.714286e+01 4.591499e+00 1.907758e-03
2.785714e+01 4.523565e+00 1.863579e-03
2.821429e+01 4.491352e+00 1.842447e-03
2.857143e+01 4.460000e+00 1.822000e-03
3.000000e+01 4.336960e+00 1.743684e-03
3.071429e+01 4.275448e+00 1.706877e-03
3.107143e+01 4.244408e+00 1.689174e-03
3.142857e+01 4.213000e+00 1.672000e-03
3.285714e+01 4.080741e+00 1.606343e-03
3.357143e+01 4.013985e+00 1.575428e-03
3.392857e+01 3.981116e+00 1.560515e-03
3.428571e+01 3.949000e+00 1.546000e-03
3.571429e+01 3.828932e+00 1.489979e-03
3.642857e+01 3.773146e+00 1.463392e-03
3.678572e+01 3.746261e+00 1.450531e-03
3.714286e+01 3.720000e+00 1.438000e-03
3.857143e+01 3.616816e+00 1.389778e-03
3.928571e+01 3.567015e+00 1.366899e-03
3.964286e+01 3.542744e+00 1.355817e-03
4.000000e+01 3.519000e+00 1.345000e-03
4.142857e+01 3.427741e+00 1.303194e-03
4.214285e+01 3.384164e+00 1.283228e-03
4.250000e+01 3.362905e+00 1.273515e-03
4.285714e+01 3.342000e+00 1.264000e-03
4.428571e+01 3.259861e+00 1.226894e-03
4.500000e+01 3.219926e+00 1.209100e-03
4.535715e+01 3.200320e+00 1.200451e-03
4.571429e+01 3.181000e+00 1.192000e-03
4.714286e+01 3.105140e+00 1.159500e-03
4.785715e+01 3.068467e+00 1.143989e-03
4.821429e+01 3.050558e+00 1.136428e-03
4.857143e+01 3.033000e+00 1.129000e-03
5.000000e+01 2.965056e+00 1.099836e-03
5.071429e+01 2.932488e+00 1.085707e-03
5.107143e+01 2.916600e+00 1.078793e-03
5.142857e+01 2.901000e+00 1.072000e-03
5.428571e+01 2.781640e+00 1.020425e-03
5.571429e+01 2.725784e+00 9.964938e-04
5.642857e+01 2.698974e+00 9.850549e-04
5.714286e+01 2.673000e+00 9.740000e-04
6.071428e+01 2.550163e+00 9.218565e-04
6.250000e+01 2.493306e+00 8.977996e-04
6.339285e+01 2.466178e+00 8.863422e-04
6.383928e+01 2.452966e+00 8.807671e-04
6.428571e+01 2.440000e+00 8.753000e-04
6.785714e+01 2.340583e+00 8.334320e-04
6.964285e+01 2.294005e+00 8.138572e-04
7.053571e+01 2.271650e+00 8.044754e-04
7.142857e+01 2.250000e+00 7.954000e-04
7.500000e+01 2.167398e+00 7.608620e-04
7.678572e+01 2.128677e+00 7.447011e-04
7.767857e+01 2.110062e+00 7.369358e-04
7.857143e+01 2.092000e+00 7.294000e-04
8.214286e+01 2.022770e+00 7.004547e-04
8.392858e+01 1.990109e+00 6.867936e-04
8.482143e+01 1.974345e+00 6.802054e-04
8.571429e+01 1.959000e+00 6.738000e-04
8.928572e+01 1.899890e+00 6.492205e-04
9.107143e+01 1.871837e+00 6.375977e-04
9.196428e+01 1.858253e+00 6.319782e-04
9.285714e+01 1.845000e+00 6.265000e-04
9.642857e+01 1.793809e+00 6.053339e-04
9.821429e+01 1.769418e+00 5.952580e-04
9.910714e+01 1.757577e+00 5.903717e-04
1.000000e+02 1.746000e+00 5.856000e-04
1.035714e+02 1.701066e+00 5.671560e-04
1.053572e+02 1.679600e+00 5.583575e-04
1.062500e+02 1.669179e+00 5.540825e-04
1.071429e+02 1.659000e+00 5.499000e-04
1.107143e+02 1.619754e+00 5.336649e-04
1.125000e+02 1.601031e+00 5.258889e-04
1.133929e+02 1.591923e+00 5.221046e-04
1.142857e+02 1.583000e+00 5.184000e-04
1.214286e+02 1.515027e+00 4.904664e-04
1.250000e+02 1.483506e+00 4.776136e-04
1.267857e+02 1.468477e+00 4.714963e-04
1.285714e+02 1.454000e+00 4.656000e-04
1.357142e+02 1.399283e+00 4.431460e-04
1.392857e+02 1.373891e+00 4.326692e-04
1.410714e+02 1.361747e+00 4.276519e-04
1.428571e+02 1.350000e+00 4.228000e-04
1.500000e+02 1.305058e+00 4.043216e-04
1.535714e+02 1.283965e+00 3.956769e-04
1.553572e+02 1.273828e+00 3.915255e-04
1.571429e+02 1.264000e+00 3.875000e-04
1.642858e+02 1.226482e+00 3.720818e-04
1.678572e+02 1.208823e+00 3.648152e-04
1.696429e+02 1.200301e+00 3.613102e-04
1.714286e+02 1.192000e+00 3.579000e-04
1.785714e+02 1.159853e+00 3.447722e-04
1.821429e+02 1.144575e+00 3.385484e-04
1.839286e+02 1.137189e+00 3.355367e-04
1.857143e+02 1.130000e+00 3.326000e-04
1.928571e+02 1.102462e+00 3.212610e-04
1.964286e+02 1.089442e+00 3.158667e-04
1.982143e+02 1.083144e+00 3.132519e-04
2.000000e+02 1.077000e+00 3.107000e-04
2.142857e+02 1.030858e+00 2.916178e-04
2.214286e+02 1.009803e+00 2.829381e-04
2.250000e+02 9.998451e-01 2.788350e-04
2.285714e+02 9.903000e-01 2.749000e-04
2.428571e+02 9.543391e-01 2.600164e-04
2.500000e+02 9.377680e-01 2.531343e-04
2.535715e+02 9.298861e-01 2.498565e-04
2.571429e+02 9.223000e-01 2.467000e-04
2.857143e+02 8.677000e-01 2.240000e-04
