1.333333e-03 8.701000e-01 5.224000e+00
1.466667e-03 9.125000e-01 5.187000e+00
1.533334e-03 9.330625e-01 5.167450e+00
1.566667e-03 9.431528e-01 5.157350e+00
1.583333e-03 9.481452e-01 5.152208e+00
1.600000e-03 9.531000e-01 5.147000e+00
1.666666e-03 9.727652e-01 5.125805e+00
1.700000e-03 9.824536e-01 5.114986e+00
1.733333e-03 9.920000e-01 5.104000e+00
1.800000e-03 1.010586e+00 5.081757e+00
1.833334e-03 1.019778e+00 5.070457e+00
1.866667e-03 1.029000e+00 5.059000e+00
1.933333e-03 1.043736e+00 5.035647e+00
1.966667e-03 1.053267e+00 5.023840e+00
1.983333e-03 1.059416e+00 5.017920e+00
2.000000e-03 1.067000e+00 5.012000e+00
2.066666e-03 1.114020e+00 4.988508e+00
2.100000e-03 1.142406e+00 4.976779e+00
2.116666e-03 1.156897e+00 4.970900e+00
2.125000e-03 1.164038e+00 4.967954e+00
2.133333e-03 1.171000e+00 4.965000e+00
2.200000e-03 1.218301e+00 4.941111e+00
2.233333e-03 1.238066e+00 4.929068e+00
2.250000e-03 1.247204e+00 4.923034e+00
2.266667e-03 1.256000e+00 4.917000e+00
2.333333e-03 1.291637e+00 4.892940e+00
2.366667e-03 1.309134e+00 4.880954e+00
2.383333e-03 1.317675e+00 4.874973e+00
2.400000e-03 1.326000e+00 4.869000e+00
2.533334e-03 1.385717e+00 4.821344e+00
2.600000e-03 1.411648e+00 4.797623e+00
2.633334e-03 1.423640e+00 4.785798e+00
2.666667e-03 1.435000e+00 4.774000e+00
2.833334e-03 1.487519e+00 4.715128e+00
2.916667e-03 1.511199e+00 4.685924e+00
2.958333e-03 1.522343e+00 4.671418e+00
3.000000e-03 1.533000e+00 4.657000e+00
3.166667e-03 1.572770e+00 4.599877e+00
3.250000e-03 1.591283e+00 4.571745e+00
3.291666e-03 1.600231e+00 4.557818e+00
3.333333e-03 1.609000e+00 4.544000e+00
3.500000e-03 1.643420e+00 4.489408e+00
3.583333e-03 1.660307e+00 4.462539e+00
3.625000e-03 1.668676e+00 4.449225e+00
3.666667e-03 1.677000e+00 4.436000e+00
3.833334e-03 1.710084e+00 4.383395e+00
3.916667e-03 1.726551e+00 4.357482e+00
4.000000e-03 1.743000e+00 4.332000e+00
4.166667e-03 1.775912e+00 4.282322e+00
4.250000e-03 1.792421e+00 4.258010e+00
4.333333e-03 1.809000e+00 4.234000e+00
4.500000e-03 1.842352e+00 4.186057e+00
4.583333e-03 1.859135e+00 4.162356e+00
4.666667e-03 1.876000e+00 4.139000e+00
4.833334e-03 1.909870e+00 4.093260e+00
4.916667e-03 1.926896e+00 4.070923e+00
5.000000e-03 1.944000e+00 4.049000e+00
5.166667e-03 1.978442e+00 4.005939e+00
5.250000e-03 1.995720e+00 3.984816e+00
5.333333e-03 2.013000e+00 3.964000e+00
5.666667e-03 2.081792e+00 3.882203e+00
5.833333e-03 2.115978e+00 3.842529e+00
5.916667e-03 2.133011e+00 3.823100e+00
6.000000e-03 2.150000e+00 3.804000e+00
6.333333e-03 2.217745e+00 3.729759e+00
6.500000e-03 2.251450e+00 3.693912e+00
6.583334e-03 2.268247e+00 3.676334e+00
6.666667e-03 2.285000e+00 3.659000e+00
7.000000e-03 2.351879e+00 3.590640e+00
7.166667e-03 2.385080e+00 3.557371e+00
7.250000e-03 2.401584e+00 3.541054e+00
7.333333e-03 2.418000e+00 3.525000e+00
7.666667e-03 2.483062e+00 3.462568e+00
7.833333e-03 2.515193e+00 3.432401e+00
7.916667e-03 2.531141e+00 3.417601e+00
8.000000e-03 2.547000e+00 3.403000e+00
8.333333e-03 2.609998e+00 3.345437e+00
8.500000e-03 2.641154e+00 3.317377e+00
8.583334e-03 2.656621e+00 3.303590e+00
8.666667e-03 2.672000e+00 3.290000e+00
9.000000e-03 2.732992e+00 3.236898e+00
9.166667e-03 2.763139e+00 3.211139e+00
9.250000e-03 2.778109e+00 3.198486e+00
9.333333e-03 2.793000e+00 3.186000e+00
1.000000e-02 2.910557e+00 3.089234e+00
1.033334e-02 2.968225e+00 3.043157e+00
1.050000e-02 2.996734e+00 3.020814e+00
1.066667e-02 3.025000e+00 2.999000e+00
1.133333e-02 3.136748e+00 2.914768e+00
1.166667e-02 3.191737e+00 2.874607e+00
1.183333e-02 3.218968e+00 2.855094e+00
1.200000e-02 3.246000e+00 2.836000e+00
1.266667e-02 3.353009e+00 2.761773e+00
1.300000e-02 3.405791e+00 2.726217e+00
1.316666e-02 3.431973e+00 2.708921e+00
1.333333e-02 3.458000e+00 2.692000e+00
1.400000e-02 3.561246e+00 2.626561e+00
1.433333e-02 3.612330e+00 2.595241e+00
1.450000e-02 3.637720e+00 2.579977e+00
1.466667e-02 3.663000e+00 2.565000e+00
1.533334e-02 3.763549e+00 2.506479e+00
1.566667e-02 3.813435e+00 2.478272e+00
1.583333e-02 3.838262e+00 2.464504e+00
1.600000e-02 3.863000e+00 2.451000e+00
1.666667e-02 3.961386e+00 2.398624e+00
1.700000e-02 4.010286e+00 2.373435e+00
1.716666e-02 4.034665e+00 2.361118e+00
1.733333e-02 4.059000e+00 2.349000e+00
1.800000e-02 4.156271e+00 2.301477e+00
1.833333e-02 4.204740e+00 2.278426e+00
1.850000e-02 4.228903e+00 2.267125e+00
1.866667e-02 4.253000e+00 2.256000e+00
1.933334e-02 4.348808e+00 2.212528e+00
1.966667e-02 4.396464e+00 2.191482e+00
1.983333e-02 4.420243e+00 2.181164e+00
2.000000e-02 4.444000e+00 2.171000e+00
2.066667e-02 4.539066e+00 2.131124e+00
2.100000e-02 4.586565e+00 2.111791e+00
2.116666e-02 4.610293e+00 2.102319e+00
2.133333e-02 4.634000e+00 2.093000e+00
2.200000e-02 4.728709e+00 2.056708e+00
2.233333e-02 4.775927e+00 2.039141e+00
2.266667e-02 4.823000e+00 2.022000e+00
2.333334e-02 4.916673e+00 1.988375e+00
2.366667e-02 4.963361e+00 1.971997e+00
2.400000e-02 5.010000e+00 1.956000e+00
2.533333e-02 5.196934e+00 1.894682e+00
2.600000e-02 5.290484e+00 1.865693e+00
2.633334e-02 5.337252e+00 1.851673e+00
2.666667e-02 5.384000e+00 1.838000e+00
2.833334e-02 5.617386e+00 1.772414e+00
2.916667e-02 5.733810e+00 1.741472e+00
2.958333e-02 5.791938e+00 1.726537e+00
2.979167e-02 5.820978e+00 1.719217e+00
3.000000e-02 5.850000e+00 1.712000e+00
3.166666e-02 6.081872e+00 1.656037e+00
3.250000e-02 6.197552e+00 1.629427e+00
3.291666e-02 6.255309e+00 1.616549e+00
3.333333e-02 6.313000e+00 1.604000e+00
3.500000e-02 6.543391e+00 1.555816e+00
3.583334e-02 6.658313e+00 1.532947e+00
3.625000e-02 6.715690e+00 1.521852e+00
3.666667e-02 6.773000e+00 1.511000e+00
3.833333e-02 7.002001e+00 1.468737e+00
3.916667e-02 7.116180e+00 1.448480e+00
3.958333e-02 7.173145e+00 1.438630e+00
4.000000e-02 7.230000e+00 1.429000e+00
4.166667e-02 7.456751e+00 1.391823e+00
4.250000e-02 7.569608e+00 1.374081e+00
4.291666e-02 7.625870e+00 1.365452e+00
4.333333e-02 7.682000e+00 1.357000e+00
4.500000e-02 7.905838e+00 1.324140e+00
4.583334e-02 8.017186e+00 1.308325e+00
4.625000e-02 8.072670e+00 1.300596e+00
4.666667e-02 8.128000e+00 1.293000e+00
4.833334e-02 8.348422e+00 1.263259e+00
4.916667e-02 8.457988e+00 1.248898e+00
4.958333e-02 8.512571e+00 1.241883e+00
5.000000e-02 8.567000e+00 1.235000e+00
5.166667e-02 8.784040e+00 1.208278e+00
5.250000e-02 8.891872e+00 1.195434e+00
5.291666e-02 8.945541e+00 1.189161e+00
5.333333e-02 8.999000e+00 1.183000e+00
5.666666e-02 9.422208e+00 1.135982e+00
5.833333e-02 9.630201e+00 1.113943e+00
5.916667e-02 9.733052e+00 1.103328e+00
5.958333e-02 9.784148e+00 1.098127e+00
6.000000e-02 9.835000e+00 1.093000e+00
6.333333e-02 1.023726e+01 1.053054e+00
6.500000e-02 1.043503e+01 1.034061e+00
6.583334e-02 1.053290e+01 1.024895e+00
6.666667e-02 1.063000e+01 1.016000e+00
7.000000e-02 1.101470e+01 9.822489e-01
7.166667e-02 1.120387e+01 9.664091e-01
7.250000e-02 1.129737e+01 9.587615e-01
7.333333e-02 1.139000e+01 9.513000e-01
7.666666e-02 1.175530e+01 9.222629e-01
7.833333e-02 1.193423e+01 9.083590e-01
7.916667e-02 1.202256e+01 9.016025e-01
8.000000e-02 1.211000e+01 8.950000e-01
8.333334e-02 1.245568e+01 8.695151e-01
8.500000e-02 1.262471e+01 8.573704e-01
8.583334e-02 1.270790e+01 8.514712e-01
8.666667e-02 1.279000e+01 8.457000e-01
9.000000e-02 1.311089e+01 8.233001e-01
9.166667e-02 1.326702e+01 8.125604e-01
9.250000e-02 1.334392e+01 8.073280e-01
9.333333e-02 1.342000e+01 8.022000e-01
1.000000e-01 1.401591e+01 7.633272e-01
1.033334e-01 1.430295e+01 7.453477e-01
1.050000e-01 1.444290e+01 7.367726e-01
1.066667e-01 1.458000e+01 7.285000e-01
1.133333e-01 1.511142e+01 6.970391e-01
1.166667e-01 1.536552e+01 6.823558e-01
1.183333e-01 1.548908e+01 6.753165e-01
1.200000e-01 1.561000e+01 6.685000e-01
1.266666e-01 1.607951e+01 6.424533e-01
1.300000e-01 1.630410e+01 6.302156e-01
1.316666e-01 1.641326e+01 6.243240e-01
1.333333e-01 1.652000e+01 6.186000e-01
1.400000e-01 1.693168e+01 5.966132e-01
1.433334e-01 1.712889e+01 5.862168e-01
1.450000e-01 1.722522e+01 5.811934e-01
1.466667e-01 1.732000e+01 5.763000e-01
1.533334e-01 1.769366e+01 5.574325e-01
1.566667e-01 1.787477e+01 5.484727e-01
1.600000e-01 1.805000e+01 5.399000e-01
1.666666e-01 1.838511e+01 5.235199e-01
1.700000e-01 1.854518e+01 5.157484e-01
1.733333e-01 1.870000e+01 5.083000e-01
1.800000e-01 1.900116e+01 4.940008e-01
1.833334e-01 1.914726e+01 4.871758e-01
1.866667e-01 1.929000e+01 4.806000e-01
1.933334e-01 1.957074e+01 4.678746e-01
1.966667e-01 1.970725e+01 4.617760e-01
2.000000e-01 1.984000e+01 4.559000e-01
2.066667e-01 2.009638e+01 4.446182e-01
2.100000e-01 2.021989e+01 4.392199e-01
2.133333e-01 2.034000e+01 4.340000e-01
2.200000e-01 2.057443e+01 4.238463e-01
2.233333e-01 2.068845e+01 4.189477e-01
2.266667e-01 2.080000e+01 4.142000e-01
2.333333e-01 2.101857e+01 4.050095e-01
2.366667e-01 2.112531e+01 4.005862e-01
2.400000e-01 2.123000e+01 3.963000e-01
2.533334e-01 2.163626e+01 3.800128e-01
2.600000e-01 2.183133e+01 3.724013e-01
2.666667e-01 2.202000e+01 3.652000e-01
2.833333e-01 2.247378e+01 3.482971e-01
2.916667e-01 2.269067e+01 3.404642e-01
3.000000e-01 2.290000e+01 3.331000e-01
3.166666e-01 2.330529e+01 3.192116e-01
3.250000e-01 2.350053e+01 3.127278e-01
3.333333e-01 2.369000e+01 3.066000e-01
3.500000e-01 2.405786e+01 2.950111e-01
3.583333e-01 2.423605e+01 2.895715e-01
3.666667e-01 2.441000e+01 2.844000e-01
3.833334e-01 2.475073e+01 2.745268e-01
3.916667e-01 2.491699e+01 2.698572e-01
4.000000e-01 2.508000e+01 2.654000e-01
4.166667e-01 2.539963e+01 2.568964e-01
4.250000e-01 2.555608e+01 2.528646e-01
4.333333e-01 2.571000e+01 2.490000e-01
4.500000e-01 2.601384e+01 2.415614e-01
4.583333e-01 2.616309e+01 2.380119e-01
4.666667e-01 2.631000e+01 2.346000e-01
4.833333e-01 2.659908e+01 2.280378e-01
4.916667e-01 2.674074e+01 2.249080e-01
5.000000e-01 2.688000e+01 2.219000e-01
5.166667e-01 2.715349e+01 2.161243e-01
5.333333e-01 2.742000e+01 2.107000e-01
5.666666e-01 2.794076e+01 2.005691e-01
5.833333e-01 2.819356e+01 1.958884e-01
6.000000e-01 2.844000e+01 1.915000e-01
6.333334e-01 2.891947e+01 1.832621e-01
6.500000e-01 2.915228e+01 1.794256e-01
6.666667e-01 2.938000e+01 1.758000e-01
7.000000e-01 2.982823e+01 1.689122e-01
7.166666e-01 3.004677e+01 1.656743e-01
7.333333e-01 3.026000e+01 1.626000e-01
7.666667e-01 3.067412e+01 1.567628e-01
7.833333e-01 3.087457e+01 1.540152e-01
8.000000e-01 3.107000e+01 1.514000e-01
8.333333e-01 3.145209e+01 1.464174e-01
8.500000e-01 3.163808e+01 1.440585e-01
8.666667e-01 3.182000e+01 1.418000e-01
9.000000e-01 3.217692e+01 1.374588e-01
9.166667e-01 3.235061e+01 1.353889e-01
9.333333e-01 3.252000e+01 1.334000e-01
1.000000e+00 3.316673e+01 1.259672e-01
1.033334e+00 3.347082e+01 1.225657e-01
1.066667e+00 3.376000e+01 1.194000e-01
1.133333e+00 3.431146e+01 1.134846e-01
1.166667e+00 3.457185e+01 1.107545e-01
1.200000e+00 3.482000e+01 1.082000e-01
1.266666e+00 3.529408e+01 1.034259e-01
1.300000e+00 3.551764e+01 1.012103e-01
1.333333e+00 3.573000e+01 9.912000e-02
1.400000e+00 3.613306e+01 9.514861e-02
1.433333e+00 3.632177e+01 9.328195e-02
1.466667e+00 3.650000e+01 9.151000e-02
1.533333e+00 3.683599e+01 8.814903e-02
1.600000e+00 3.714000e+01 8.506000e-02
1.666667e+00 3.741912e+01 8.217099e-02
1.733333e+00 3.767000e+01 7.951000e-02
1.800000e+00 3.790177e+01 7.700911e-02
1.866667e+00 3.811000e+01 7.469000e-02
2.000000e+00 3.847000e+01 7.045000e-02
2.133333e+00 3.875000e+01 6.670000e-02
2.266667e+00 3.881000e+01 6.336000e-02
2.400000e+00 3.867000e+01 6.035000e-02
2.666667e+00 3.863000e+01 5.516000e-02
3.000000e+00 3.839000e+01 4.988000e-02
3.166666e+00 3.821450e+01 4.759750e-02
3.333333e+00 3.800000e+01 4.557000e-02
3.500000e+00 3.776203e+01 4.369392e-02
3.666667e+00 3.750000e+01 4.199000e-02
3.833334e+00 3.722242e+01 4.040704e-02
4.000000e+00 3.693000e+01 3.896000e-02
4.166666e+00 3.662962e+01 3.760674e-02
4.333333e+00 3.632000e+01 3.636000e-02
4.500000e+00 3.600281e+01 3.518703e-02
4.666667e+00 3.568000e+01 3.410000e-02
4.833334e+00 3.535613e+01 3.307379e-02
5.000000e+00 3.503000e+01 3.212000e-02
5.166666e+00 3.470019e+01 3.122005e-02
5.333333e+00 3.437000e+01 3.038000e-02
5.666666e+00 3.371865e+01 2.881498e-02
5.833333e+00 3.339762e+01 2.809409e-02
6.000000e+00 3.308000e+01 2.742000e-02
6.333334e+00 3.244806e+01 2.615796e-02
6.500000e+00 3.213653e+01 2.557211e-02
6.666667e+00 3.183000e+01 2.502000e-02
7.000000e+00 3.122986e+01 2.397394e-02
7.166666e+00 3.093706e+01 2.348389e-02
7.333333e+00 3.065000e+01 2.302000e-02
7.666666e+00 3.008584e+01 2.214306e-02
7.833333e+00 2.981017e+01 2.173144e-02
8.000000e+00 2.954000e+01 2.134000e-02
8.333334e+00 2.900992e+01 2.059303e-02
8.500000e+00 2.875185e+01 2.023903e-02
8.666667e+00 2.850000e+01 1.990000e-02
9.000000e+00 2.801003e+01 1.924788e-02
9.166666e+00 2.777228e+01 1.893743e-02
9.333333e+00 2.754000e+01 1.864000e-02
1.000000e+01 2.663989e+01 1.753988e-02
1.033334e+01 2.621089e+01 1.704142e-02
1.050000e+01 2.600291e+01 1.680595e-02
1.066667e+01 2.580000e+01 1.658000e-02
1.133333e+01 2.501794e+01 1.572245e-02
1.166667e+01 2.464623e+01 1.532403e-02
1.183333e+01 2.446602e+01 1.513371e-02
1.200000e+01 2.429000e+01 1.495000e-02
1.266667e+01 2.360823e+01 1.425188e-02
1.300000e+01 2.328271e+01 1.392654e-02
1.316666e+01 2.312459e+01 1.377073e-02
1.333333e+01 2.297000e+01 1.362000e-02
1.400000e+01 2.237159e+01 1.304457e-02
1.433333e+01 2.208551e+01 1.277498e-02
1.450000e+01 2.194632e+01 1.264550e-02
1.466667e+01 2.181000e+01 1.252000e-02
1.533333e+01 2.128004e+01 1.204115e-02
1.566667e+01 2.102562e+01 1.181549e-02
1.583333e+01 2.090160e+01 1.170642e-02
1.600000e+01 2.078000e+01 1.160000e-02
1.666667e+01 2.030730e+01 1.118575e-02
1.700000e+01 2.008000e+01 1.098831e-02
1.716666e+01 1.996901e+01 1.089284e-02
1.733333e+01 1.986000e+01 1.080000e-02
1.800000e+01 1.943440e+01 1.044673e-02
1.833333e+01 1.922903e+01 1.027999e-02
1.850000e+01 1.912864e+01 1.019915e-02
1.866667e+01 1.903000e+01 1.012000e-02
1.933333e+01 1.864599e+01 9.809556e-03
1.966667e+01 1.846050e+01 9.660005e-03
2.000000e+01 1.828000e+01 9.516000e-03
2.066667e+01 1.792725e+01 9.241560e-03
2.100000e+01 1.775627e+01 9.111260e-03
2.133333e+01 1.759000e+01 8.986000e-03
2.200000e+01 1.726811e+01 8.743682e-03
2.233333e+01 1.711229e+01 8.627365e-03
2.266667e+01 1.696000e+01 8.515000e-03
2.333333e+01 1.666002e+01 8.297932e-03
2.366667e+01 1.651343e+01 8.193733e-03
2.400000e+01 1.637000e+01 8.093000e-03
2.533333e+01 1.582023e+01 7.711831e-03
2.600000e+01 1.555973e+01 7.534728e-03
2.633334e+01 1.543345e+01 7.449981e-03
2.666667e+01 1.531000e+01 7.368000e-03
2.833333e+01 1.471243e+01 6.980249e-03
2.916667e+01 1.442924e+01 6.800914e-03
2.958333e+01 1.429264e+01 6.715423e-03
3.000000e+01 1.416000e+01 6.633000e-03
3.166666e+01 1.365340e+01 6.320052e-03
3.250000e+01 1.341556e+01 6.174301e-03
3.291666e+01 1.330113e+01 6.104514e-03
3.333333e+01 1.319000e+01 6.037000e-03
3.500000e+01 1.276443e+01 5.779363e-03
3.583334e+01 1.256300e+01 5.658527e-03
3.625000e+01 1.246539e+01 5.600414e-03
3.666667e+01 1.237000e+01 5.544000e-03
3.833334e+01 1.199807e+01 5.327460e-03
3.916667e+01 1.182023e+01 5.225264e-03
3.958333e+01 1.173402e+01 5.175959e-03
4.000000e+01 1.165000e+01 5.128000e-03
4.166666e+01 1.132915e+01 4.943655e-03
4.250000e+01 1.117687e+01 4.856372e-03
4.291666e+01 1.110277e+01 4.814157e-03
4.333333e+01 1.103000e+01 4.773000e-03
4.500000e+01 1.074267e+01 4.614085e-03
4.583334e+01 1.060374e+01 4.538471e-03
4.625000e+01 1.053608e+01 4.501806e-03
4.666667e+01 1.047000e+01 4.466000e-03
4.833334e+01 1.021753e+01 4.327590e-03
4.916667e+01 1.009765e+01 4.261533e-03
4.958333e+01 1.003930e+01 4.229425e-03
5.000000e+01 9.982000e+00 4.198000e-03
5.166666e+01 9.756505e+00 4.075915e-03
5.250000e+01 9.647116e+00 4.017392e-03
5.291666e+01 9.593578e+00 3.988900e-03
5.333333e+01 9.541000e+00 3.961000e-03
5.666666e+01 9.143306e+00 3.750522e-03
5.833333e+01 8.959193e+00 3.653617e-03
5.916667e+01 8.871170e+00 3.607480e-03
6.000000e+01 8.786000e+00 3.563000e-03
6.333333e+01 8.459356e+00 3.393543e-03
6.500000e+01 8.305675e+00 3.314469e-03
6.583334e+01 8.231736e+00 3.276606e-03
6.666667e+01 8.160000e+00 3.240000e-03
7.000000e+01 7.885813e+00 3.100822e-03
7.166666e+01 7.756771e+00 3.035703e-03
7.250000e+01 7.694547e+00 3.004399e-03
7.333333e+01 7.634000e+00 2.974000e-03
7.666666e+01 7.400533e+00 2.857008e-03
7.833333e+01 7.289784e+00 2.801685e-03
7.916667e+01 7.236209e+00 2.774979e-03
8.000000e+01 7.184000e+00 2.749000e-03
8.333334e+01 6.983249e+00 2.649251e-03
8.500000e+01 6.887778e+00 2.602061e-03
8.583334e+01 6.841403e+00 2.579244e-03
8.666667e+01 6.796000e+00 2.557000e-03
9.000000e+01 6.619185e+00 2.471082e-03
9.166666e+01 6.534156e+00 2.430188e-03
9.250000e+01 6.492677e+00 2.410358e-03
9.333333e+01 6.452000e+00 2.391000e-03
1.000000e+02 6.142932e+00 2.246077e-03
1.033334e+02 6.000165e+00 2.180102e-03
1.050000e+02 5.932271e+00 2.148910e-03
1.058334e+02 5.899289e+00 2.133790e-03
1.066667e+02 5.867000e+00 2.119000e-03
1.133333e+02 5.621514e+00 2.006355e-03
1.166667e+02 5.507704e+00 1.954055e-03
1.183333e+02 5.453392e+00 1.929086e-03
1.200000e+02 5.401000e+00 1.905000e-03
1.333333e+02 5.022000e+00 1.731000e-03
