9.090909e-04 6.040000e-01 5.962000e-01
1.000000e-03 6.335000e-01 5.769000e-01
1.045455e-03 6.477875e-01 5.678050e-01
1.068182e-03 6.547945e-01 5.634033e-01
1.079545e-03 6.582605e-01 5.612395e-01
1.090909e-03 6.617000e-01 5.591000e-01
1.136363e-03 6.753311e-01 5.506212e-01
1.159091e-03 6.820550e-01 5.464666e-01
1.181818e-03 6.887000e-01 5.424000e-01
1.227272e-03 7.018288e-01 5.344917e-01
1.250000e-03 7.083011e-01 5.306533e-01
1.272727e-03 7.147000e-01 5.269000e-01
1.318182e-03 7.273620e-01 5.195296e-01
1.340909e-03 7.336133e-01 5.159290e-01
1.363636e-03 7.398000e-01 5.124000e-01
1.409091e-03 7.520559e-01 5.054855e-01
1.431818e-03 7.581096e-01 5.021101e-01
1.454545e-03 7.641000e-01 4.988000e-01
1.500000e-03 7.759515e-01 4.923012e-01
1.522727e-03 7.818044e-01 4.891222e-01
1.545455e-03 7.876000e-01 4.860000e-01
1.590909e-03 7.990853e-01 4.798537e-01
1.613637e-03 8.047672e-01 4.768471e-01
1.636364e-03 8.104000e-01 4.739000e-01
1.727273e-03 8.328860e-01 4.625458e-01
1.772728e-03 8.438096e-01 4.571269e-01
1.795455e-03 8.491242e-01 4.544883e-01
1.818182e-03 8.543000e-01 4.519000e-01
1.931818e-03 8.790296e-01 4.393188e-01
1.988637e-03 8.902141e-01 4.332949e-01
2.017046e-03 8.953846e-01 4.303656e-01
2.045455e-03 9.002000e-01 4.275000e-01
2.159091e-03 9.157224e-01 4.164091e-01
2.215909e-03 9.226507e-01 4.111069e-01
2.272727e-03 9.299000e-01 4.060000e-01
2.386364e-03 9.480309e-01 3.961590e-01
2.443182e-03 9.583812e-01 3.914474e-01
2.471591e-03 9.637912e-01 3.891516e-01
2.500000e-03 9.693000e-01 3.869000e-01
2.613637e-03 9.911259e-01 3.781220e-01
2.670455e-03 1.002028e+00 3.738934e-01
2.698864e-03 1.007500e+00 3.718280e-01
2.727273e-03 1.013000e+00 3.698000e-01
2.840909e-03 1.035359e+00 3.619021e-01
2.897727e-03 1.046664e+00 3.580942e-01
2.926136e-03 1.052331e+00 3.562317e-01
2.954545e-03 1.058000e+00 3.544000e-01
3.068181e-03 1.080666e+00 3.472319e-01
3.125000e-03 1.091901e+00 3.437650e-01
3.153409e-03 1.097472e+00 3.420682e-01
3.181818e-03 1.103000e+00 3.404000e-01
3.295454e-03 1.124789e+00 3.339006e-01
3.352273e-03 1.135476e+00 3.307588e-01
3.409091e-03 1.146000e+00 3.277000e-01
3.522727e-03 1.166747e+00 3.217241e-01
3.579546e-03 1.176945e+00 3.188244e-01
3.636364e-03 1.187000e+00 3.160000e-01
3.863636e-03 1.226511e+00 3.052077e-01
3.977273e-03 1.245591e+00 3.001300e-01
4.034091e-03 1.254894e+00 2.976819e-01
4.090909e-03 1.264000e+00 2.953000e-01
4.318182e-03 1.299150e+00 2.861247e-01
4.431819e-03 1.315902e+00 2.817690e-01
4.488637e-03 1.324039e+00 2.796591e-01
4.545455e-03 1.332000e+00 2.776000e-01
4.772728e-03 1.362928e+00 2.696437e-01
4.886364e-03 1.377741e+00 2.658485e-01
4.943182e-03 1.384948e+00 2.640044e-01
5.000000e-03 1.392000e+00 2.622000e-01
5.227272e-03 1.419332e+00 2.551946e-01
5.340909e-03 1.432408e+00 2.518372e-01
5.454545e-03 1.445000e+00 2.486000e-01
5.681818e-03 1.469171e+00 2.423564e-01
5.795454e-03 1.480760e+00 2.393719e-01
5.909091e-03 1.492000e+00 2.365000e-01
6.136364e-03 1.514044e+00 2.309863e-01
6.250000e-03 1.524701e+00 2.283486e-01
6.363636e-03 1.535000e+00 2.258000e-01
6.818181e-03 1.573106e+00 2.161027e-01
7.045454e-03 1.590562e+00 2.115745e-01
7.159091e-03 1.598903e+00 2.094030e-01
7.272727e-03 1.607000e+00 2.073000e-01
7.727273e-03 1.638499e+00 1.992532e-01
7.954545e-03 1.653559e+00 1.954759e-01
8.181818e-03 1.668000e+00 1.919000e-01
8.636364e-03 1.695533e+00 1.851683e-01
8.863636e-03 1.708556e+00 1.820104e-01
9.090909e-03 1.721000e+00 1.790000e-01
9.545454e-03 1.744722e+00 1.731948e-01
9.772727e-03 1.756041e+00 1.704348e-01
1.000000e-02 1.767000e+00 1.678000e-01
1.045454e-02 1.788417e+00 1.628138e-01
1.068182e-02 1.798829e+00 1.604588e-01
1.090909e-02 1.809000e+00 1.582000e-01
1.136364e-02 1.828835e+00 1.538206e-01
1.159091e-02 1.838505e+00 1.517211e-01
1.181818e-02 1.848000e+00 1.497000e-01
1.227272e-02 1.866685e+00 1.458270e-01
1.272727e-02 1.885000e+00 1.422000e-01
1.318181e-02 1.903133e+00 1.387456e-01
1.363636e-02 1.921000e+00 1.355000e-01
1.409091e-02 1.938507e+00 1.324157e-01
1.454545e-02 1.956000e+00 1.295000e-01
1.500000e-02 1.973896e+00 1.266820e-01
1.545455e-02 1.992000e+00 1.240000e-01
1.590909e-02 2.010023e+00 1.214312e-01
1.636364e-02 2.028000e+00 1.190000e-01
1.727273e-02 2.063813e+00 1.144365e-01
1.772728e-02 2.081816e+00 1.123103e-01
1.818182e-02 2.100000e+00 1.103000e-01
1.931819e-02 2.146536e+00 1.055764e-01
1.988637e-02 2.170190e+00 1.033782e-01
2.017046e-02 2.182084e+00 1.023235e-01
2.045455e-02 2.194000e+00 1.013000e-01
2.159091e-02 2.241371e+00 9.735119e-02
2.215909e-02 2.265097e+00 9.548394e-02
2.244318e-02 2.277016e+00 9.458388e-02
2.272727e-02 2.289000e+00 9.371000e-02
2.386364e-02 2.337759e+00 9.037415e-02
2.443182e-02 2.362377e+00 8.880456e-02
2.471591e-02 2.374699e+00 8.804734e-02
2.500000e-02 2.387000e+00 8.731000e-02
2.613637e-02 2.435698e+00 8.446175e-02
2.670455e-02 2.459872e+00 8.310705e-02
2.727273e-02 2.484000e+00 8.181000e-02
2.840909e-02 2.532502e+00 7.933273e-02
2.897727e-02 2.556775e+00 7.815722e-02
2.954545e-02 2.581000e+00 7.703000e-02
3.068182e-02 2.629237e+00 7.486201e-02
3.125000e-02 2.653195e+00 7.382675e-02
3.181818e-02 2.677000e+00 7.283000e-02
3.295455e-02 2.724215e+00 7.090725e-02
3.352273e-02 2.747657e+00 6.998701e-02
3.409091e-02 2.771000e+00 6.910000e-02
3.522728e-02 2.817691e+00 6.739058e-02
3.579546e-02 2.840923e+00 6.657138e-02
3.636364e-02 2.864000e+00 6.578000e-02
3.863637e-02 2.954758e+00 6.278325e-02
3.977273e-02 2.999218e+00 6.139067e-02
4.034091e-02 3.021198e+00 6.072440e-02
4.090909e-02 3.043000e+00 6.008000e-02
4.318182e-02 3.129508e+00 5.761845e-02
4.431819e-02 3.172089e+00 5.646372e-02
4.488637e-02 3.193143e+00 5.590859e-02
4.545455e-02 3.214000e+00 5.537000e-02
4.772727e-02 3.296151e+00 5.330757e-02
4.886364e-02 3.336403e+00 5.233543e-02
4.943182e-02 3.356290e+00 5.186643e-02
5.000000e-02 3.376000e+00 5.141000e-02
5.227273e-02 3.453987e+00 4.965187e-02
5.340909e-02 3.492302e+00 4.881772e-02
5.397727e-02 3.511239e+00 4.841390e-02
5.454545e-02 3.530000e+00 4.802000e-02
5.681818e-02 3.604044e+00 4.649803e-02
5.795455e-02 3.640337e+00 4.577379e-02
5.909091e-02 3.676000e+00 4.508000e-02
6.136363e-02 3.746045e+00 4.375451e-02
6.250000e-02 3.780325e+00 4.312471e-02
6.363636e-02 3.814000e+00 4.252000e-02
6.818182e-02 3.944990e+00 4.024818e-02
7.045454e-02 4.008005e+00 3.920383e-02
7.159091e-02 4.038778e+00 3.870753e-02
7.272727e-02 4.069000e+00 3.823000e-02
7.727273e-02 4.187004e+00 3.642079e-02
7.954545e-02 4.243907e+00 3.558029e-02
8.068182e-02 4.271707e+00 3.517841e-02
8.181818e-02 4.299000e+00 3.479000e-02
8.636363e-02 4.405326e+00 3.330905e-02
8.863636e-02 4.456499e+00 3.261575e-02
8.977273e-02 4.481481e+00 3.228280e-02
9.090909e-02 4.506000e+00 3.196000e-02
9.545455e-02 4.601482e+00 3.072462e-02
9.772727e-02 4.647465e+00 3.014300e-02
1.000000e-01 4.692000e+00 2.959000e-02
1.045455e-01 4.778268e+00 2.853850e-02
1.068182e-01 4.819784e+00 2.804267e-02
1.090909e-01 4.860000e+00 2.757000e-02
1.136363e-01 4.938108e+00 2.666742e-02
1.159091e-01 4.975686e+00 2.623961e-02
1.181818e-01 5.012000e+00 2.583000e-02
1.227272e-01 5.081970e+00 2.504332e-02
1.250000e-01 5.115527e+00 2.466897e-02
1.272727e-01 5.148000e+00 2.431000e-02
1.318181e-01 5.211174e+00 2.362302e-02
1.340909e-01 5.241596e+00 2.329557e-02
1.363636e-01 5.271000e+00 2.298000e-02
1.409090e-01 5.327702e+00 2.236784e-02
1.431818e-01 5.354839e+00 2.207378e-02
1.454545e-01 5.381000e+00 2.179000e-02
1.500000e-01 5.431393e+00 2.124436e-02
1.545455e-01 5.479000e+00 2.073000e-02
1.590910e-01 5.524847e+00 2.023647e-02
1.636364e-01 5.568000e+00 1.977000e-02
1.727273e-01 5.646995e+00 1.890100e-02
1.772728e-01 5.682822e+00 1.849879e-02
1.818182e-01 5.716000e+00 1.812000e-02
1.931818e-01 5.792814e+00 1.722939e-02
1.988637e-01 5.827443e+00 1.681691e-02
2.045455e-01 5.859000e+00 1.643000e-02
2.159091e-01 5.916029e+00 1.570530e-02
2.272727e-01 5.964000e+00 1.505000e-02
2.386363e-01 6.005210e+00 1.444233e-02
2.500000e-01 6.039000e+00 1.389000e-02
2.727273e-01 6.091000e+00 1.291000e-02
2.954545e-01 6.125000e+00 1.207000e-02
3.181818e-01 6.145000e+00 1.134000e-02
3.409091e-01 6.154000e+00 1.070000e-02
3.636364e-01 6.154000e+00 1.013000e-02
4.090909e-01 6.133000e+00 9.164000e-03
4.545455e-01 6.091000e+00 8.377000e-03
5.000000e-01 6.033000e+00 7.722000e-03
5.227272e-01 5.999150e+00 7.431575e-03
5.454545e-01 5.962000e+00 7.168000e-03
5.681818e-01 5.922992e+00 6.920473e-03
5.909091e-01 5.882000e+00 6.692000e-03
6.136363e-01 5.839752e+00 6.477477e-03
6.363636e-01 5.796000e+00 6.279000e-03
6.818182e-01 5.704749e+00 5.915262e-03
7.045454e-01 5.657721e+00 5.750112e-03
7.272727e-01 5.610000e+00 5.597000e-03
7.727272e-01 5.514015e+00 5.310882e-03
7.954545e-01 5.465960e+00 5.178745e-03
8.181818e-01 5.418000e+00 5.055000e-03
8.636363e-01 5.322457e+00 4.823065e-03
8.863636e-01 5.275045e+00 4.715393e-03
9.090909e-01 5.228000e+00 4.614000e-03
9.545455e-01 5.134603e+00 4.422553e-03
9.772727e-01 5.088503e+00 4.332943e-03
1.000000e+00 5.043000e+00 4.248000e-03
1.045454e+00 4.953311e+00 4.086466e-03
1.068182e+00 4.909300e+00 4.010387e-03
1.090909e+00 4.866000e+00 3.938000e-03
1.136363e+00 4.780850e+00 3.800244e-03
1.159091e+00 4.739098e+00 3.735166e-03
1.181818e+00 4.698000e+00 3.673000e-03
1.227272e+00 4.616826e+00 3.553854e-03
1.250000e+00 4.577034e+00 3.497245e-03
1.272727e+00 4.538000e+00 3.443000e-03
1.318182e+00 4.461733e+00 3.339065e-03
1.340909e+00 4.424526e+00 3.289578e-03
1.363636e+00 4.388000e+00 3.242000e-03
1.409091e+00 4.315987e+00 3.150211e-03
1.431818e+00 4.280682e+00 3.106298e-03
1.454545e+00 4.246000e+00 3.064000e-03
1.500000e+00 4.177971e+00 2.982601e-03
1.522728e+00 4.144697e+00 2.943635e-03
1.545455e+00 4.112000e+00 2.906000e-03
1.590909e+00 4.047551e+00 2.833053e-03
1.613637e+00 4.015980e+00 2.797957e-03
1.636364e+00 3.985000e+00 2.764000e-03
1.727273e+00 3.864831e+00 2.635680e-03
1.772727e+00 3.807628e+00 2.576100e-03
1.795455e+00 3.779948e+00 2.547589e-03
1.818182e+00 3.753000e+00 2.520000e-03
1.931818e+00 3.624151e+00 2.389324e-03
1.988637e+00 3.564449e+00 2.328775e-03
2.017046e+00 3.536120e+00 2.299880e-03
2.045455e+00 3.509000e+00 2.272000e-03
2.159091e+00 3.411096e+00 2.165991e-03
2.215909e+00 3.365379e+00 2.116568e-03
2.244318e+00 3.342779e+00 2.092898e-03
2.272727e+00 3.320000e+00 2.070000e-03
2.386363e+00 3.222045e+00 1.982701e-03
2.443182e+00 3.171653e+00 1.941781e-03
2.471591e+00 3.146614e+00 1.922104e-03
2.500000e+00 3.122000e+00 1.903000e-03
2.613637e+00 3.029110e+00 1.829606e-03
2.670455e+00 2.985598e+00 1.794959e-03
2.698864e+00 2.964565e+00 1.778248e-03
2.727273e+00 2.944000e+00 1.762000e-03
2.840909e+00 2.863505e+00 1.699717e-03
2.897727e+00 2.824633e+00 1.670231e-03
2.926136e+00 2.805641e+00 1.655950e-03
2.954545e+00 2.787000e+00 1.642000e-03
3.068181e+00 2.714537e+00 1.587752e-03
3.125000e+00 2.679702e+00 1.561834e-03
3.153409e+00 2.662697e+00 1.549263e-03
3.181818e+00 2.646000e+00 1.537000e-03
3.295454e+00 2.580873e+00 1.489856e-03
3.352273e+00 2.549457e+00 1.467472e-03
3.380682e+00 2.534096e+00 1.456614e-03
3.409091e+00 2.519000e+00 1.446000e-03
3.522728e+00 2.460091e+00 1.404813e-03
3.579546e+00 2.431633e+00 1.385062e-03
3.607955e+00 2.417703e+00 1.375437e-03
3.636364e+00 2.404000e+00 1.366000e-03
3.863637e+00 2.298907e+00 1.294290e-03
3.977273e+00 2.249622e+00 1.261086e-03
4.034091e+00 2.225947e+00 1.245256e-03
4.062500e+00 2.214378e+00 1.237553e-03
4.090909e+00 2.203000e+00 1.230000e-03
4.318182e+00 2.115544e+00 1.172305e-03
4.431819e+00 2.074290e+00 1.145380e-03
4.488637e+00 2.054380e+00 1.132481e-03
4.545455e+00 2.035000e+00 1.120000e-03
4.772728e+00 1.960217e+00 1.072454e-03
4.886364e+00 1.924777e+00 1.050158e-03
4.943182e+00 1.907657e+00 1.039428e-03
5.000000e+00 1.891000e+00 1.029000e-03
5.227272e+00 1.827237e+00 9.888094e-04
5.340909e+00 1.797018e+00 9.697951e-04
5.397727e+00 1.782354e+00 9.606199e-04
5.454545e+00 1.768000e+00 9.517000e-04
5.681818e+00 1.711860e+00 9.175327e-04
5.795454e+00 1.684900e+00 9.013984e-04
5.852273e+00 1.671796e+00 8.936009e-04
5.909091e+00 1.659000e+00 8.860000e-04
6.136363e+00 1.609813e+00 8.566220e-04
6.250000e+00 1.586440e+00 8.426250e-04
6.306818e+00 1.575095e+00 8.358336e-04
6.363636e+00 1.564000e+00 8.292000e-04
6.818181e+00 1.480034e+00 7.794462e-04
7.045454e+00 1.441273e+00 7.567485e-04
7.159091e+00 1.422805e+00 7.460066e-04
7.215909e+00 1.413817e+00 7.407971e-04
7.272727e+00 1.405000e+00 7.357000e-04
7.727272e+00 1.337396e+00 6.968440e-04
7.954545e+00 1.305782e+00 6.788039e-04
8.068182e+00 1.290637e+00 6.701965e-04
8.125000e+00 1.283251e+00 6.660071e-04
8.181818e+00 1.276000e+00 6.619000e-04
8.636363e+00 1.220485e+00 6.305741e-04
8.863636e+00 1.194515e+00 6.159691e-04
8.977273e+00 1.182059e+00 6.089720e-04
9.034091e+00 1.175977e+00 6.055565e-04
9.090909e+00 1.170000e+00 6.022000e-04
9.545454e+00 1.124180e+00 5.763749e-04
9.772727e+00 1.102589e+00 5.642216e-04
9.886364e+00 1.092162e+00 5.583738e-04
1.000000e+01 1.082000e+00 5.527000e-04
1.045454e+01 1.042599e+00 5.310155e-04
1.068182e+01 1.023866e+00 5.208100e-04
1.079545e+01 1.014810e+00 5.158888e-04
1.090909e+01 1.006000e+00 5.111000e-04
1.136364e+01 9.723269e-01 4.926318e-04
1.159091e+01 9.564200e-01 4.838698e-04
1.170454e+01 9.487204e-01 4.796309e-04
1.181818e+01 9.412000e-01 4.755000e-04
1.227273e+01 9.119586e-01 4.595973e-04
1.250000e+01 8.979588e-01 4.520426e-04
1.261363e+01 8.911535e-01 4.483794e-04
1.272727e+01 8.845000e-01 4.448000e-04
1.318182e+01 8.587898e-01 4.309185e-04
1.340909e+01 8.465155e-01 4.242818e-04
1.352272e+01 8.405460e-01 4.210556e-04
1.363636e+01 8.347000e-01 4.179000e-04
1.409090e+01 8.119577e-01 4.056745e-04
1.431818e+01 8.010381e-01 3.998284e-04
1.443181e+01 7.957162e-01 3.969844e-04
1.454545e+01 7.905000e-01 3.942000e-04
1.500000e+01 7.702380e-01 3.833917e-04
1.522727e+01 7.605070e-01 3.782069e-04
1.534091e+01 7.557594e-01 3.756792e-04
1.545455e+01 7.511000e-01 3.732000e-04
1.590910e+01 7.329350e-01 3.635438e-04
1.613637e+01 7.241798e-01 3.588960e-04
1.625000e+01 7.199016e-01 3.566269e-04
1.636364e+01 7.157000e-01 3.544000e-04
1.727273e+01 6.836880e-01 3.374726e-04
1.772727e+01 6.687691e-01 3.296054e-04
1.795455e+01 6.616205e-01 3.258410e-04
1.806818e+01 6.581304e-01 3.240044e-04
1.818182e+01 6.547000e-01 3.222000e-04
1.931818e+01 6.219972e-01 3.050242e-04
1.988637e+01 6.068189e-01 2.970605e-04
2.017046e+01 5.995783e-01 2.932619e-04
2.031250e+01 5.960545e-01 2.914129e-04
2.045455e+01 5.926000e-01 2.896000e-04
2.159091e+01 5.662387e-01 2.757502e-04
2.215909e+01 5.539577e-01 2.692885e-04
2.244318e+01 5.480807e-01 2.661935e-04
2.258523e+01 5.452145e-01 2.646834e-04
2.272727e+01 5.424000e-01 2.632000e-04
2.386364e+01 5.208020e-01 2.518186e-04
2.443182e+01 5.106740e-01 2.464712e-04
2.471591e+01 5.058110e-01 2.438981e-04
2.500000e+01 5.011000e-01 2.414000e-04
2.613636e+01 4.831154e-01 2.318131e-04
2.670455e+01 4.746836e-01 2.272939e-04
2.698864e+01 4.706312e-01 2.251161e-04
2.727273e+01 4.667000e-01 2.230000e-04
2.840909e+01 4.516923e-01 2.148960e-04
2.897727e+01 4.445994e-01 2.110644e-04
2.926136e+01 4.411620e-01 2.092101e-04
2.954545e+01 4.378000e-01 2.074000e-04
3.068182e+01 4.246896e-01 2.003707e-04
3.125000e+01 4.183852e-01 1.970151e-04
3.153409e+01 4.153118e-01 1.953878e-04
3.181818e+01 4.123000e-01 1.938000e-04
3.295455e+01 4.005957e-01 1.876911e-04
3.352273e+01 3.949914e-01 1.847875e-04
3.380682e+01 3.922660e-01 1.833783e-04
3.409091e+01 3.896000e-01 1.820000e-04
3.522727e+01 3.792864e-01 1.766423e-04
3.579546e+01 3.743540e-01 1.740739e-04
3.607955e+01 3.719528e-01 1.728237e-04
3.636364e+01 3.696000e-01 1.716000e-04
3.863636e+01 3.517283e-01 1.623931e-04
3.977273e+01 3.434524e-01 1.581604e-04
4.034091e+01 3.395056e-01 1.561448e-04
4.062500e+01 3.375843e-01 1.551634e-04
4.090909e+01 3.357000e-01 1.542000e-04
4.318182e+01 3.212883e-01 1.467773e-04
4.431818e+01 3.145537e-01 1.432907e-04
4.488637e+01 3.113250e-01 1.416178e-04
4.517046e+01 3.097489e-01 1.408015e-04
4.545455e+01 3.082000e-01 1.400000e-04
4.772727e+01 2.963003e-01 1.338745e-04
4.886364e+01 2.907051e-01 1.310093e-04
4.943182e+01 2.880128e-01 1.296337e-04
5.000000e+01 2.854000e-01 1.283000e-04
5.227273e+01 2.754023e-01 1.231898e-04
5.340909e+01 2.706898e-01 1.207842e-04
5.397727e+01 2.684151e-01 1.196256e-04
5.454545e+01 2.662000e-01 1.185000e-04
5.681818e+01 2.576494e-01 1.141923e-04
5.795454e+01 2.535866e-01 1.121537e-04
5.852273e+01 2.516191e-01 1.111658e-04
5.909091e+01 2.497000e-01 1.102000e-04
6.136364e+01 2.422946e-01 1.064339e-04
6.250000e+01 2.387730e-01 1.046302e-04
6.306818e+01 2.370660e-01 1.037545e-04
6.363636e+01 2.354000e-01 1.029000e-04
6.818182e+01 2.229359e-01 9.657163e-05
7.045454e+01 2.172609e-01 9.371692e-05
7.159091e+01 2.145763e-01 9.237076e-05
7.215909e+01 2.132742e-01 9.171841e-05
7.272727e+01 2.120000e-01 9.108000e-05
7.727273e+01 2.022700e-01 8.618568e-05
7.954545e+01 1.977446e-01 8.390257e-05
8.068182e+01 1.955837e-01 8.281169e-05
8.125000e+01 1.945316e-01 8.228060e-05
8.181818e+01 1.935000e-01 8.176000e-05
9.090909e+01 1.785000e-01 7.422000e-05
