1.960784e-03 1.390000e+00 3.097000e+00
2.156863e-03 1.497000e+00 3.038000e+00
2.254902e-03 1.549850e+00 3.008850e+00
2.303922e-03 1.575421e+00 2.994383e+00
2.328431e-03 1.587864e+00 2.987181e+00
2.352941e-03 1.600000e+00 2.980000e+00
2.450980e-03 1.646341e+00 2.951262e+00
2.500000e-03 1.668174e+00 2.937030e+00
2.524510e-03 1.678720e+00 2.929982e+00
2.549020e-03 1.689000e+00 2.923000e+00
2.647059e-03 1.728765e+00 2.895680e+00
2.696078e-03 1.747747e+00 2.882279e+00
2.720588e-03 1.756973e+00 2.875628e+00
2.745098e-03 1.766000e+00 2.869000e+00
2.843137e-03 1.801062e+00 2.842379e+00
2.892157e-03 1.817848e+00 2.829127e+00
2.941176e-03 1.834000e+00 2.816000e+00
3.039216e-03 1.865014e+00 2.790187e+00
3.088235e-03 1.879794e+00 2.777509e+00
3.137255e-03 1.894000e+00 2.765000e+00
3.235294e-03 1.921228e+00 2.740246e+00
3.284313e-03 1.934295e+00 2.728045e+00
3.333333e-03 1.947000e+00 2.716000e+00
3.431372e-03 1.972005e+00 2.692242e+00
3.480392e-03 1.984169e+00 2.680547e+00
3.529412e-03 1.996000e+00 2.669000e+00
3.725490e-03 2.040432e+00 2.623675e+00
3.823530e-03 2.061178e+00 2.601597e+00
3.921569e-03 2.081000e+00 2.580000e+00
4.166667e-03 2.129093e+00 2.527299e+00
4.289216e-03 2.152046e+00 2.501792e+00
4.350490e-03 2.163166e+00 2.489297e+00
4.411765e-03 2.174000e+00 2.477000e+00
4.656863e-03 2.215407e+00 2.428916e+00
4.779412e-03 2.235060e+00 2.405639e+00
4.901961e-03 2.254000e+00 2.383000e+00
5.147059e-03 2.291033e+00 2.338993e+00
5.269608e-03 2.308854e+00 2.317710e+00
5.392157e-03 2.326000e+00 2.297000e+00
5.637255e-03 2.358448e+00 2.256582e+00
5.759804e-03 2.373930e+00 2.237015e+00
5.882353e-03 2.389000e+00 2.218000e+00
6.127451e-03 2.418973e+00 2.181242e+00
6.250000e-03 2.433662e+00 2.163437e+00
6.372549e-03 2.448000e+00 2.146000e+00
6.617647e-03 2.475606e+00 2.111469e+00
6.740196e-03 2.488946e+00 2.094552e+00
6.862745e-03 2.502000e+00 2.078000e+00
7.107843e-03 2.527777e+00 2.045787e+00
7.352941e-03 2.553000e+00 2.015000e+00
7.598039e-03 2.577726e+00 1.985363e+00
7.843137e-03 2.602000e+00 1.957000e+00
8.333333e-03 2.649825e+00 1.902693e+00
8.578431e-03 2.673474e+00 1.876847e+00
8.823529e-03 2.697000e+00 1.852000e+00
9.313725e-03 2.744013e+00 1.804077e+00
9.558824e-03 2.767508e+00 1.781131e+00
9.803922e-03 2.791000e+00 1.759000e+00
1.029412e-02 2.837809e+00 1.716247e+00
1.053921e-02 2.861309e+00 1.695760e+00
1.078431e-02 2.885000e+00 1.676000e+00
1.127451e-02 2.933033e+00 1.637932e+00
1.151961e-02 2.957390e+00 1.619673e+00
1.176471e-02 2.982000e+00 1.602000e+00
1.225490e-02 3.031617e+00 1.567601e+00
1.250000e-02 3.056692e+00 1.551027e+00
1.274510e-02 3.082000e+00 1.535000e+00
1.323530e-02 3.133042e+00 1.504169e+00
1.348039e-02 3.158876e+00 1.489364e+00
1.372549e-02 3.185000e+00 1.475000e+00
1.470588e-02 3.291671e+00 1.419751e+00
1.519607e-02 3.346333e+00 1.393703e+00
1.544117e-02 3.374034e+00 1.381164e+00
1.568627e-02 3.402000e+00 1.369000e+00
1.666666e-02 3.515114e+00 1.322627e+00
1.715686e-02 3.572630e+00 1.300807e+00
1.740196e-02 3.601694e+00 1.290271e+00
1.764706e-02 3.631000e+00 1.280000e+00
1.862745e-02 3.749750e+00 1.240188e+00
1.911765e-02 3.810037e+00 1.221200e+00
1.936274e-02 3.840430e+00 1.211990e+00
1.960784e-02 3.871000e+00 1.203000e+00
2.058823e-02 3.994048e+00 1.168340e+00
2.107843e-02 4.056219e+00 1.151842e+00
2.132353e-02 4.087522e+00 1.143833e+00
2.156863e-02 4.119000e+00 1.136000e+00
2.254902e-02 4.246120e+00 1.105575e+00
2.303922e-02 4.310337e+00 1.091011e+00
2.328431e-02 4.342613e+00 1.083928e+00
2.352941e-02 4.375000e+00 1.077000e+00
2.450981e-02 4.504998e+00 1.050196e+00
2.500000e-02 4.570344e+00 1.037372e+00
2.524510e-02 4.603128e+00 1.031125e+00
2.549020e-02 4.636000e+00 1.025000e+00
2.647059e-02 4.768098e+00 1.001141e+00
2.696079e-02 4.834454e+00 9.896431e-01
2.720588e-02 4.867705e+00 9.840231e-01
2.745098e-02 4.901000e+00 9.785000e-01
2.843137e-02 5.034293e+00 9.569225e-01
2.892156e-02 5.101074e+00 9.465032e-01
2.916666e-02 5.134515e+00 9.414076e-01
2.941176e-02 5.168000e+00 9.364000e-01
3.039215e-02 5.302284e+00 9.168751e-01
3.088235e-02 5.369593e+00 9.074502e-01
3.112745e-02 5.403285e+00 9.028376e-01
3.137255e-02 5.437000e+00 8.983000e-01
3.235294e-02 5.572019e+00 8.805491e-01
3.284313e-02 5.639536e+00 8.719554e-01
3.308823e-02 5.673279e+00 8.677447e-01
3.333333e-02 5.707000e+00 8.636000e-01
3.431373e-02 5.841691e+00 8.473964e-01
3.480392e-02 5.908902e+00 8.395453e-01
3.504902e-02 5.942466e+00 8.356943e-01
3.529412e-02 5.976000e+00 8.319000e-01
3.725490e-02 6.243960e+00 8.026733e-01
3.823530e-02 6.377342e+00 7.888617e-01
3.872549e-02 6.443784e+00 7.821921e-01
3.897059e-02 6.476924e+00 7.789226e-01
3.921569e-02 6.510000e+00 7.757000e-01
4.166667e-02 6.838910e+00 7.447775e-01
4.289216e-02 7.001719e+00 7.302579e-01
4.350490e-02 7.082579e+00 7.232753e-01
4.381128e-02 7.122850e+00 7.198603e-01
4.411765e-02 7.163000e+00 7.165000e-01
4.656863e-02 7.482261e+00 6.905946e-01
4.779412e-02 7.640033e+00 6.783540e-01
4.840686e-02 7.718280e+00 6.724466e-01
4.871324e-02 7.757212e+00 6.695520e-01
4.901961e-02 7.796000e+00 6.667000e-01
5.147059e-02 8.103815e+00 6.446653e-01
5.269608e-02 8.255471e+00 6.342061e-01
5.330883e-02 8.330543e+00 6.291413e-01
5.392157e-02 8.405000e+00 6.242000e-01
5.637255e-02 8.699202e+00 6.051105e-01
5.759804e-02 8.843708e+00 5.960198e-01
5.821079e-02 8.915162e+00 5.916092e-01
5.882353e-02 8.986000e+00 5.873000e-01
6.127451e-02 9.266302e+00 5.706217e-01
6.250000e-02 9.403867e+00 5.626576e-01
6.311274e-02 9.471785e+00 5.587869e-01
6.372549e-02 9.539000e+00 5.550000e-01
6.617647e-02 9.803082e+00 5.403159e-01
6.740196e-02 9.932463e+00 5.332826e-01
6.801471e-02 9.996464e+00 5.298571e-01
6.862745e-02 1.006000e+01 5.265000e-01
7.107843e-02 1.031292e+01 5.134428e-01
7.230392e-02 1.043753e+01 5.071670e-01
7.291666e-02 1.049909e+01 5.041049e-01
7.352941e-02 1.056000e+01 5.011000e-01
7.598039e-02 1.079909e+01 4.893960e-01
7.720588e-02 1.091571e+01 4.837587e-01
7.781863e-02 1.097317e+01 4.810047e-01
7.843137e-02 1.103000e+01 4.783000e-01
8.333333e-02 1.147245e+01 4.576881e-01
8.578431e-02 1.168485e+01 4.480753e-01
8.700980e-02 1.178841e+01 4.434659e-01
8.823529e-02 1.189000e+01 4.390000e-01
9.313726e-02 1.228569e+01 4.218895e-01
9.558824e-02 1.247602e+01 4.138390e-01
9.681373e-02 1.256889e+01 4.099633e-01
9.803922e-02 1.266000e+01 4.062000e-01
1.029412e-01 1.301515e+01 3.917831e-01
1.053921e-01 1.318569e+01 3.849815e-01
1.066176e-01 1.326873e+01 3.816977e-01
1.078431e-01 1.335000e+01 3.785000e-01
1.127451e-01 1.366358e+01 3.661736e-01
1.151961e-01 1.381399e+01 3.603148e-01
1.164216e-01 1.388755e+01 3.574743e-01
1.176471e-01 1.396000e+01 3.547000e-01
1.225491e-01 1.424686e+01 3.439516e-01
1.250000e-01 1.438592e+01 3.388224e-01
1.274510e-01 1.452000e+01 3.339000e-01
1.323530e-01 1.477361e+01 3.244820e-01
1.348039e-01 1.489391e+01 3.200026e-01
1.372549e-01 1.501000e+01 3.157000e-01
1.470588e-01 1.545845e+01 2.995588e-01
1.519607e-01 1.567000e+01 2.921359e-01
1.544117e-01 1.577165e+01 2.886038e-01
1.568627e-01 1.587000e+01 2.852000e-01
1.666666e-01 1.624225e+01 2.722422e-01
1.715686e-01 1.641578e+01 2.661965e-01
1.740196e-01 1.649911e+01 2.633009e-01
1.764706e-01 1.658000e+01 2.605000e-01
1.862745e-01 1.689132e+01 2.498303e-01
1.911764e-01 1.703891e+01 2.448333e-01
1.960784e-01 1.718000e+01 2.401000e-01
2.058823e-01 1.744930e+01 2.311271e-01
2.107843e-01 1.757718e+01 2.269099e-01
2.156863e-01 1.770000e+01 2.229000e-01
2.254902e-01 1.793766e+01 2.152576e-01
2.303922e-01 1.805117e+01 2.116465e-01
2.352941e-01 1.816000e+01 2.082000e-01
2.450981e-01 1.836691e+01 2.016205e-01
2.500000e-01 1.846522e+01 1.984974e-01
2.549020e-01 1.856000e+01 1.955000e-01
2.647059e-01 1.874426e+01 1.897138e-01
2.745098e-01 1.892000e+01 1.843000e-01
2.843137e-01 1.908924e+01 1.792199e-01
2.941176e-01 1.925000e+01 1.745000e-01
3.039215e-01 1.940356e+01 1.700198e-01
3.137255e-01 1.955000e+01 1.658000e-01
3.235294e-01 1.969268e+01 1.617403e-01
3.333333e-01 1.983000e+01 1.579000e-01
3.431373e-01 1.996272e+01 1.542418e-01
3.529412e-01 2.009000e+01 1.508000e-01
3.725490e-01 2.033297e+01 1.443830e-01
3.823530e-01 2.044861e+01 1.414077e-01
3.921569e-01 2.056000e+01 1.386000e-01
4.166667e-01 2.082850e+01 1.319775e-01
4.289216e-01 2.095669e+01 1.288982e-01
4.411765e-01 2.108000e+01 1.260000e-01
4.656863e-01 2.131728e+01 1.205384e-01
4.779412e-01 2.143069e+01 1.179953e-01
4.901961e-01 2.154000e+01 1.156000e-01
5.147059e-01 2.175028e+01 1.111011e-01
5.392157e-01 2.195000e+01 1.070000e-01
5.637255e-01 2.214472e+01 1.031550e-01
5.882353e-01 2.233000e+01 9.962000e-02
6.127451e-01 2.250517e+01 9.632011e-02
6.372549e-01 2.267000e+01 9.328000e-02
6.617647e-01 2.282906e+01 9.041373e-02
6.862745e-01 2.298000e+01 8.775000e-02
7.107843e-01 2.312360e+01 8.523003e-02
7.352941e-01 2.326000e+01 8.288000e-02
7.598039e-01 2.339296e+01 8.065352e-02
7.843137e-01 2.352000e+01 7.857000e-02
8.333333e-01 2.375665e+01 7.469636e-02
8.823529e-01 2.397000e+01 7.124000e-02
9.313726e-01 2.416887e+01 6.807915e-02
9.803922e-01 2.435000e+01 6.524000e-02
1.029412e+00 2.451910e+01 6.261415e-02
1.078431e+00 2.467000e+01 6.023000e-02
1.127451e+00 2.480303e+01 5.801574e-02
1.176471e+00 2.492000e+01 5.599000e-02
1.274510e+00 2.513000e+01 5.234000e-02
1.372549e+00 2.529000e+01 4.917000e-02
1.568627e+00 2.550000e+01 4.391000e-02
1.764706e+00 2.559000e+01 3.973000e-02
1.960784e+00 2.559000e+01 3.632000e-02
2.156863e+00 2.550000e+01 3.348000e-02
2.254902e+00 2.534375e+01 3.222225e-02
2.352941e+00 2.515000e+01 3.108000e-02
2.450981e+00 2.497310e+01 3.000397e-02
2.549020e+00 2.481000e+01 2.901000e-02
2.647059e+00 2.465471e+01 2.807976e-02
2.745098e+00 2.450000e+01 2.722000e-02
2.843137e+00 2.433779e+01 2.640675e-02
2.941176e+00 2.417000e+01 2.565000e-02
3.039216e+00 2.400113e+01 2.493680e-02
3.137255e+00 2.383000e+01 2.427000e-02
3.235294e+00 2.365579e+01 2.363156e-02
3.333333e+00 2.348000e+01 2.303000e-02
3.431373e+00 2.330505e+01 2.245789e-02
3.529412e+00 2.313000e+01 2.192000e-02
3.725491e+00 2.277593e+01 2.091486e-02
3.823530e+00 2.259795e+01 2.044887e-02
3.921569e+00 2.242000e+01 2.001000e-02
4.166667e+00 2.197628e+01 1.898045e-02
4.289216e+00 2.175674e+01 1.850495e-02
4.411765e+00 2.154000e+01 1.806000e-02
4.656863e+00 2.111351e+01 1.722815e-02
4.779412e+00 2.090479e+01 1.684270e-02
4.901961e+00 2.070000e+01 1.648000e-02
5.147059e+00 2.029886e+01 1.579490e-02
5.269608e+00 2.010275e+01 1.547412e-02
5.392157e+00 1.991000e+01 1.517000e-02
5.637255e+00 1.952925e+01 1.459169e-02
5.759804e+00 1.934275e+01 1.431927e-02
5.882353e+00 1.916000e+01 1.406000e-02
6.127451e+00 1.880300e+01 1.356661e-02
6.250000e+00 1.862948e+01 1.333327e-02
6.372549e+00 1.846000e+01 1.311000e-02
6.617647e+00 1.812901e+01 1.268024e-02
6.740196e+00 1.796784e+01 1.247574e-02
6.862745e+00 1.781000e+01 1.228000e-02
7.107843e+00 1.749983e+01 1.190713e-02
7.230392e+00 1.734835e+01 1.173014e-02
7.352941e+00 1.720000e+01 1.156000e-02
7.598039e+00 1.690946e+01 1.123037e-02
7.720588e+00 1.676806e+01 1.107229e-02
7.843137e+00 1.663000e+01 1.092000e-02
8.333333e+00 1.610050e+01 1.035218e-02
8.578431e+00 1.584984e+01 1.009206e-02
8.700980e+00 1.572849e+01 9.968338e-03
8.823529e+00 1.561000e+01 9.849000e-03
9.313726e+00 1.515041e+01 9.392280e-03
9.558824e+00 1.493085e+01 9.178188e-03
9.681373e+00 1.482422e+01 9.075453e-03
9.803922e+00 1.472000e+01 8.976000e-03
1.029412e+01 1.431717e+01 8.597307e-03
1.053921e+01 1.412492e+01 8.419985e-03
1.066176e+01 1.403147e+01 8.334745e-03
1.078431e+01 1.394000e+01 8.252000e-03
1.127451e+01 1.358444e+01 7.934177e-03
1.151961e+01 1.341406e+01 7.784030e-03
1.164216e+01 1.333115e+01 7.711545e-03
1.176471e+01 1.325000e+01 7.641000e-03
1.225491e+01 1.293597e+01 7.369525e-03
1.250000e+01 1.278549e+01 7.240887e-03
1.262255e+01 1.271208e+01 7.178661e-03
1.274510e+01 1.264000e+01 7.118000e-03
1.323530e+01 1.235800e+01 6.884026e-03
1.348039e+01 1.222184e+01 6.772716e-03
1.360294e+01 1.215530e+01 6.718730e-03
1.372549e+01 1.209000e+01 6.666000e-03
1.470588e+01 1.159471e+01 6.269866e-03
1.519608e+01 1.136531e+01 6.088896e-03
1.544117e+01 1.125578e+01 6.003214e-03
1.568627e+01 1.115000e+01 5.921000e-03
1.666667e+01 1.074801e+01 5.610751e-03
1.715686e+01 1.055945e+01 5.467331e-03
1.740196e+01 1.046854e+01 5.398951e-03
1.764706e+01 1.038000e+01 5.333000e-03
1.862745e+01 1.003674e+01 5.082161e-03
1.911764e+01 9.873275e+00 4.965199e-03
1.936274e+01 9.794125e+00 4.909184e-03
1.960784e+01 9.717000e+00 4.855000e-03
2.058823e+01 9.421046e+00 4.648515e-03
2.107843e+01 9.280667e+00 4.551740e-03
2.132353e+01 9.212582e+00 4.505197e-03
2.156863e+01 9.146000e+00 4.460000e-03
2.254902e+01 8.887283e+00 4.286193e-03
2.303921e+01 8.763046e+00 4.204097e-03
2.328431e+01 8.702450e+00 4.164497e-03
2.352941e+01 8.643000e+00 4.126000e-03
2.450981e+01 8.411580e+00 3.978460e-03
2.500000e+01 8.300087e+00 3.908693e-03
2.524510e+01 8.245580e+00 3.874938e-03
2.549020e+01 8.192000e+00 3.842000e-03
2.647059e+01 7.982863e+00 3.714305e-03
2.696079e+01 7.881620e+00 3.653391e-03
2.720588e+01 7.831957e+00 3.623843e-03
2.745098e+01 7.783000e+00 3.595000e-03
2.843137e+01 7.589920e+00 3.483821e-03
2.892157e+01 7.496385e+00 3.430879e-03
2.916666e+01 7.450722e+00 3.405164e-03
2.941176e+01 7.406000e+00 3.380000e-03
3.039216e+01 7.233547e+00 3.282179e-03
3.088235e+01 7.151271e+00 3.235254e-03
3.112745e+01 7.111238e+00 3.212396e-03
3.137255e+01 7.072000e+00 3.190000e-03
3.235294e+01 6.919123e+00 3.103016e-03
3.284313e+01 6.845434e+00 3.061284e-03
3.308823e+01 6.809409e+00 3.040944e-03
3.333333e+01 6.774000e+00 3.021000e-03
3.431372e+01 6.635735e+00 2.943411e-03
3.480392e+01 6.568906e+00 2.906094e-03
3.529412e+01 6.504000e+00 2.870000e-03
3.725491e+01 6.257095e+00 2.733724e-03
3.823530e+01 6.141518e+00 2.670502e-03
3.872549e+01 6.085951e+00 2.640260e-03
3.921569e+01 6.032000e+00 2.611000e-03
4.166667e+01 5.775013e+00 2.472289e-03
4.289216e+01 5.655084e+00 2.408074e-03
4.350490e+01 5.597615e+00 2.377475e-03
4.411765e+01 5.542000e+00 2.348000e-03
4.656863e+01 5.329718e+00 2.236544e-03
4.779412e+01 5.230210e+00 2.184769e-03
4.840686e+01 5.182388e+00 2.159987e-03
4.901961e+01 5.136000e+00 2.136000e-03
5.147059e+01 4.958337e+00 2.044124e-03
5.269608e+01 4.874628e+00 2.000935e-03
5.330882e+01 4.834263e+00 1.980159e-03
5.392157e+01 4.795000e+00 1.960000e-03
5.637255e+01 4.644435e+00 1.882845e-03
5.759804e+01 4.572881e+00 1.846524e-03
5.821079e+01 4.538097e+00 1.829019e-03
5.882353e+01 4.504000e+00 1.812000e-03
6.127451e+01 4.370386e+00 1.746634e-03
6.250000e+01 4.306023e+00 1.715656e-03
6.311275e+01 4.274671e+00 1.700651e-03
6.372549e+01 4.244000e+00 1.686000e-03
6.617647e+01 4.125558e+00 1.629107e-03
6.740196e+01 4.069144e+00 1.601971e-03
6.801470e+01 4.041763e+00 1.588820e-03
6.862745e+01 4.015000e+00 1.576000e-03
7.107843e+01 3.911368e+00 1.526792e-03
7.230392e+01 3.861788e+00 1.503432e-03
7.291666e+01 3.837652e+00 1.492094e-03
7.352941e+01 3.814000e+00 1.481000e-03
7.598039e+01 3.721937e+00 1.437780e-03
7.720588e+01 3.677702e+00 1.417020e-03
7.781862e+01 3.656137e+00 1.406905e-03
7.843137e+01 3.635000e+00 1.397000e-03
8.333333e+01 3.475071e+00 1.322415e-03
8.578431e+01 3.401204e+00 1.288105e-03
8.700980e+01 3.365983e+00 1.271765e-03
8.762255e+01 3.348831e+00 1.263809e-03
8.823529e+01 3.332000e+00 1.256000e-03
9.313726e+01 3.202792e+00 1.195884e-03
9.558824e+01 3.142217e+00 1.167654e-03
9.681373e+01 3.113146e+00 1.154107e-03
9.803922e+01 3.085000e+00 1.141000e-03
1.029412e+02 2.977847e+00 1.091182e-03
1.053921e+02 2.927635e+00 1.067938e-03
1.066176e+02 2.903475e+00 1.056793e-03
1.078431e+02 2.880000e+00 1.046000e-03
1.127451e+02 2.789536e+00 1.004769e-03
1.151961e+02 2.746737e+00 9.853661e-04
1.164216e+02 2.726082e+00 9.760083e-04
1.176471e+02 2.706000e+00 9.669000e-04
1.225490e+02 2.629107e+00 9.317545e-04
1.250000e+02 2.592759e+00 9.150625e-04
1.262255e+02 2.575169e+00 9.069810e-04
1.274510e+02 2.558000e+00 8.991000e-04
1.323529e+02 2.491384e+00 8.687003e-04
1.348039e+02 2.459555e+00 8.542459e-04
1.360294e+02 2.444099e+00 8.472394e-04
1.372549e+02 2.429000e+00 8.404000e-04
1.470588e+02 2.316031e+00 7.891678e-04
1.519607e+02 2.264620e+00 7.658275e-04
1.544117e+02 2.240312e+00 7.547883e-04
1.556372e+02 2.228528e+00 7.494360e-04
1.568627e+02 2.217000e+00 7.442000e-04
1.666667e+02 2.129082e+00 7.042879e-04
1.715686e+02 2.088254e+00 6.857597e-04
1.740196e+02 2.068774e+00 6.769200e-04
1.764706e+02 2.050000e+00 6.684000e-04
1.960784e+02 1.915000e+00 6.071000e-04
