1.428571e-03 2.250000e-01 1.537000e-01
1.571429e-03 2.359000e-01 1.474000e-01
1.642857e-03 2.412100e-01 1.444175e-01
1.678572e-03 2.438216e-01 1.429847e-01
1.696429e-03 2.451152e-01 1.422857e-01
1.714286e-03 2.464000e-01 1.416000e-01
1.785715e-03 2.514985e-01 1.389364e-01
1.821429e-03 2.540146e-01 1.376511e-01
1.857143e-03 2.565000e-01 1.364000e-01
1.928571e-03 2.614302e-01 1.339557e-01
1.964286e-03 2.638438e-01 1.327654e-01
2.000000e-03 2.662000e-01 1.316000e-01
2.071428e-03 2.707281e-01 1.292985e-01
2.107143e-03 2.729278e-01 1.281812e-01
2.142857e-03 2.751000e-01 1.271000e-01
2.214286e-03 2.794673e-01 1.250469e-01
2.250000e-03 2.816430e-01 1.240625e-01
2.285714e-03 2.838000e-01 1.231000e-01
2.357143e-03 2.880410e-01 1.211750e-01
2.392857e-03 2.901301e-01 1.202273e-01
2.428571e-03 2.922000e-01 1.193000e-01
2.500000e-03 2.963227e-01 1.175099e-01
2.535715e-03 2.983690e-01 1.166449e-01
2.571429e-03 3.004000e-01 1.158000e-01
2.714286e-03 3.084076e-01 1.125032e-01
2.785714e-03 3.123348e-01 1.109212e-01
2.821429e-03 3.142758e-01 1.101519e-01
2.857143e-03 3.162000e-01 1.094000e-01
3.035714e-03 3.256743e-01 1.058042e-01
3.125000e-03 3.303209e-01 1.041115e-01
3.169643e-03 3.326193e-01 1.032949e-01
3.214286e-03 3.349000e-01 1.025000e-01
3.392857e-03 3.439513e-01 9.943542e-02
3.482143e-03 3.484092e-01 9.797792e-02
3.526786e-03 3.506145e-01 9.727091e-02
3.571429e-03 3.528000e-01 9.658000e-02
3.750000e-03 3.614091e-01 9.390183e-02
3.839285e-03 3.656341e-01 9.262150e-02
3.883928e-03 3.677248e-01 9.199903e-02
3.928571e-03 3.698000e-01 9.139000e-02
4.107142e-03 3.780217e-01 8.903019e-02
4.196428e-03 3.820813e-01 8.790014e-02
4.241071e-03 3.840962e-01 8.734967e-02
4.285714e-03 3.861000e-01 8.681000e-02
4.464285e-03 3.940676e-01 8.470784e-02
4.553571e-03 3.980062e-01 8.369688e-02
4.642857e-03 4.019000e-01 8.272000e-02
4.821429e-03 4.095782e-01 8.083656e-02
4.910714e-03 4.133602e-01 7.993338e-02
5.000000e-03 4.171000e-01 7.906000e-02
5.178571e-03 4.245074e-01 7.736706e-02
5.267857e-03 4.281700e-01 7.655129e-02
5.357143e-03 4.318000e-01 7.576000e-02
5.535715e-03 4.390015e-01 7.422281e-02
5.625000e-03 4.425661e-01 7.348063e-02
5.714286e-03 4.461000e-01 7.276000e-02
6.071428e-03 4.600346e-01 7.001569e-02
6.250000e-03 4.668701e-01 6.872967e-02
6.339285e-03 4.702494e-01 6.811100e-02
6.428571e-03 4.736000e-01 6.751000e-02
6.785714e-03 4.868612e-01 6.519833e-02
6.964286e-03 4.933808e-01 6.410411e-02
7.053571e-03 4.966047e-01 6.357522e-02
7.142857e-03 4.998000e-01 6.306000e-02
7.500000e-03 5.123959e-01 6.107526e-02
7.678572e-03 5.185866e-01 6.013269e-02
7.767857e-03 5.216533e-01 5.967594e-02
7.857143e-03 5.247000e-01 5.923000e-02
8.214286e-03 5.368053e-01 5.750398e-02
8.392857e-03 5.427867e-01 5.668057e-02
8.482143e-03 5.457532e-01 5.628077e-02
8.571429e-03 5.487000e-01 5.589000e-02
8.928571e-03 5.603694e-01 5.437867e-02
9.107143e-03 5.661204e-01 5.365622e-02
9.196428e-03 5.689701e-01 5.330458e-02
9.285714e-03 5.718000e-01 5.296000e-02
9.642857e-03 5.830072e-01 5.161819e-02
9.821428e-03 5.885349e-01 5.097309e-02
1.000000e-02 5.940000e-01 5.035000e-02
1.071429e-02 6.154603e-01 4.801012e-02
1.107143e-02 6.259324e-01 4.693124e-02
1.125000e-02 6.310938e-01 4.641677e-02
1.142857e-02 6.362000e-01 4.592000e-02
1.214286e-02 6.563523e-01 4.402203e-02
1.250000e-02 6.662193e-01 4.313211e-02
1.267857e-02 6.710861e-01 4.270455e-02
1.285714e-02 6.759000e-01 4.229000e-02
1.357142e-02 6.948317e-01 4.070476e-02
1.392857e-02 7.040945e-01 3.995893e-02
1.410714e-02 7.086682e-01 3.959950e-02
1.428571e-02 7.132000e-01 3.925000e-02
1.500000e-02 7.311139e-01 3.790494e-02
1.535714e-02 7.399205e-01 3.726795e-02
1.553572e-02 7.442779e-01 3.696001e-02
1.571429e-02 7.486000e-01 3.666000e-02
1.642858e-02 7.656971e-01 3.550468e-02
1.678572e-02 7.741078e-01 3.495589e-02
1.696429e-02 7.782704e-01 3.468986e-02
1.714286e-02 7.824000e-01 3.443000e-02
1.785714e-02 7.987181e-01 3.342340e-02
1.821429e-02 8.067551e-01 3.294247e-02
1.857143e-02 8.147000e-01 3.248000e-02
1.928572e-02 8.304349e-01 3.159189e-02
1.964286e-02 8.382073e-01 3.116809e-02
2.000000e-02 8.459000e-01 3.076000e-02
2.071428e-02 8.611213e-01 2.997158e-02
2.107143e-02 8.686441e-01 2.959396e-02
2.142857e-02 8.761000e-01 2.923000e-02
2.214286e-02 8.908967e-01 2.853052e-02
2.250000e-02 8.982265e-01 2.819510e-02
2.285714e-02 9.055000e-01 2.787000e-02
2.357143e-02 9.199368e-01 2.723432e-02
2.392857e-02 9.270930e-01 2.692719e-02
2.428571e-02 9.342000e-01 2.663000e-02
2.500000e-02 9.483241e-01 2.605903e-02
2.535715e-02 9.553336e-01 2.578526e-02
2.571429e-02 9.623000e-01 2.552000e-02
2.714286e-02 9.898959e-01 2.450309e-02
2.785714e-02 1.003518e+00 2.402435e-02
2.821429e-02 1.010278e+00 2.379383e-02
2.857143e-02 1.017000e+00 2.357000e-02
3.035715e-02 1.050349e+00 2.250832e-02
3.125000e-02 1.066788e+00 2.201470e-02
3.169643e-02 1.074927e+00 2.177849e-02
3.214286e-02 1.083000e+00 2.155000e-02
3.392858e-02 1.114899e+00 2.067756e-02
3.482143e-02 1.130568e+00 2.026815e-02
3.526786e-02 1.138317e+00 2.007121e-02
3.571429e-02 1.146000e+00 1.988000e-02
3.750000e-02 1.176264e+00 1.914646e-02
3.839286e-02 1.191187e+00 1.880008e-02
3.883928e-02 1.198605e+00 1.863283e-02
3.928571e-02 1.206000e+00 1.847000e-02
4.107143e-02 1.235699e+00 1.784201e-02
4.196428e-02 1.250445e+00 1.754422e-02
4.241071e-02 1.257755e+00 1.740024e-02
4.285714e-02 1.265000e+00 1.726000e-02
4.464286e-02 1.293392e+00 1.672145e-02
4.553571e-02 1.307290e+00 1.646567e-02
4.598214e-02 1.314167e+00 1.634151e-02
4.642857e-02 1.321000e+00 1.622000e-02
4.821429e-02 1.348210e+00 1.574623e-02
4.910714e-02 1.361678e+00 1.551885e-02
5.000000e-02 1.375000e+00 1.530000e-02
5.178572e-02 1.401286e+00 1.488120e-02
5.267857e-02 1.414225e+00 1.468182e-02
5.357143e-02 1.427000e+00 1.449000e-02
5.535714e-02 1.452228e+00 1.411945e-02
5.625000e-02 1.464676e+00 1.394169e-02
5.714286e-02 1.477000e+00 1.377000e-02
6.071428e-02 1.525834e+00 1.312193e-02
6.250000e-02 1.549708e+00 1.282181e-02
6.339285e-02 1.561441e+00 1.267848e-02
6.428571e-02 1.573000e+00 1.254000e-02
6.785714e-02 1.617921e+00 1.201187e-02
6.964286e-02 1.639688e+00 1.176438e-02
7.053571e-02 1.650400e+00 1.164543e-02
7.142857e-02 1.661000e+00 1.153000e-02
7.500000e-02 1.703105e+00 1.108712e-02
7.678572e-02 1.723768e+00 1.087836e-02
7.767857e-02 1.733950e+00 1.077776e-02
7.857143e-02 1.744000e+00 1.068000e-02
8.214286e-02 1.783271e+00 1.030523e-02
8.392858e-02 1.802346e+00 1.012811e-02
8.482143e-02 1.811728e+00 1.004249e-02
8.571429e-02 1.821000e+00 9.959000e-03
8.928572e-02 1.857657e+00 9.636200e-03
9.107143e-02 1.875550e+00 9.482435e-03
9.285714e-02 1.893000e+00 9.335000e-03
9.642857e-02 1.926750e+00 9.052831e-03
9.821429e-02 1.943070e+00 8.918701e-03
1.000000e-01 1.959000e+00 8.790000e-03
1.071429e-01 2.021043e+00 8.308594e-03
1.107143e-01 2.050670e+00 8.088161e-03
1.125000e-01 2.065022e+00 7.983569e-03
1.142857e-01 2.079000e+00 7.883000e-03
1.214285e-01 2.132561e+00 7.501696e-03
1.250000e-01 2.157858e+00 7.324522e-03
1.267857e-01 2.170084e+00 7.239827e-03
1.285714e-01 2.182000e+00 7.158000e-03
1.357142e-01 2.228152e+00 6.846374e-03
1.392857e-01 2.250082e+00 6.700678e-03
1.428571e-01 2.271000e+00 6.563000e-03
1.500000e-01 2.310709e+00 6.303098e-03
1.535714e-01 2.329343e+00 6.181414e-03
1.571429e-01 2.347000e+00 6.066000e-03
1.642858e-01 2.380453e+00 5.846356e-03
1.678572e-01 2.396137e+00 5.742749e-03
1.714286e-01 2.411000e+00 5.644000e-03
1.785714e-01 2.439244e+00 5.455626e-03
1.821429e-01 2.452484e+00 5.366403e-03
1.857143e-01 2.465000e+00 5.281000e-03
1.928572e-01 2.488633e+00 5.116986e-03
2.000000e-01 2.510000e+00 4.964000e-03
2.071428e-01 2.529564e+00 4.819957e-03
2.142857e-01 2.547000e+00 4.686000e-03
2.214286e-01 2.562907e+00 4.558986e-03
2.285714e-01 2.577000e+00 4.440000e-03
2.428571e-01 2.601000e+00 4.220000e-03
2.571429e-01 2.619000e+00 4.022000e-03
2.857143e-01 2.642000e+00 3.680000e-03
3.214286e-01 2.648000e+00 3.331000e-03
3.571429e-01 2.637000e+00 3.046000e-03
3.928571e-01 2.613000e+00 2.809000e-03
4.107143e-01 2.597775e+00 2.703625e-03
4.285714e-01 2.580000e+00 2.608000e-03
4.464286e-01 2.560262e+00 2.518531e-03
4.642857e-01 2.539000e+00 2.436000e-03
4.821429e-01 2.517424e+00 2.358164e-03
5.000000e-01 2.495000e+00 2.286000e-03
5.178571e-01 2.471391e+00 2.218114e-03
5.357143e-01 2.447000e+00 2.155000e-03
5.535714e-01 2.422590e+00 2.095100e-03
5.625000e-01 2.410330e+00 2.066523e-03
5.714286e-01 2.398000e+00 2.039000e-03
6.071429e-01 2.347832e+00 1.935071e-03
6.250000e-01 2.322454e+00 1.887011e-03
6.339285e-01 2.309728e+00 1.864097e-03
6.428571e-01 2.297000e+00 1.842000e-03
6.785714e-01 2.246150e+00 1.758059e-03
6.964286e-01 2.220937e+00 1.718919e-03
7.053571e-01 2.208425e+00 1.700162e-03
7.142857e-01 2.196000e+00 1.682000e-03
7.500000e-01 2.146870e+00 1.612599e-03
7.678571e-01 2.122741e+00 1.579980e-03
7.767857e-01 2.110815e+00 1.564269e-03
7.857143e-01 2.099000e+00 1.549000e-03
8.214286e-01 2.052294e+00 1.490217e-03
8.392857e-01 2.029420e+00 1.462432e-03
8.482143e-01 2.018144e+00 1.449029e-03
8.571429e-01 2.007000e+00 1.436000e-03
8.928571e-01 1.963264e+00 1.386139e-03
9.107143e-01 1.941926e+00 1.362564e-03
9.196428e-01 1.931408e+00 1.351149e-03
9.285714e-01 1.921000e+00 1.340000e-03
9.642857e-01 1.879861e+00 1.296658e-03
9.821429e-01 1.859723e+00 1.275919e-03
9.910714e-01 1.849801e+00 1.265844e-03
1.000000e+00 1.840000e+00 1.256000e-03
1.071429e+00 1.764253e+00 1.182444e-03
1.107143e+00 1.728324e+00 1.148993e-03
1.125000e+00 1.710942e+00 1.133176e-03
1.142857e+00 1.694000e+00 1.118000e-03
1.214285e+00 1.628722e+00 1.060578e-03
1.250000e+00 1.597710e+00 1.033964e-03
1.267857e+00 1.582678e+00 1.021260e-03
1.285714e+00 1.568000e+00 1.009000e-03
1.357143e+00 1.511135e+00 9.623683e-04
1.392857e+00 1.484012e+00 9.406134e-04
1.410714e+00 1.470852e+00 9.301890e-04
1.428571e+00 1.458000e+00 9.201000e-04
1.500000e+00 1.408338e+00 8.815959e-04
1.535715e+00 1.384686e+00 8.635304e-04
1.553572e+00 1.373211e+00 8.548394e-04
1.571429e+00 1.362000e+00 8.464000e-04
1.642857e+00 1.318615e+00 8.139893e-04
1.678572e+00 1.297905e+00 7.986807e-04
1.696429e+00 1.287842e+00 7.912911e-04
1.714286e+00 1.278000e+00 7.841000e-04
1.785715e+00 1.239924e+00 7.564393e-04
1.821429e+00 1.221668e+00 7.433306e-04
1.839286e+00 1.212757e+00 7.369870e-04
1.857143e+00 1.204000e+00 7.308000e-04
1.928571e+00 1.169016e+00 7.068966e-04
1.964286e+00 1.152398e+00 6.955148e-04
1.982143e+00 1.144503e+00 6.899935e-04
2.000000e+00 1.137000e+00 6.846000e-04
2.071428e+00 1.111008e+00 6.637323e-04
2.107143e+00 1.099358e+00 6.537726e-04
2.125000e+00 1.093687e+00 6.489334e-04
2.142857e+00 1.088000e+00 6.442000e-04
2.214285e+00 1.063516e+00 6.258585e-04
2.250000e+00 1.050768e+00 6.170745e-04
2.267857e+00 1.044364e+00 6.127954e-04
2.285714e+00 1.038000e+00 6.086000e-04
2.357143e+00 1.013122e+00 5.922529e-04
2.392857e+00 1.001265e+00 5.843922e-04
2.410714e+00 9.955449e-01 5.805587e-04
2.428571e+00 9.900000e-01 5.768000e-04
2.500000e+00 9.691605e-01 5.621995e-04
2.535715e+00 9.593877e-01 5.551843e-04
2.571429e+00 9.500000e-01 5.484000e-04
2.714286e+00 9.136337e-01 5.227441e-04
2.785715e+00 8.963602e-01 5.108251e-04
2.821429e+00 8.880147e-01 5.051204e-04
2.857143e+00 8.799000e-01 4.996000e-04
3.035715e+00 8.414798e-01 4.734494e-04
3.125000e+00 8.236256e-01 4.613407e-04
3.169643e+00 8.150769e-01 4.555666e-04
3.191965e+00 8.109033e-01 4.527561e-04
3.214286e+00 8.068000e-01 4.500000e-04
3.392857e+00 7.751489e-01 4.289272e-04
3.482143e+00 7.602042e-01 4.190838e-04
3.526786e+00 7.529997e-01 4.143658e-04
3.571429e+00 7.460000e-01 4.098000e-04
3.750000e+00 7.191898e-01 3.923916e-04
3.839285e+00 7.065454e-01 3.842321e-04
3.883928e+00 7.004421e-01 3.803086e-04
3.928571e+00 6.945000e-01 3.765000e-04
4.107143e+00 6.715967e-01 3.618766e-04
4.196428e+00 6.607173e-01 3.549726e-04
4.241071e+00 6.554458e-01 3.516411e-04
4.285714e+00 6.503000e-01 3.484000e-04
4.464285e+00 6.303938e-01 3.359354e-04
4.553571e+00 6.209046e-01 3.300340e-04
4.598214e+00 6.162994e-01 3.271806e-04
4.642857e+00 6.118000e-01 3.244000e-04
4.821428e+00 5.944046e-01 3.136863e-04
4.910714e+00 5.860971e-01 3.085905e-04
4.955357e+00 5.820566e-01 3.061177e-04
5.000000e+00 5.781000e-01 3.037000e-04
5.178572e+00 5.627160e-01 2.943106e-04
5.267857e+00 5.553302e-01 2.898185e-04
5.312500e+00 5.517298e-01 2.876350e-04
5.357143e+00 5.482000e-01 2.855000e-04
5.535715e+00 5.344729e-01 2.772442e-04
5.625000e+00 5.278758e-01 2.732992e-04
5.669643e+00 5.246573e-01 2.713798e-04
5.714286e+00 5.215000e-01 2.695000e-04
6.071428e+00 4.975124e-01 2.552461e-04
6.250000e+00 4.863750e-01 2.486598e-04
6.339285e+00 4.810492e-01 2.455225e-04
6.383928e+00 4.784516e-01 2.439962e-04
6.428571e+00 4.759000e-01 2.425000e-04
6.785714e+00 4.562786e-01 2.310709e-04
6.964286e+00 4.470488e-01 2.257346e-04
7.053571e+00 4.426083e-01 2.231765e-04
7.142857e+00 4.383000e-01 2.207000e-04
7.500000e+00 4.218274e-01 2.112452e-04
7.678572e+00 4.140744e-01 2.068079e-04
7.767857e+00 4.103364e-01 2.046731e-04
7.857143e+00 4.067000e-01 2.026000e-04
8.214286e+00 3.926891e-01 1.946346e-04
8.392857e+00 3.860457e-01 1.908750e-04
8.482143e+00 3.828321e-01 1.890622e-04
8.571429e+00 3.797000e-01 1.873000e-04
8.928572e+00 3.676330e-01 1.805402e-04
9.107143e+00 3.618980e-01 1.773464e-04
9.196428e+00 3.591170e-01 1.758034e-04
9.285714e+00 3.564000e-01 1.743000e-04
9.642857e+00 3.458702e-01 1.685028e-04
9.821428e+00 3.408378e-01 1.657449e-04
9.910714e+00 3.383919e-01 1.644070e-04
1.000000e+01 3.360000e-01 1.631000e-04
1.071429e+01 3.180176e-01 1.532688e-04
1.107143e+01 3.097771e-01 1.487727e-04
1.125000e+01 3.058645e-01 1.466433e-04
1.133928e+01 3.039632e-01 1.456104e-04
1.142857e+01 3.021000e-01 1.446000e-04
1.214286e+01 2.878328e-01 1.369074e-04
1.250000e+01 2.811704e-01 1.333404e-04
1.267857e+01 2.779812e-01 1.316393e-04
1.276785e+01 2.764263e-01 1.308115e-04
1.285714e+01 2.749000e-01 1.300000e-04
1.357142e+01 2.632295e-01 1.238098e-04
1.392857e+01 2.577673e-01 1.209229e-04
1.410714e+01 2.551439e-01 1.195394e-04
1.428571e+01 2.526000e-01 1.182000e-04
1.500000e+01 2.428478e-01 1.130776e-04
1.535714e+01 2.382571e-01 1.106743e-04
1.553572e+01 2.360466e-01 1.095195e-04
1.571429e+01 2.339000e-01 1.084000e-04
1.642857e+01 2.256781e-01 1.041228e-04
1.678572e+01 2.217985e-01 1.021116e-04
1.696429e+01 2.199250e-01 1.011424e-04
1.714286e+01 2.181000e-01 1.002000e-04
1.785714e+01 2.110598e-01 9.657324e-05
1.821429e+01 2.077109e-01 9.485384e-05
1.839286e+01 2.060867e-01 9.402166e-05
1.857143e+01 2.045000e-01 9.321000e-05
1.928571e+01 1.983505e-01 9.007336e-05
1.964286e+01 1.954158e-01 8.858044e-05
1.982143e+01 1.939914e-01 8.785662e-05
2.000000e+01 1.926000e-01 8.715000e-05
2.071429e+01 1.872327e-01 8.442122e-05
2.107143e+01 1.846704e-01 8.312031e-05
2.125000e+01 1.834230e-01 8.248832e-05
2.142857e+01 1.822000e-01 8.187000e-05
2.214286e+01 1.774174e-01 7.946924e-05
2.250000e+01 1.751167e-01 7.831882e-05
2.267857e+01 1.739963e-01 7.775868e-05
2.285714e+01 1.729000e-01 7.721000e-05
2.357143e+01 1.686730e-01 7.507914e-05
2.392857e+01 1.666524e-01 7.405686e-05
2.410714e+01 1.656674e-01 7.355858e-05
2.428571e+01 1.647000e-01 7.307000e-05
2.500000e+01 1.609135e-01 7.116883e-05
2.535714e+01 1.590806e-01 7.025439e-05
2.553572e+01 1.581829e-01 6.980804e-05
2.571429e+01 1.573000e-01 6.937000e-05
2.714286e+01 1.505388e-01 6.603780e-05
2.785714e+01 1.473784e-01 6.448838e-05
2.821429e+01 1.458642e-01 6.374697e-05
2.839286e+01 1.451254e-01 6.338529e-05
2.857143e+01 1.444000e-01 6.303000e-05
3.035714e+01 1.375424e-01 5.965120e-05
3.125000e+01 1.343742e-01 5.808593e-05
3.169643e+01 1.328617e-01 5.733951e-05
3.191965e+01 1.321243e-01 5.697622e-05
3.214286e+01 1.314000e-01 5.662000e-05
3.392857e+01 1.258098e-01 5.389739e-05
3.482143e+01 1.231810e-01 5.262688e-05
3.526786e+01 1.219196e-01 5.201841e-05
3.549108e+01 1.213042e-01 5.172156e-05
3.571429e+01 1.207000e-01 5.143000e-05
3.750000e+01 1.160969e-01 4.919402e-05
3.839285e+01 1.139435e-01 4.814442e-05
3.883928e+01 1.129074e-01 4.763971e-05
3.928571e+01 1.119000e-01 4.715000e-05
4.107143e+01 1.080111e-01 4.527427e-05
4.196428e+01 1.061645e-01 4.439053e-05
4.241071e+01 1.052709e-01 4.396442e-05
4.285714e+01 1.044000e-01 4.355000e-05
4.464285e+01 1.010429e-01 4.195589e-05
4.553571e+01 9.945077e-02 4.120093e-05
4.598214e+01 9.868058e-02 4.083583e-05
4.642857e+01 9.793000e-02 4.048000e-05
4.821429e+01 9.503986e-02 3.910801e-05
4.910714e+01 9.366662e-02 3.845557e-05
4.955357e+01 9.300070e-02 3.813915e-05
5.000000e+01 9.235000e-02 3.783000e-05
5.178571e+01 8.982781e-02 3.663147e-05
5.267857e+01 8.862140e-02 3.605924e-05
5.312500e+01 8.803453e-02 3.578143e-05
5.357143e+01 8.746000e-02 3.551000e-05
5.535715e+01 8.522957e-02 3.446197e-05
5.625000e+01 8.416054e-02 3.396168e-05
5.669643e+01 8.363994e-02 3.371833e-05
5.714286e+01 8.313000e-02 3.348000e-05
6.071428e+01 7.927408e-02 3.166982e-05
6.250000e+01 7.749503e-02 3.083266e-05
6.339285e+01 7.664738e-02 3.043394e-05
6.383928e+01 7.623477e-02 3.024003e-05
6.428571e+01 7.583000e-02 3.005000e-05
6.785714e+01 7.272624e-02 2.860150e-05
6.964285e+01 7.127258e-02 2.792644e-05
7.053571e+01 7.057516e-02 2.760303e-05
7.142857e+01 6.990000e-02 2.729000e-05
7.500000e+01 6.732720e-02 2.609319e-05
7.678572e+01 6.612189e-02 2.553163e-05
7.767857e+01 6.554245e-02 2.526174e-05
7.857143e+01 6.498000e-02 2.500000e-05
8.214286e+01 6.282068e-02 2.399855e-05
8.392858e+01 6.180104e-02 2.352745e-05
8.482143e+01 6.130891e-02 2.330053e-05
8.571429e+01 6.083000e-02 2.308000e-05
8.928572e+01 5.898791e-02 2.223382e-05
9.107143e+01 5.811480e-02 2.183322e-05
9.196428e+01 5.769222e-02 2.163929e-05
9.285714e+01 5.728000e-02 2.145000e-05
9.642857e+01 5.568653e-02 2.071592e-05
9.821429e+01 5.492755e-02 2.036566e-05
9.910714e+01 5.455942e-02 2.019578e-05
1.000000e+02 5.420000e-02 2.003000e-05
1.071429e+02 5.151026e-02 1.879607e-05
1.107143e+02 5.028540e-02 1.823704e-05
1.125000e+02 4.970598e-02 1.797310e-05
1.133928e+02 4.942498e-02 1.784517e-05
1.142857e+02 4.915000e-02 1.772000e-05
1.214286e+02 4.705024e-02 1.676290e-05
1.250000e+02 4.607433e-02 1.631752e-05
1.267857e+02 4.560868e-02 1.610490e-05
1.285714e+02 4.516000e-02 1.590000e-05
1.428571e+02 4.194000e-02 1.443000e-05
