2.500000e-03 4.038000e-01 7.525000e-02
2.750000e-03 4.237000e-01 7.120000e-02
2.875000e-03 4.333200e-01 6.934475e-02
2.937500e-03 4.380408e-01 6.846515e-02
2.968750e-03 4.403782e-01 6.803814e-02
3.000000e-03 4.427000e-01 6.762000e-02
3.125000e-03 4.519296e-01 6.598803e-02
3.187500e-03 4.564910e-01 6.520140e-02
3.250000e-03 4.610000e-01 6.444000e-02
3.375000e-03 4.698982e-01 6.296868e-02
3.437500e-03 4.742774e-01 6.226253e-02
3.500000e-03 4.786000e-01 6.158000e-02
3.625000e-03 4.871238e-01 6.026061e-02
3.687500e-03 4.913301e-01 5.962576e-02
3.750000e-03 4.955000e-01 5.901000e-02
3.875000e-03 5.038100e-01 5.781150e-02
3.937500e-03 5.079265e-01 5.723236e-02
4.000000e-03 5.120000e-01 5.667000e-02
4.125000e-03 5.200305e-01 5.557945e-02
4.187500e-03 5.239867e-01 5.505265e-02
4.250000e-03 5.279000e-01 5.454000e-02
4.375000e-03 5.356580e-01 5.353883e-02
4.437500e-03 5.394960e-01 5.305311e-02
4.500000e-03 5.433000e-01 5.258000e-02
4.750000e-03 5.583141e-01 5.077227e-02
4.875000e-03 5.656722e-01 4.992092e-02
4.937500e-03 5.693044e-01 4.951007e-02
5.000000e-03 5.729000e-01 4.911000e-02
5.312500e-03 5.905523e-01 4.719384e-02
5.468750e-03 5.991620e-01 4.629347e-02
5.546875e-03 6.034042e-01 4.586034e-02
5.625000e-03 6.076000e-01 4.544000e-02
5.937500e-03 6.241473e-01 4.383086e-02
6.093750e-03 6.322483e-01 4.307235e-02
6.171875e-03 6.362451e-01 4.270632e-02
6.250000e-03 6.402000e-01 4.235000e-02
6.562500e-03 6.557934e-01 4.097629e-02
6.718750e-03 6.634210e-01 4.032402e-02
6.796875e-03 6.671814e-01 4.000815e-02
6.875000e-03 6.709000e-01 3.970000e-02
7.187500e-03 6.855272e-01 3.851036e-02
7.343750e-03 6.926787e-01 3.794381e-02
7.421875e-03 6.962070e-01 3.766882e-02
7.500000e-03 6.997000e-01 3.740000e-02
7.812500e-03 7.134925e-01 3.635758e-02
7.968750e-03 7.202549e-01 3.585922e-02
8.125000e-03 7.269000e-01 3.538000e-02
8.437500e-03 7.399413e-01 3.446164e-02
8.593750e-03 7.463243e-01 3.402318e-02
8.750000e-03 7.526000e-01 3.360000e-02
9.062500e-03 7.649754e-01 3.277778e-02
9.218750e-03 7.710419e-01 3.238220e-02
9.375000e-03 7.770000e-01 3.200000e-02
9.687500e-03 7.886798e-01 3.126413e-02
9.843750e-03 7.943903e-01 3.091132e-02
1.000000e-02 8.000000e-01 3.057000e-02
1.062500e-02 8.218371e-01 2.927016e-02
1.093750e-02 8.323703e-01 2.866298e-02
1.109375e-02 8.375260e-01 2.837186e-02
1.125000e-02 8.426000e-01 2.809000e-02
1.187500e-02 8.624579e-01 2.701443e-02
1.218750e-02 8.720964e-01 2.650944e-02
1.234375e-02 8.768302e-01 2.626630e-02
1.250000e-02 8.815000e-01 2.603000e-02
1.312500e-02 8.998200e-01 2.512120e-02
1.343750e-02 9.087503e-01 2.469087e-02
1.375000e-02 9.175000e-01 2.428000e-02
1.437500e-02 9.346561e-01 2.349581e-02
1.468750e-02 9.430489e-01 2.312468e-02
1.500000e-02 9.513000e-01 2.277000e-02
1.562500e-02 9.675568e-01 2.209203e-02
1.593750e-02 9.755387e-01 2.176973e-02
1.625000e-02 9.834000e-01 2.146000e-02
1.687500e-02 9.988574e-01 2.086180e-02
1.718750e-02 1.006467e+00 2.057553e-02
1.750000e-02 1.014000e+00 2.030000e-02
1.875000e-02 1.043795e+00 1.927116e-02
1.937500e-02 1.058480e+00 1.879981e-02
1.968750e-02 1.065762e+00 1.857581e-02
2.000000e-02 1.073000e+00 1.836000e-02
2.125000e-02 1.101861e+00 1.753717e-02
2.187500e-02 1.116070e+00 1.715266e-02
2.218750e-02 1.123079e+00 1.696836e-02
2.250000e-02 1.130000e+00 1.679000e-02
2.375000e-02 1.156951e+00 1.611044e-02
2.437500e-02 1.170076e+00 1.579196e-02
2.468750e-02 1.176560e+00 1.563877e-02
2.500000e-02 1.183000e+00 1.549000e-02
2.625000e-02 1.208749e+00 1.491795e-02
2.687500e-02 1.221476e+00 1.464754e-02
2.718750e-02 1.227771e+00 1.451701e-02
2.750000e-02 1.234000e+00 1.439000e-02
2.875000e-02 1.258375e+00 1.390227e-02
2.937500e-02 1.270279e+00 1.367118e-02
3.000000e-02 1.282000e+00 1.345000e-02
3.125000e-02 1.305235e+00 1.302504e-02
3.187500e-02 1.316693e+00 1.282312e-02
3.250000e-02 1.328000e+00 1.263000e-02
3.375000e-02 1.350341e+00 1.226219e-02
3.437500e-02 1.361283e+00 1.208768e-02
3.500000e-02 1.372000e+00 1.192000e-02
3.625000e-02 1.392859e+00 1.159554e-02
3.687500e-02 1.403019e+00 1.143998e-02
3.750000e-02 1.413000e+00 1.129000e-02
3.875000e-02 1.432678e+00 1.100126e-02
3.937500e-02 1.442384e+00 1.086317e-02
4.000000e-02 1.452000e+00 1.073000e-02
4.125000e-02 1.471246e+00 1.047317e-02
4.187500e-02 1.480724e+00 1.034973e-02
4.250000e-02 1.490000e+00 1.023000e-02
4.375000e-02 1.507882e+00 9.996441e-03
4.437500e-02 1.516532e+00 9.883524e-03
4.500000e-02 1.525000e+00 9.774000e-03
4.750000e-02 1.558233e+00 9.360164e-03
4.875000e-02 1.574346e+00 9.167702e-03
5.000000e-02 1.590000e+00 8.986000e-03
5.312500e-02 1.627800e+00 8.558892e-03
5.468750e-02 1.645793e+00 8.360934e-03
5.546875e-02 1.654506e+00 8.266366e-03
5.625000e-02 1.663000e+00 8.175000e-03
5.937500e-02 1.695606e+00 7.826542e-03
6.093750e-02 1.711100e+00 7.663365e-03
6.250000e-02 1.726000e+00 7.509000e-03
6.562500e-02 1.754887e+00 7.217380e-03
6.718750e-02 1.768716e+00 7.080720e-03
6.875000e-02 1.782000e+00 6.951000e-03
7.187500e-02 1.807454e+00 6.703953e-03
7.343750e-02 1.819507e+00 6.587297e-03
7.500000e-02 1.831000e+00 6.476000e-03
7.812500e-02 1.852809e+00 6.263289e-03
7.968750e-02 1.863119e+00 6.162468e-03
8.125000e-02 1.873000e+00 6.066000e-03
8.437500e-02 1.892190e+00 5.881266e-03
8.750000e-02 1.910000e+00 5.709000e-03
9.062500e-02 1.926245e+00 5.546025e-03
9.375000e-02 1.941000e+00 5.394000e-03
9.687500e-02 1.955064e+00 5.249884e-03
1.000000e-01 1.968000e+00 5.115000e-03
1.062500e-01 1.990656e+00 4.864495e-03
1.125000e-01 2.009000e+00 4.641000e-03
1.187500e-01 2.024707e+00 4.436137e-03
1.250000e-01 2.037000e+00 4.252000e-03
1.375000e-01 2.053000e+00 3.928000e-03
1.500000e-01 2.060000e+00 3.653000e-03
1.625000e-01 2.060000e+00 3.416000e-03
1.750000e-01 2.053000e+00 3.210000e-03
1.875000e-01 2.041580e+00 3.027000e-03
2.000000e-01 2.026000e+00 2.868000e-03
2.125000e-01 2.008177e+00 2.724352e-03
2.187500e-01 1.998394e+00 2.658548e-03
2.250000e-01 1.988000e+00 2.597000e-03
2.375000e-01 1.966178e+00 2.480664e-03
2.437500e-01 1.954764e+00 2.426318e-03
2.500000e-01 1.943000e+00 2.375000e-03
2.625000e-01 1.918743e+00 2.278216e-03
2.687500e-01 1.906399e+00 2.232934e-03
2.750000e-01 1.894000e+00 2.190000e-03
2.875000e-01 1.869488e+00 2.108220e-03
2.937500e-01 1.857267e+00 2.069673e-03
3.000000e-01 1.845000e+00 2.033000e-03
3.125000e-01 1.820054e+00 1.963351e-03
3.187500e-01 1.807509e+00 1.930457e-03
3.250000e-01 1.795000e+00 1.899000e-03
3.375000e-01 1.770246e+00 1.838459e-03
3.437500e-01 1.758045e+00 1.809630e-03
3.500000e-01 1.746000e+00 1.782000e-03
3.625000e-01 1.722290e+00 1.729248e-03
3.687500e-01 1.710597e+00 1.704155e-03
3.750000e-01 1.699000e+00 1.680000e-03
3.875000e-01 1.675827e+00 1.633173e-03
3.937500e-01 1.664345e+00 1.610690e-03
4.000000e-01 1.653000e+00 1.589000e-03
4.125000e-01 1.630640e+00 1.547217e-03
4.187500e-01 1.619706e+00 1.527242e-03
4.250000e-01 1.609000e+00 1.508000e-03
4.375000e-01 1.588196e+00 1.470953e-03
4.437500e-01 1.578032e+00 1.453188e-03
4.500000e-01 1.568000e+00 1.436000e-03
4.750000e-01 1.527918e+00 1.370499e-03
4.875000e-01 1.508224e+00 1.339887e-03
4.937500e-01 1.498537e+00 1.325209e-03
5.000000e-01 1.489000e+00 1.311000e-03
5.312500e-01 1.443005e+00 1.243940e-03
5.468750e-01 1.421087e+00 1.212976e-03
5.546875e-01 1.410433e+00 1.198223e-03
5.625000e-01 1.400000e+00 1.184000e-03
5.937500e-01 1.359345e+00 1.129987e-03
6.093750e-01 1.339820e+00 1.104791e-03
6.171875e-01 1.330311e+00 1.092708e-03
6.250000e-01 1.321000e+00 1.081000e-03
6.562500e-01 1.285017e+00 1.036137e-03
6.718750e-01 1.267750e+00 1.015028e-03
6.796875e-01 1.259308e+00 1.004866e-03
6.875000e-01 1.251000e+00 9.950000e-04
7.187500e-01 1.218243e+00 9.572002e-04
7.343750e-01 1.202364e+00 9.393746e-04
7.421875e-01 1.194605e+00 9.307726e-04
7.500000e-01 1.187000e+00 9.224000e-04
7.812500e-01 1.157667e+00 8.901414e-04
7.968750e-01 1.143616e+00 8.748355e-04
8.046875e-01 1.136753e+00 8.674263e-04
8.125000e-01 1.130000e+00 8.602000e-04
8.437500e-01 1.103481e+00 8.323076e-04
8.593750e-01 1.090584e+00 8.190324e-04
8.671875e-01 1.084248e+00 8.125923e-04
8.750000e-01 1.078000e+00 8.063000e-04
9.062500e-01 1.053405e+00 7.819364e-04
9.218750e-01 1.041502e+00 7.702965e-04
9.296875e-01 1.035692e+00 7.646376e-04
9.375000e-01 1.030000e+00 7.591000e-04
9.687500e-01 1.008078e+00 7.376161e-04
9.843750e-01 9.975792e-01 7.273229e-04
9.921875e-01 9.924492e-01 7.223104e-04
1.000000e+00 9.874000e-01 7.174000e-04
1.062500e+00 9.482214e-01 6.802326e-04
1.093750e+00 9.296213e-01 6.630689e-04
1.109375e+00 9.206364e-01 6.548887e-04
1.125000e+00 9.119000e-01 6.470000e-04
1.187500e+00 8.784723e-01 6.169947e-04
1.218750e+00 8.627145e-01 6.029973e-04
1.234375e+00 8.551079e-01 5.962906e-04
1.250000e+00 8.477000e-01 5.898000e-04
1.312500e+00 8.191067e-01 5.650360e-04
1.343750e+00 8.055139e-01 5.534180e-04
1.359375e+00 7.989276e-01 5.478285e-04
1.375000e+00 7.925000e-01 5.424000e-04
1.437500e+00 7.676732e-01 5.215363e-04
1.468750e+00 7.558480e-01 5.116810e-04
1.484375e+00 7.501089e-01 5.069255e-04
1.500000e+00 7.445000e-01 5.023000e-04
1.562500e+00 7.227790e-01 4.845420e-04
1.593750e+00 7.123955e-01 4.761359e-04
1.609375e+00 7.073449e-01 4.720683e-04
1.625000e+00 7.024000e-01 4.681000e-04
1.687500e+00 6.831974e-01 4.527462e-04
1.718750e+00 6.739868e-01 4.454247e-04
1.734375e+00 6.694987e-01 4.418713e-04
1.750000e+00 6.651000e-01 4.384000e-04
1.875000e+00 6.313431e-01 4.123746e-04
1.937500e+00 6.159058e-01 4.005056e-04
1.968750e+00 6.086923e-01 3.948890e-04
1.984375e+00 6.052379e-01 3.921651e-04
2.000000e+00 6.019000e-01 3.895000e-04
2.125000e+00 5.784216e-01 3.691831e-04
2.187500e+00 5.679627e-01 3.597470e-04
2.218750e+00 5.629155e-01 3.552430e-04
2.250000e+00 5.579000e-01 3.509000e-04
2.375000e+00 5.364955e-01 3.344551e-04
2.437500e+00 5.256383e-01 3.268072e-04
2.468750e+00 5.202993e-01 3.231451e-04
2.500000e+00 5.151000e-01 3.196000e-04
2.625000e+00 4.959008e-01 3.060278e-04
2.687500e+00 4.871035e-01 2.996483e-04
2.718750e+00 4.828937e-01 2.965790e-04
2.750000e+00 4.788000e-01 2.936000e-04
2.875000e+00 4.627719e-01 2.821908e-04
2.937500e+00 4.550787e-01 2.768148e-04
2.968750e+00 4.513432e-01 2.742221e-04
3.000000e+00 4.477000e-01 2.717000e-04
3.125000e+00 4.337349e-01 2.619959e-04
3.187500e+00 4.271255e-01 2.573964e-04
3.218750e+00 4.239252e-01 2.551706e-04
3.250000e+00 4.208000e-01 2.530000e-04
3.375000e+00 4.086806e-01 2.446190e-04
3.437500e+00 4.028821e-01 2.406285e-04
3.468750e+00 4.000613e-01 2.386922e-04
3.500000e+00 3.973000e-01 2.368000e-04
3.625000e+00 3.865896e-01 2.294627e-04
3.687500e+00 3.814556e-01 2.259602e-04
3.718750e+00 3.789535e-01 2.242603e-04
3.750000e+00 3.765000e-01 2.226000e-04
3.875000e+00 3.669382e-01 2.161997e-04
3.937500e+00 3.623403e-01 2.131452e-04
3.968750e+00 3.600981e-01 2.116582e-04
4.000000e+00 3.579000e-01 2.102000e-04
4.125000e+00 3.493677e-01 2.045060e-04
4.187500e+00 3.452682e-01 2.017596e-04
4.218750e+00 3.432665e-01 2.004177e-04
4.250000e+00 3.413000e-01 1.991000e-04
4.375000e+00 3.336153e-01 1.939625e-04
4.437500e+00 3.299021e-01 1.914898e-04
4.468750e+00 3.280855e-01 1.902832e-04
4.500000e+00 3.263000e-01 1.891000e-04
4.750000e+00 3.126777e-01 1.801482e-04
4.875000e+00 3.063144e-01 1.760018e-04
4.937500e+00 3.032604e-01 1.740188e-04
5.000000e+00 3.003000e-01 1.721000e-04
5.312500e+00 2.862600e-01 1.629872e-04
5.468750e+00 2.797363e-01 1.587601e-04
5.546875e+00 2.766163e-01 1.567437e-04
5.585938e+00 2.750946e-01 1.557622e-04
5.625000e+00 2.736000e-01 1.548000e-04
5.937500e+00 2.621161e-01 1.474500e-04
6.093750e+00 2.567172e-01 1.440239e-04
6.171875e+00 2.541200e-01 1.423844e-04
6.250000e+00 2.516000e-01 1.408000e-04
6.562500e+00 2.419525e-01 1.347851e-04
6.718750e+00 2.374124e-01 1.319708e-04
6.796875e+00 2.352253e-01 1.306166e-04
6.875000e+00 2.331000e-01 1.293000e-04
7.187500e+00 2.249379e-01 1.242091e-04
7.343750e+00 2.210795e-01 1.217961e-04
7.421875e+00 2.192155e-01 1.206315e-04
7.500000e+00 2.174000e-01 1.195000e-04
7.812500e+00 2.104064e-01 1.151798e-04
7.968750e+00 2.070838e-01 1.131435e-04
8.046875e+00 2.054732e-01 1.121596e-04
8.125000e+00 2.039000e-01 1.112000e-04
8.437500e+00 1.978075e-01 1.074790e-04
8.593750e+00 1.948976e-01 1.057032e-04
8.671875e+00 1.934834e-01 1.048415e-04
8.750000e+00 1.921000e-01 1.040000e-04
9.062500e+00 1.867418e-01 1.007531e-04
9.218750e+00 1.841759e-01 9.920625e-05
9.296875e+00 1.829258e-01 9.845496e-05
9.375000e+00 1.817000e-01 9.772000e-05
9.687500e+00 1.769196e-01 9.486586e-05
9.843750e+00 1.746201e-01 9.349803e-05
9.921875e+00 1.734988e-01 9.283210e-05
1.000000e+01 1.724000e-01 9.218000e-05
1.062500e+01 1.641047e-01 8.725690e-05
1.093750e+01 1.602806e-01 8.498956e-05
1.109375e+01 1.584582e-01 8.391023e-05
1.117188e+01 1.575709e-01 8.338505e-05
1.125000e+01 1.567000e-01 8.287000e-05
1.187500e+01 1.500174e-01 7.892175e-05
1.218750e+01 1.468776e-01 7.707373e-05
1.234375e+01 1.453667e-01 7.618754e-05
1.242188e+01 1.446276e-01 7.575497e-05
1.250000e+01 1.439000e-01 7.533000e-05
1.312500e+01 1.382782e-01 7.206982e-05
1.343750e+01 1.356222e-01 7.053945e-05
1.359375e+01 1.343424e-01 6.980370e-05
1.375000e+01 1.331000e-01 6.909000e-05
1.437500e+01 1.283558e-01 6.635943e-05
1.468750e+01 1.261239e-01 6.507351e-05
1.484375e+01 1.250476e-01 6.445337e-05
1.500000e+01 1.240000e-01 6.385000e-05
1.562500e+01 1.199597e-01 6.152488e-05
1.593750e+01 1.180394e-01 6.042256e-05
1.609375e+01 1.171087e-01 5.988945e-05
1.625000e+01 1.162000e-01 5.937000e-05
1.687500e+01 1.126870e-01 5.736997e-05
1.718750e+01 1.110109e-01 5.642001e-05
1.734375e+01 1.101965e-01 5.595957e-05
1.750000e+01 1.094000e-01 5.551000e-05
1.875000e+01 1.033913e-01 5.213259e-05
1.937500e+01 1.006342e-01 5.059018e-05
1.968750e+01 9.932628e-02 4.986018e-05
1.984375e+01 9.869140e-02 4.950622e-05
2.000000e+01 9.807000e-02 4.916000e-05
2.125000e+01 9.333876e-02 4.652507e-05
2.187500e+01 9.114182e-02 4.530366e-05
2.218750e+01 9.009260e-02 4.472124e-05
2.234375e+01 8.958149e-02 4.443783e-05
2.250000e+01 8.908000e-02 4.416000e-05
2.375000e+01 8.524231e-02 4.203983e-05
2.437500e+01 8.344661e-02 4.105136e-05
2.468750e+01 8.258485e-02 4.057796e-05
2.484375e+01 8.216388e-02 4.034695e-05
2.500000e+01 8.175000e-02 4.012000e-05
2.625000e+01 7.856531e-02 3.837650e-05
2.687500e+01 7.706486e-02 3.755690e-05
2.718750e+01 7.634207e-02 3.716261e-05
2.750000e+01 7.564000e-02 3.678000e-05
2.875000e+01 7.294884e-02 3.531570e-05
2.937500e+01 7.167921e-02 3.462605e-05
2.968750e+01 7.106644e-02 3.429350e-05
3.000000e+01 7.047000e-02 3.397000e-05
3.125000e+01 6.817299e-02 3.272422e-05
3.187500e+01 6.708295e-02 3.213382e-05
3.218750e+01 6.655508e-02 3.184827e-05
3.250000e+01 6.604000e-02 3.157000e-05
3.375000e+01 6.404882e-02 3.049722e-05
3.437500e+01 6.310012e-02 2.998769e-05
3.468750e+01 6.263977e-02 2.974087e-05
3.500000e+01 6.219000e-02 2.950000e-05
3.625000e+01 6.045007e-02 2.856984e-05
3.687500e+01 5.961922e-02 2.812634e-05
3.718750e+01 5.921531e-02 2.791085e-05
3.750000e+01 5.882000e-02 2.770000e-05
3.875000e+01 5.728559e-02 2.688084e-05
3.937500e+01 5.654990e-02 2.648826e-05
3.968750e+01 5.619142e-02 2.629715e-05
4.000000e+01 5.584000e-02 2.611000e-05
4.125000e+01 5.447231e-02 2.538395e-05
4.187500e+01 5.381500e-02 2.503591e-05
4.218750e+01 5.349442e-02 2.486630e-05
4.250000e+01 5.318000e-02 2.470000e-05
4.375000e+01 5.195732e-02 2.405269e-05
4.437500e+01 5.136919e-02 2.374125e-05
4.468750e+01 5.108200e-02 2.358922e-05
4.500000e+01 5.080000e-02 2.344000e-05
4.750000e+01 4.864922e-02 2.230464e-05
4.875000e+01 4.764609e-02 2.177673e-05
4.937500e+01 4.716536e-02 2.152418e-05
5.000000e+01 4.670000e-02 2.128000e-05
5.312500e+01 4.450025e-02 2.012802e-05
5.468750e+01 4.348295e-02 1.959666e-05
5.546875e+01 4.299787e-02 1.934369e-05
5.585938e+01 4.276169e-02 1.922064e-05
5.625000e+01 4.253000e-02 1.910000e-05
5.937500e+01 4.075426e-02 1.817703e-05
6.093750e+01 3.992349e-02 1.774603e-05
6.171875e+01 3.952524e-02 1.753960e-05
6.250000e+01 3.914000e-02 1.734000e-05
6.562500e+01 3.767516e-02 1.658088e-05
6.718750e+01 3.698966e-02 1.622592e-05
6.796875e+01 3.666008e-02 1.605542e-05
6.875000e+01 3.634000e-02 1.589000e-05
7.187500e+01 3.510827e-02 1.525492e-05
7.343750e+01 3.452549e-02 1.495519e-05
7.421875e+01 3.424400e-02 1.481061e-05
7.500000e+01 3.397000e-02 1.467000e-05
7.812500e+01 3.291582e-02 1.412986e-05
7.968750e+01 3.241659e-02 1.387421e-05
8.046875e+01 3.217521e-02 1.375056e-05
8.125000e+01 3.194000e-02 1.363000e-05
8.437500e+01 3.103359e-02 1.316449e-05
8.593750e+01 3.060283e-02 1.294278e-05
8.671875e+01 3.039399e-02 1.283518e-05
8.750000e+01 3.019000e-02 1.273000e-05
9.062500e+01 2.940071e-02 1.232191e-05
9.218750e+01 2.902342e-02 1.212701e-05
9.296875e+01 2.883984e-02 1.203241e-05
9.375000e+01 2.866000e-02 1.194000e-05
9.687500e+01 2.795976e-02 1.158330e-05
9.843750e+01 2.762371e-02 1.141330e-05
9.921875e+01 2.746012e-02 1.133074e-05
1.000000e+02 2.730000e-02 1.125000e-05
1.062500e+02 2.609703e-02 1.064185e-05
1.093750e+02 2.554524e-02 1.036198e-05
1.109375e+02 2.528286e-02 1.022866e-05
1.117188e+02 2.515522e-02 1.016373e-05
1.125000e+02 2.503000e-02 1.010000e-05
1.187500e+02 2.406804e-02 9.609001e-06
1.218750e+02 2.361665e-02 9.378463e-06
1.234375e+02 2.339991e-02 9.267894e-06
1.250000e+02 2.319000e-02 9.161000e-06
1.312500e+02 2.238936e-02 8.756041e-06
1.343750e+02 2.201450e-02 8.567324e-06
1.359375e+02 2.183449e-02 8.476792e-06
1.375000e+02 2.166000e-02 8.389000e-06
1.437500e+02 2.099256e-02 8.051734e-06
1.468750e+02 2.067850e-02 7.892505e-06
1.484375e+02 2.052716e-02 7.815695e-06
1.500000e+02 2.038000e-02 7.741000e-06
1.562500e+02 1.981394e-02 7.454140e-06
1.593750e+02 1.954590e-02 7.318472e-06
1.609375e+02 1.941630e-02 7.252898e-06
1.625000e+02 1.929000e-02 7.189000e-06
1.687500e+02 1.880307e-02 6.942498e-06
1.718750e+02 1.857164e-02 6.825282e-06
1.734375e+02 1.845948e-02 6.768464e-06
1.750000e+02 1.835000e-02 6.713000e-06
1.875000e+02 1.752969e-02 6.297493e-06
1.937500e+02 1.715603e-02 6.108251e-06
1.968750e+02 1.697937e-02 6.018780e-06
2.000000e+02 1.681000e-02 5.933000e-06
2.125000e+02 1.617114e-02 5.609286e-06
2.187500e+02 1.587608e-02 5.459793e-06
2.218750e+02 1.573550e-02 5.388594e-06
2.250000e+02 1.560000e-02 5.320000e-06
2.500000e+02 1.462000e-02 4.825000e-06
