1.449275e-03 8.815000e-01 5.266000e+00
1.594203e-03 9.245000e-01 5.198000e+00
1.666666e-03 9.453200e-01 5.163075e+00
1.702898e-03 9.555324e-01 5.145522e+00
1.721014e-03 9.605850e-01 5.136750e+00
1.739130e-03 9.656000e-01 5.128000e+00
1.811594e-03 9.855419e-01 5.093418e+00
1.847826e-03 9.953573e-01 5.076224e+00
1.884058e-03 1.005000e+00 5.059000e+00
1.956522e-03 1.023946e+00 5.024013e+00
1.992754e-03 1.033122e+00 5.006459e+00
2.028986e-03 1.042000e+00 4.989000e+00
2.101449e-03 1.058939e+00 4.954770e+00
2.137681e-03 1.067069e+00 4.937859e+00
2.173913e-03 1.075000e+00 4.921000e+00
2.246377e-03 1.090591e+00 4.886945e+00
2.282609e-03 1.098306e+00 4.869918e+00
2.318841e-03 1.106000e+00 4.853000e+00
2.391305e-03 1.121410e+00 4.819729e+00
2.427536e-03 1.129170e+00 4.803309e+00
2.463768e-03 1.137000e+00 4.787000e+00
2.536232e-03 1.152929e+00 4.754388e+00
2.572464e-03 1.160961e+00 4.738149e+00
2.608696e-03 1.169000e+00 4.722000e+00
2.753623e-03 1.200678e+00 4.658151e+00
2.826087e-03 1.216357e+00 4.626811e+00
2.862319e-03 1.224178e+00 4.611330e+00
2.898551e-03 1.232000e+00 4.596000e+00
3.079710e-03 1.271503e+00 4.520659e+00
3.170290e-03 1.291301e+00 4.483932e+00
3.215580e-03 1.301172e+00 4.465856e+00
3.260870e-03 1.311000e+00 4.448000e+00
3.442029e-03 1.349904e+00 4.377850e+00
3.532609e-03 1.369072e+00 4.343598e+00
3.577898e-03 1.378569e+00 4.326711e+00
3.623188e-03 1.388000e+00 4.310000e+00
3.804348e-03 1.425380e+00 4.243954e+00
3.894927e-03 1.443806e+00 4.211638e+00
3.940217e-03 1.452936e+00 4.195720e+00
3.985507e-03 1.462000e+00 4.180000e+00
4.166667e-03 1.497888e+00 4.118420e+00
4.257246e-03 1.515562e+00 4.088416e+00
4.302536e-03 1.524314e+00 4.073631e+00
4.347826e-03 1.533000e+00 4.059000e+00
4.528985e-03 1.567385e+00 4.001103e+00
4.619565e-03 1.584310e+00 3.972754e+00
4.664855e-03 1.592688e+00 3.958789e+00
4.710145e-03 1.601000e+00 3.945000e+00
4.891304e-03 1.633945e+00 3.891042e+00
4.981884e-03 1.650121e+00 3.864765e+00
5.072464e-03 1.666000e+00 3.839000e+00
5.253624e-03 1.696939e+00 3.788243e+00
5.344203e-03 1.712069e+00 3.763388e+00
5.434783e-03 1.727000e+00 3.739000e+00
5.615942e-03 1.756778e+00 3.691223e+00
5.706522e-03 1.771494e+00 3.667891e+00
5.797101e-03 1.786000e+00 3.645000e+00
6.159420e-03 1.842077e+00 3.556021e+00
6.340580e-03 1.868963e+00 3.513287e+00
6.431159e-03 1.882092e+00 3.492445e+00
6.521739e-03 1.895000e+00 3.472000e+00
6.884058e-03 1.945627e+00 3.392358e+00
7.065218e-03 1.970162e+00 3.354044e+00
7.155797e-03 1.982180e+00 3.335346e+00
7.246377e-03 1.994000e+00 3.317000e+00
7.608696e-03 2.039993e+00 3.245646e+00
7.789855e-03 2.062256e+00 3.211294e+00
7.880434e-03 2.073195e+00 3.194503e+00
7.971014e-03 2.084000e+00 3.178000e+00
8.333333e-03 2.126695e+00 3.113508e+00
8.514492e-03 2.147574e+00 3.082315e+00
8.695652e-03 2.168000e+00 3.052000e+00
9.057971e-03 2.207713e+00 2.993093e+00
9.239130e-03 2.227036e+00 2.964641e+00
9.420290e-03 2.246000e+00 2.937000e+00
9.782610e-03 2.283429e+00 2.883252e+00
9.963770e-03 2.301842e+00 2.857266e+00
1.014493e-02 2.320000e+00 2.832000e+00
1.086957e-02 2.390733e+00 2.735568e+00
1.123188e-02 2.425154e+00 2.690199e+00
1.141304e-02 2.442144e+00 2.668312e+00
1.159420e-02 2.459000e+00 2.647000e+00
1.231884e-02 2.525877e+00 2.564711e+00
1.268116e-02 2.559031e+00 2.525548e+00
1.286232e-02 2.575538e+00 2.506554e+00
1.304348e-02 2.592000e+00 2.488000e+00
1.376812e-02 2.657423e+00 2.416120e+00
1.413043e-02 2.690129e+00 2.381848e+00
1.431159e-02 2.706532e+00 2.365226e+00
1.449275e-02 2.723000e+00 2.349000e+00
1.521739e-02 2.789565e+00 2.286500e+00
1.557971e-02 2.823184e+00 2.256704e+00
1.576087e-02 2.840070e+00 2.242208e+00
1.594203e-02 2.857000e+00 2.228000e+00
1.666666e-02 2.924629e+00 2.172500e+00
1.702898e-02 2.958650e+00 2.145785e+00
1.721014e-02 2.975770e+00 2.132761e+00
1.739130e-02 2.993000e+00 2.120000e+00
1.811594e-02 3.062762e+00 2.070617e+00
1.847826e-02 3.098175e+00 2.046930e+00
1.865942e-02 3.116032e+00 2.035366e+00
1.884058e-02 3.134000e+00 2.024000e+00
1.956522e-02 3.206390e+00 1.979421e+00
1.992754e-02 3.243003e+00 1.957867e+00
2.010870e-02 3.261446e+00 1.947335e+00
2.028986e-02 3.280000e+00 1.937000e+00
2.101450e-02 3.354904e+00 1.896932e+00
2.137681e-02 3.392786e+00 1.877673e+00
2.155797e-02 3.411849e+00 1.868259e+00
2.173913e-02 3.431000e+00 1.859000e+00
2.246377e-02 3.508014e+00 1.822775e+00
2.282609e-02 3.546854e+00 1.805182e+00
2.300725e-02 3.566383e+00 1.796536e+00
2.318841e-02 3.586000e+00 1.788000e+00
2.391305e-02 3.664975e+00 1.754327e+00
2.427536e-02 3.704830e+00 1.737940e+00
2.445652e-02 3.724871e+00 1.729904e+00
2.463768e-02 3.745000e+00 1.722000e+00
2.536232e-02 3.826017e+00 1.691253e+00
2.572464e-02 3.866867e+00 1.676418e+00
2.590580e-02 3.887394e+00 1.669153e+00
2.608696e-02 3.908000e+00 1.662000e+00
2.753623e-02 4.074363e+00 1.606937e+00
2.826087e-02 4.158693e+00 1.580886e+00
2.862319e-02 4.201211e+00 1.568286e+00
2.880435e-02 4.222569e+00 1.562102e+00
2.898551e-02 4.244000e+00 1.556000e+00
3.079710e-02 4.460445e+00 1.497179e+00
3.170290e-02 4.570146e+00 1.469409e+00
3.215580e-02 4.625418e+00 1.456017e+00
3.238225e-02 4.653169e+00 1.449459e+00
3.260870e-02 4.681000e+00 1.443000e+00
3.442029e-02 4.905082e+00 1.393168e+00
3.532609e-02 5.018135e+00 1.369557e+00
3.577898e-02 5.074957e+00 1.358135e+00
3.600543e-02 5.103450e+00 1.352530e+00
3.623188e-02 5.132000e+00 1.347000e+00
3.804348e-02 5.361421e+00 1.304004e+00
3.894927e-02 5.476892e+00 1.283538e+00
3.940217e-02 5.534858e+00 1.273637e+00
3.962862e-02 5.563905e+00 1.268783e+00
3.985507e-02 5.593000e+00 1.264000e+00
4.166666e-02 5.826696e+00 1.227222e+00
4.257246e-02 5.944134e+00 1.209769e+00
4.302536e-02 6.003012e+00 1.201296e+00
4.347826e-02 6.062000e+00 1.193000e+00
4.528986e-02 6.298530e+00 1.160616e+00
4.619565e-02 6.417138e+00 1.145036e+00
4.664855e-02 6.476536e+00 1.137441e+00
4.710145e-02 6.536000e+00 1.130000e+00
4.891305e-02 6.774260e+00 1.101152e+00
4.981884e-02 6.893578e+00 1.087333e+00
5.027174e-02 6.953278e+00 1.080600e+00
5.072464e-02 7.013000e+00 1.074000e+00
5.253624e-02 7.252086e+00 1.048331e+00
5.344203e-02 7.371601e+00 1.035974e+00
5.389493e-02 7.431322e+00 1.029935e+00
5.434783e-02 7.491000e+00 1.024000e+00
5.615942e-02 7.729307e+00 1.000785e+00
5.706522e-02 7.848234e+00 9.895692e-01
5.751811e-02 7.907637e+00 9.840856e-01
5.797101e-02 7.967000e+00 9.787000e-01
6.159420e-02 8.441877e+00 9.377895e-01
6.340580e-02 8.678511e+00 9.187580e-01
6.431159e-02 8.796441e+00 9.096375e-01
6.476449e-02 8.855275e+00 9.051823e-01
6.521739e-02 8.914000e+00 9.008000e-01
6.884058e-02 9.381791e+00 8.669519e-01
7.065217e-02 9.613801e+00 8.509406e-01
7.155797e-02 9.729164e+00 8.432135e-01
7.201087e-02 9.786654e+00 8.394282e-01
7.246377e-02 9.844000e+00 8.357000e-01
7.608695e-02 1.030019e+01 8.069291e-01
7.789855e-02 1.052610e+01 7.933040e-01
7.880434e-02 1.063833e+01 7.867171e-01
7.925724e-02 1.069424e+01 7.834861e-01
7.971014e-02 1.075000e+01 7.803000e-01
8.333333e-02 1.119294e+01 7.556208e-01
8.514492e-02 1.141229e+01 7.438690e-01
8.605072e-02 1.152137e+01 7.381684e-01
8.695652e-02 1.163000e+01 7.326000e-01
9.057971e-02 1.206362e+01 7.110567e-01
9.239131e-02 1.227820e+01 7.007769e-01
9.329710e-02 1.238454e+01 6.957833e-01
9.420290e-02 1.249000e+01 6.909000e-01
9.782610e-02 1.290524e+01 6.719775e-01
9.963770e-02 1.310903e+01 6.629225e-01
1.005435e-01 1.320988e+01 6.585156e-01
1.014493e-01 1.331000e+01 6.542000e-01
1.086957e-01 1.409954e+01 6.215545e-01
1.123188e-01 1.448436e+01 6.064919e-01
1.141304e-01 1.467350e+01 5.993167e-01
1.150362e-01 1.476711e+01 5.958248e-01
1.159420e-01 1.486000e+01 5.924000e-01
1.231884e-01 1.559019e+01 5.661673e-01
1.268116e-01 1.594476e+01 5.538908e-01
1.286232e-01 1.611870e+01 5.480017e-01
1.295290e-01 1.620471e+01 5.451261e-01
1.304348e-01 1.629000e+01 5.423000e-01
1.376811e-01 1.695883e+01 5.205918e-01
1.413043e-01 1.728344e+01 5.103833e-01
1.431159e-01 1.744282e+01 5.054700e-01
1.449275e-01 1.760000e+01 5.007000e-01
1.521739e-01 1.821812e+01 4.824267e-01
1.557971e-01 1.851825e+01 4.738085e-01
1.576087e-01 1.866533e+01 4.696491e-01
1.594203e-01 1.881000e+01 4.656000e-01
1.666666e-01 1.937275e+01 4.499932e-01
1.702898e-01 1.964479e+01 4.425852e-01
1.721014e-01 1.977828e+01 4.389985e-01
1.739130e-01 1.991000e+01 4.355000e-01
1.811594e-01 2.043002e+01 4.219911e-01
1.847826e-01 2.068336e+01 4.155625e-01
1.865942e-01 2.080767e+01 4.124449e-01
1.884058e-01 2.093000e+01 4.094000e-01
1.956522e-01 2.140595e+01 3.976343e-01
1.992754e-01 2.163593e+01 3.920143e-01
2.010870e-01 2.174874e+01 3.892795e-01
2.028986e-01 2.186000e+01 3.866000e-01
2.101449e-01 2.229774e+01 3.761554e-01
2.137681e-01 2.251122e+01 3.711379e-01
2.173913e-01 2.272000e+01 3.663000e-01
2.246377e-01 2.312814e+01 3.570186e-01
2.282609e-01 2.332647e+01 3.525831e-01
2.318841e-01 2.352000e+01 3.483000e-01
2.391304e-01 2.389802e+01 3.399834e-01
2.427536e-01 2.408139e+01 3.359779e-01
2.463768e-01 2.426000e+01 3.321000e-01
2.536232e-01 2.460702e+01 3.246016e-01
2.572464e-01 2.477539e+01 3.209948e-01
2.608696e-01 2.494000e+01 3.175000e-01
2.753623e-01 2.557969e+01 3.041999e-01
2.826087e-01 2.588580e+01 2.979808e-01
2.862319e-01 2.603458e+01 2.949949e-01
2.898551e-01 2.618000e+01 2.921000e-01
3.079711e-01 2.687628e+01 2.783738e-01
3.170290e-01 2.720530e+01 2.719972e-01
3.215580e-01 2.736453e+01 2.689478e-01
3.260870e-01 2.752000e+01 2.660000e-01
3.442029e-01 2.812416e+01 2.547579e-01
3.532608e-01 2.841294e+01 2.494896e-01
3.623188e-01 2.869000e+01 2.445000e-01
3.804347e-01 2.921853e+01 2.350489e-01
3.894927e-01 2.946932e+01 2.306127e-01
3.985507e-01 2.971000e+01 2.264000e-01
4.166667e-01 3.017284e+01 2.183812e-01
4.257246e-01 3.039484e+01 2.146004e-01
4.347826e-01 3.061000e+01 2.110000e-01
4.528986e-01 3.103070e+01 2.041498e-01
4.619565e-01 3.123377e+01 2.009072e-01
4.710145e-01 3.143000e+01 1.978000e-01
4.891304e-01 3.180561e+01 1.918089e-01
4.981884e-01 3.198549e+01 1.889484e-01
5.072464e-01 3.216000e+01 1.862000e-01
5.253623e-01 3.250163e+01 1.809258e-01
5.344203e-01 3.266780e+01 1.784137e-01
5.434783e-01 3.283000e+01 1.760000e-01
5.615942e-01 3.314707e+01 1.713601e-01
5.797101e-01 3.345000e+01 1.670000e-01
6.159420e-01 3.401646e+01 1.588699e-01
6.340579e-01 3.428017e+01 1.551174e-01
6.521739e-01 3.453000e+01 1.516000e-01
6.884058e-01 3.500804e+01 1.449913e-01
7.065218e-01 3.523426e+01 1.419115e-01
7.246377e-01 3.545000e+01 1.390000e-01
7.608696e-01 3.586100e+01 1.334630e-01
7.789855e-01 3.605501e+01 1.308629e-01
7.971014e-01 3.624000e+01 1.284000e-01
8.333333e-01 3.659374e+01 1.237561e-01
8.695652e-01 3.692000e+01 1.195000e-01
9.057971e-01 3.722355e+01 1.154988e-01
9.420290e-01 3.750000e+01 1.118000e-01
9.782610e-01 3.775635e+01 1.083239e-01
1.014493e+00 3.799000e+01 1.051000e-01
1.086956e+00 3.841370e+01 9.915494e-02
1.159420e+00 3.877000e+01 9.393000e-02
1.231884e+00 3.907527e+01 8.922694e-02
1.304348e+00 3.932000e+01 8.507000e-02
1.449275e+00 3.967000e+01 7.783000e-02
1.594203e+00 3.986000e+01 7.180000e-02
1.739130e+00 3.993000e+01 6.669000e-02
1.884058e+00 3.990000e+01 6.230000e-02
2.028986e+00 3.986000e+01 5.849000e-02
2.173913e+00 3.986000e+01 5.514000e-02
2.318841e+00 3.960000e+01 5.218000e-02
2.463768e+00 3.925000e+01 4.954000e-02
2.608696e+00 3.900000e+01 4.717000e-02
2.753623e+00 3.871937e+01 4.501103e-02
2.898551e+00 3.841000e+01 4.308000e-02
3.079711e+00 3.800065e+01 4.087475e-02
3.170290e+00 3.778776e+01 3.986401e-02
3.260870e+00 3.757000e+01 3.892000e-02
3.442029e+00 3.712799e+01 3.714550e-02
3.532608e+00 3.690458e+01 3.631941e-02
3.623188e+00 3.668000e+01 3.554000e-02
3.804347e+00 3.623021e+01 3.406529e-02
3.894927e+00 3.600513e+01 3.337450e-02
3.985507e+00 3.578000e+01 3.272000e-02
4.166666e+00 3.532806e+01 3.147900e-02
4.257246e+00 3.510308e+01 3.089536e-02
4.347826e+00 3.488000e+01 3.034000e-02
4.528986e+00 3.444034e+01 2.927982e-02
4.619565e+00 3.422390e+01 2.877848e-02
4.710145e+00 3.401000e+01 2.830000e-02
4.891305e+00 3.358555e+01 2.738764e-02
4.981884e+00 3.337629e+01 2.695499e-02
5.072464e+00 3.317000e+01 2.654000e-02
5.253623e+00 3.276436e+01 2.574001e-02
5.344203e+00 3.256556e+01 2.535775e-02
5.434783e+00 3.237000e+01 2.499000e-02
5.615942e+00 3.198481e+01 2.428284e-02
5.706522e+00 3.179587e+01 2.394512e-02
5.797101e+00 3.161000e+01 2.362000e-02
6.159420e+00 3.088656e+01 2.239889e-02
6.340580e+00 3.053800e+01 2.183638e-02
6.431159e+00 3.036757e+01 2.156844e-02
6.521739e+00 3.020000e+01 2.131000e-02
6.884058e+00 2.954446e+01 2.032488e-02
7.065217e+00 2.922752e+01 1.986447e-02
7.155797e+00 2.907244e+01 1.964370e-02
7.246377e+00 2.892000e+01 1.943000e-02
7.608695e+00 2.832519e+01 1.861490e-02
7.789855e+00 2.803821e+01 1.823257e-02
7.971014e+00 2.776000e+01 1.787000e-02
8.333333e+00 2.722214e+01 1.718121e-02
8.514492e+00 2.696265e+01 1.685743e-02
8.695652e+00 2.671000e+01 1.655000e-02
9.057971e+00 2.621493e+01 1.596753e-02
9.239130e+00 2.597436e+01 1.569278e-02
9.420290e+00 2.574000e+01 1.543000e-02
9.782610e+00 2.528503e+01 1.492324e-02
9.963770e+00 2.506478e+01 1.468161e-02
1.014493e+01 2.485000e+01 1.445000e-02
1.086957e+01 2.402283e+01 1.359511e-02
1.123188e+01 2.362891e+01 1.320822e-02
1.141304e+01 2.343747e+01 1.302545e-02
1.159420e+01 2.325000e+01 1.285000e-02
1.231884e+01 2.251941e+01 1.218273e-02
1.268116e+01 2.216844e+01 1.187206e-02
1.286232e+01 2.199746e+01 1.172349e-02
1.304348e+01 2.183000e+01 1.158000e-02
1.376811e+01 2.118176e+01 1.103380e-02
1.413043e+01 2.087087e+01 1.077931e-02
1.431159e+01 2.071911e+01 1.065759e-02
1.449275e+01 2.057000e+01 1.054000e-02
1.521739e+01 1.998612e+01 1.009379e-02
1.557971e+01 1.970379e+01 9.885363e-03
1.576087e+01 1.956568e+01 9.785223e-03
1.594203e+01 1.943000e+01 9.688000e-03
1.666667e+01 1.890134e+01 9.313840e-03
1.702898e+01 1.864667e+01 9.136785e-03
1.721014e+01 1.852223e+01 9.051257e-03
1.739130e+01 1.840000e+01 8.968000e-03
1.811594e+01 1.792300e+01 8.647679e-03
1.847826e+01 1.769293e+01 8.495936e-03
1.865942e+01 1.758047e+01 8.422542e-03
1.884058e+01 1.747000e+01 8.351000e-03
1.956522e+01 1.703857e+01 8.075043e-03
1.992754e+01 1.683078e+01 7.943804e-03
2.010870e+01 1.672940e+01 7.880163e-03
2.028986e+01 1.663000e+01 7.818000e-03
2.101450e+01 1.624396e+01 7.577434e-03
2.137681e+01 1.605876e+01 7.462533e-03
2.155797e+01 1.596850e+01 7.406671e-03
2.173913e+01 1.588000e+01 7.352000e-03
2.246377e+01 1.553438e+01 7.139737e-03
2.282609e+01 1.536878e+01 7.038029e-03
2.300725e+01 1.528840e+01 6.988508e-03
2.318841e+01 1.521000e+01 6.940000e-03
2.391305e+01 1.490867e+01 6.751613e-03
2.427536e+01 1.476609e+01 6.661238e-03
2.463768e+01 1.463000e+01 6.574000e-03
2.536232e+01 1.436904e+01 6.405712e-03
2.572464e+01 1.424613e+01 6.325002e-03
2.608696e+01 1.413000e+01 6.247000e-03
2.753624e+01 1.372893e+01 5.951594e-03
2.826087e+01 1.355108e+01 5.814271e-03
2.862319e+01 1.346531e+01 5.748559e-03
2.898551e+01 1.338000e+01 5.685000e-03
3.079711e+01 1.292321e+01 5.384665e-03
3.170290e+01 1.268632e+01 5.245884e-03
3.215580e+01 1.256764e+01 5.179750e-03
3.260870e+01 1.245000e+01 5.116000e-03
3.442029e+01 1.199379e+01 4.873981e-03
3.532608e+01 1.177686e+01 4.761243e-03
3.577898e+01 1.167200e+01 4.707250e-03
3.623188e+01 1.157000e+01 4.655000e-03
3.804348e+01 1.117986e+01 4.455422e-03
3.894927e+01 1.099575e+01 4.361765e-03
3.940217e+01 1.090677e+01 4.316720e-03
3.985507e+01 1.082000e+01 4.273000e-03
4.166666e+01 1.048363e+01 4.105283e-03
4.257246e+01 1.032337e+01 4.026201e-03
4.302536e+01 1.024571e+01 3.988071e-03
4.347826e+01 1.017000e+01 3.951000e-03
4.528986e+01 9.878926e+00 3.808717e-03
4.619565e+01 9.740675e+00 3.741375e-03
4.664855e+01 9.673597e+00 3.708790e-03
4.710145e+01 9.608000e+00 3.677000e-03
4.891304e+01 9.352972e+00 3.553889e-03
4.981884e+01 9.230733e+00 3.495217e-03
5.027174e+01 9.171239e+00 3.466767e-03
5.072464e+01 9.113000e+00 3.439000e-03
5.253624e+01 8.887380e+00 3.331965e-03
5.344203e+01 8.779309e+00 3.280992e-03
5.389493e+01 8.726647e+00 3.256231e-03
5.434783e+01 8.675000e+00 3.232000e-03
5.615942e+01 8.473667e+00 3.137785e-03
5.706521e+01 8.376735e+00 3.092583e-03
5.751811e+01 8.329420e+00 3.070565e-03
5.797101e+01 8.283000e+00 3.049000e-03
6.159420e+01 7.930803e+00 2.886124e-03
6.340579e+01 7.767496e+00 2.811106e-03
6.431159e+01 7.689445e+00 2.775401e-03
6.521739e+01 7.614000e+00 2.741000e-03
6.884058e+01 7.325953e+00 2.610295e-03
7.065217e+01 7.190892e+00 2.549387e-03
7.155797e+01 7.125976e+00 2.520219e-03
7.246377e+01 7.063000e+00 2.492000e-03
7.608695e+01 6.821953e+00 2.384288e-03
7.789855e+01 6.708297e+00 2.333799e-03
7.880434e+01 6.653431e+00 2.309536e-03
7.971014e+01 6.600000e+00 2.286000e-03
8.333333e+01 6.394163e+00 2.195886e-03
8.514493e+01 6.296176e+00 2.153419e-03
8.605072e+01 6.248580e+00 2.132934e-03
8.695652e+01 6.202000e+00 2.113000e-03
9.057971e+01 6.020402e+00 2.036215e-03
9.239131e+01 5.933437e+00 1.999801e-03
9.329710e+01 5.891213e+00 1.982180e-03
9.420290e+01 5.850000e+00 1.965000e-03
9.782610e+01 5.691457e+00 1.898703e-03
9.963770e+01 5.616164e+00 1.867181e-03
1.005435e+02 5.579660e+00 1.851906e-03
1.014493e+02 5.544000e+00 1.837000e-03
1.086957e+02 5.275410e+00 1.725657e-03
1.123188e+02 5.152358e+00 1.674996e-03
1.141304e+02 5.094019e+00 1.651022e-03
1.150362e+02 5.065708e+00 1.639390e-03
1.159420e+02 5.038000e+00 1.628000e-03
1.231884e+02 4.826875e+00 1.540708e-03
1.268116e+02 4.728866e+00 1.500057e-03
1.286232e+02 4.682095e+00 1.480666e-03
1.304348e+02 4.637000e+00 1.462000e-03
1.449275e+02 4.312000e+00 1.329000e-03
