3.225806e-03 1.376000e+00 1.403000e+00
3.548387e-03 1.453000e+00 1.356000e+00
3.709677e-03 1.488125e+00 1.334050e+00
3.790323e-03 1.504838e+00 1.323425e+00
3.830645e-03 1.512986e+00 1.318190e+00
3.870968e-03 1.521000e+00 1.313000e+00
4.032258e-03 1.552590e+00 1.292193e+00
4.112903e-03 1.567985e+00 1.281963e+00
4.193548e-03 1.583000e+00 1.272000e+00
4.354838e-03 1.612133e+00 1.253018e+00
4.435484e-03 1.626236e+00 1.243905e+00
4.516129e-03 1.640000e+00 1.235000e+00
4.677420e-03 1.666944e+00 1.217297e+00
4.758065e-03 1.680096e+00 1.208577e+00
4.838710e-03 1.693000e+00 1.200000e+00
5.000000e-03 1.718452e+00 1.183212e+00
5.080645e-03 1.730875e+00 1.175024e+00
5.161290e-03 1.743000e+00 1.167000e+00
5.322581e-03 1.766437e+00 1.151238e+00
5.403226e-03 1.777818e+00 1.143540e+00
5.483871e-03 1.789000e+00 1.136000e+00
5.645162e-03 1.811238e+00 1.121244e+00
5.725807e-03 1.822204e+00 1.114049e+00
5.806452e-03 1.833000e+00 1.107000e+00
6.129033e-03 1.874570e+00 1.079673e+00
6.290323e-03 1.894540e+00 1.066596e+00
6.370968e-03 1.904330e+00 1.060232e+00
6.451613e-03 1.914000e+00 1.054000e+00
6.854839e-03 1.961735e+00 1.023985e+00
7.056452e-03 1.985098e+00 1.009710e+00
7.157258e-03 1.996615e+00 1.002780e+00
7.258065e-03 2.008000e+00 9.960000e-01
7.661291e-03 2.052550e+00 9.696325e-01
7.862903e-03 2.074387e+00 9.569868e-01
7.963710e-03 2.085216e+00 9.508296e-01
8.064516e-03 2.096000e+00 9.448000e-01
8.467742e-03 2.139097e+00 9.214140e-01
8.669355e-03 2.160584e+00 9.102089e-01
8.870968e-03 2.182000e+00 8.994000e-01
9.274193e-03 2.224646e+00 8.785581e-01
9.475806e-03 2.245864e+00 8.685637e-01
9.677419e-03 2.267000e+00 8.589000e-01
1.008064e-02 2.308943e+00 8.401619e-01
1.028226e-02 2.329916e+00 8.311397e-01
1.048387e-02 2.351000e+00 8.224000e-01
1.088709e-02 2.393854e+00 8.054739e-01
1.108871e-02 2.415435e+00 7.973174e-01
1.129032e-02 2.437000e+00 7.894000e-01
1.169354e-02 2.479533e+00 7.739913e-01
1.189516e-02 2.500721e+00 7.665411e-01
1.209677e-02 2.522000e+00 7.593000e-01
1.250000e-02 2.565208e+00 7.452233e-01
1.270161e-02 2.587047e+00 7.384176e-01
1.290323e-02 2.609000e+00 7.318000e-01
1.370968e-02 2.696771e+00 7.065271e-01
1.411291e-02 2.740786e+00 6.946305e-01
1.431452e-02 2.762860e+00 6.888902e-01
1.451613e-02 2.785000e+00 6.833000e-01
1.532258e-02 2.874118e+00 6.617029e-01
1.572580e-02 2.918967e+00 6.514316e-01
1.592742e-02 2.941461e+00 6.464552e-01
1.612903e-02 2.964000e+00 6.416000e-01
1.693549e-02 3.054345e+00 6.228707e-01
1.733871e-02 3.099630e+00 6.139559e-01
1.754033e-02 3.122304e+00 6.096294e-01
1.774194e-02 3.145000e+00 6.054000e-01
1.854839e-02 3.235881e+00 5.889970e-01
1.895162e-02 3.281402e+00 5.811506e-01
1.915323e-02 3.304190e+00 5.773345e-01
1.935484e-02 3.327000e+00 5.736000e-01
2.016129e-02 3.418485e+00 5.591303e-01
2.056451e-02 3.464266e+00 5.521963e-01
2.076613e-02 3.487143e+00 5.488162e-01
2.096774e-02 3.510000e+00 5.455000e-01
2.177419e-02 3.601222e+00 5.325637e-01
2.217742e-02 3.646679e+00 5.263307e-01
2.237904e-02 3.669359e+00 5.232870e-01
2.258065e-02 3.692000e+00 5.203000e-01
2.419355e-02 3.872495e+00 4.976300e-01
2.500000e-02 3.962081e+00 4.871062e-01
2.540323e-02 4.006639e+00 4.820713e-01
2.560484e-02 4.028847e+00 4.796145e-01
2.580645e-02 4.051000e+00 4.772000e-01
2.741935e-02 4.227286e+00 4.585952e-01
2.822581e-02 4.314559e+00 4.498245e-01
2.862903e-02 4.357900e+00 4.456006e-01
2.903226e-02 4.401000e+00 4.415000e-01
3.064516e-02 4.572194e+00 4.258177e-01
3.145161e-02 4.656657e+00 4.184315e-01
3.185483e-02 4.698493e+00 4.148683e-01
3.225806e-02 4.740000e+00 4.114000e-01
3.387097e-02 4.903894e+00 3.980271e-01
3.467742e-02 4.984481e+00 3.916764e-01
3.508064e-02 5.024384e+00 3.886007e-01
3.548387e-02 5.064000e+00 3.856000e-01
3.709677e-02 5.221212e+00 3.740101e-01
3.790323e-02 5.298668e+00 3.684921e-01
3.830645e-02 5.336999e+00 3.658152e-01
3.870968e-02 5.375000e+00 3.632000e-01
4.032258e-02 5.525005e+00 3.530853e-01
4.112903e-02 5.598598e+00 3.482529e-01
4.153225e-02 5.634964e+00 3.459022e-01
4.193548e-02 5.671000e+00 3.436000e-01
4.354838e-02 5.813345e+00 3.346456e-01
4.435484e-02 5.883225e+00 3.303473e-01
4.475806e-02 5.917767e+00 3.282527e-01
4.516129e-02 5.952000e+00 3.262000e-01
4.677420e-02 6.087286e+00 3.182325e-01
4.758065e-02 6.153689e+00 3.144047e-01
4.798387e-02 6.186498e+00 3.125358e-01
4.838710e-02 6.219000e+00 3.107000e-01
5.000000e-02 6.347306e+00 3.035214e-01
5.080645e-02 6.410202e+00 3.000561e-01
5.161290e-02 6.472000e+00 2.967000e-01
5.322581e-02 6.593212e+00 2.902219e-01
5.403226e-02 6.652570e+00 2.871113e-01
5.483871e-02 6.711000e+00 2.841000e-01
5.645161e-02 6.826509e+00 2.782593e-01
5.725807e-02 6.883239e+00 2.754399e-01
5.806452e-02 6.939000e+00 2.727000e-01
6.129033e-02 7.154728e+00 2.622147e-01
6.290323e-02 7.258088e+00 2.572825e-01
6.370968e-02 7.308503e+00 2.549073e-01
6.451613e-02 7.358000e+00 2.526000e-01
6.854839e-02 7.598765e+00 2.416346e-01
7.056452e-02 7.714081e+00 2.365229e-01
7.157258e-02 7.770157e+00 2.340728e-01
7.258065e-02 7.825000e+00 2.317000e-01
7.661290e-02 8.037097e+00 2.226193e-01
7.862903e-02 8.138426e+00 2.183501e-01
7.963710e-02 8.187721e+00 2.162953e-01
8.064516e-02 8.236000e+00 2.143000e-01
8.467742e-02 8.423771e+00 2.066494e-01
8.669355e-02 8.513941e+00 2.030391e-01
8.770162e-02 8.557900e+00 2.012964e-01
8.870968e-02 8.601000e+00 1.996000e-01
9.274193e-02 8.768577e+00 1.930697e-01
9.475806e-02 8.849118e+00 1.899694e-01
9.677419e-02 8.927000e+00 1.870000e-01
1.008064e-01 9.077628e+00 1.813090e-01
1.028226e-01 9.149995e+00 1.786009e-01
1.048387e-01 9.220000e+00 1.760000e-01
1.088709e-01 9.355378e+00 1.709870e-01
1.108871e-01 9.420612e+00 1.685956e-01
1.129032e-01 9.484000e+00 1.663000e-01
1.169354e-01 9.607819e+00 1.619147e-01
1.189516e-01 9.667769e+00 1.598223e-01
1.209677e-01 9.726000e+00 1.578000e-01
1.250000e-01 9.838655e+00 1.538496e-01
1.270161e-01 9.893042e+00 1.519430e-01
1.290323e-01 9.946000e+00 1.501000e-01
1.370968e-01 1.015033e+01 1.432258e-01
1.411290e-01 1.024733e+01 1.400664e-01
1.451613e-01 1.034000e+01 1.371000e-01
1.532258e-01 1.051696e+01 1.314605e-01
1.572580e-01 1.060050e+01 1.288114e-01
1.612903e-01 1.068000e+01 1.263000e-01
1.693549e-01 1.082975e+01 1.215506e-01
1.733871e-01 1.090091e+01 1.193207e-01
1.774194e-01 1.097000e+01 1.172000e-01
1.854839e-01 1.110767e+01 1.131459e-01
1.895161e-01 1.117487e+01 1.112285e-01
1.935484e-01 1.124000e+01 1.094000e-01
2.016129e-01 1.136381e+01 1.059201e-01
2.056451e-01 1.142283e+01 1.042745e-01
2.096774e-01 1.148000e+01 1.027000e-01
2.177420e-01 1.159237e+01 9.967685e-02
2.258065e-01 1.170000e+01 9.685000e-02
2.419355e-01 1.190007e+01 9.164033e-02
2.500000e-01 1.199265e+01 8.926238e-02
2.580645e-01 1.208000e+01 8.705000e-02
2.741936e-01 1.224555e+01 8.290881e-02
2.822581e-01 1.232414e+01 8.099106e-02
2.903226e-01 1.240000e+01 7.919000e-02
3.064516e-01 1.254918e+01 7.580135e-02
3.145161e-01 1.262104e+01 7.422189e-02
3.225806e-01 1.269000e+01 7.273000e-02
3.387096e-01 1.282010e+01 6.990468e-02
3.548387e-01 1.294000e+01 6.732000e-02
3.709678e-01 1.305339e+01 6.491950e-02
3.870968e-01 1.316000e+01 6.272000e-02
4.032258e-01 1.326340e+01 6.065169e-02
4.193548e-01 1.336000e+01 5.874000e-02
4.354839e-01 1.344806e+01 5.694488e-02
4.516129e-01 1.353000e+01 5.528000e-02
4.677419e-01 1.361176e+01 5.370253e-02
4.838710e-01 1.369000e+01 5.223000e-02
5.000000e-01 1.376237e+01 5.083585e-02
5.161290e-01 1.383000e+01 4.953000e-02
5.483871e-01 1.396000e+01 4.711000e-02
5.806452e-01 1.408000e+01 4.493000e-02
6.129033e-01 1.418660e+01 4.294165e-02
6.451613e-01 1.428000e+01 4.116000e-02
6.854839e-01 1.438700e+01 3.912138e-02
7.258065e-01 1.448000e+01 3.731000e-02
7.661290e-01 1.456141e+01 3.565585e-02
8.064516e-01 1.463000e+01 3.417000e-02
8.870968e-01 1.474000e+01 3.154000e-02
9.677419e-01 1.482000e+01 2.931000e-02
1.048387e+00 1.487000e+01 2.740000e-02
1.129032e+00 1.489000e+01 2.573000e-02
1.209677e+00 1.490000e+01 2.427000e-02
1.290323e+00 1.489000e+01 2.298000e-02
1.451613e+00 1.484000e+01 2.078000e-02
1.612903e+00 1.473000e+01 1.900000e-02
1.774194e+00 1.460000e+01 1.751000e-02
1.854839e+00 1.452225e+01 1.684925e-02
1.935484e+00 1.444000e+01 1.625000e-02
2.016129e+00 1.436568e+01 1.568833e-02
2.096774e+00 1.428000e+01 1.517000e-02
2.177420e+00 1.416478e+01 1.468206e-02
2.258065e+00 1.403000e+01 1.423000e-02
2.419355e+00 1.375199e+01 1.340272e-02
2.500000e+00 1.361394e+01 1.302757e-02
2.580645e+00 1.348000e+01 1.268000e-02
2.741936e+00 1.323241e+01 1.203059e-02
2.822581e+00 1.311509e+01 1.173074e-02
2.903226e+00 1.300000e+01 1.145000e-02
3.064516e+00 1.276433e+01 1.092388e-02
3.145161e+00 1.264635e+01 1.067975e-02
3.225806e+00 1.253000e+01 1.045000e-02
3.387097e+00 1.230620e+01 1.001675e-02
3.467742e+00 1.219742e+01 9.814096e-03
3.548387e+00 1.209000e+01 9.622000e-03
3.709677e+00 1.187379e+01 9.256452e-03
3.790323e+00 1.176627e+01 9.084120e-03
3.870968e+00 1.166000e+01 8.920000e-03
4.032258e+00 1.145124e+01 8.607128e-03
4.112903e+00 1.134946e+01 8.459228e-03
4.193548e+00 1.125000e+01 8.318000e-03
4.354838e+00 1.105652e+01 8.048011e-03
4.435484e+00 1.096237e+01 7.919857e-03
4.516129e+00 1.087000e+01 7.797000e-03
4.677420e+00 1.068756e+01 7.560821e-03
4.758065e+00 1.059801e+01 7.448214e-03
4.838710e+00 1.051000e+01 7.340000e-03
5.000000e+00 1.033693e+01 7.132018e-03
5.080645e+00 1.025250e+01 7.032693e-03
5.161290e+00 1.017000e+01 6.937000e-03
5.322580e+00 1.000969e+01 6.752216e-03
5.403226e+00 9.931655e+00 6.663600e-03
5.483871e+00 9.855000e+00 6.578000e-03
5.645162e+00 9.703029e+00 6.412440e-03
5.725807e+00 9.628341e+00 6.332906e-03
5.806452e+00 9.555000e+00 6.256000e-03
6.129033e+00 9.272629e+00 5.965235e-03
6.290323e+00 9.138218e+00 5.830180e-03
6.370968e+00 9.072918e+00 5.765545e-03
6.451613e+00 9.009000e+00 5.703000e-03
6.854839e+00 8.699743e+00 5.406733e-03
7.056452e+00 8.552663e+00 5.269532e-03
7.157259e+00 8.481440e+00 5.204096e-03
7.258065e+00 8.412000e+00 5.141000e-03
7.661290e+00 8.144517e+00 4.901630e-03
7.862903e+00 8.017538e+00 4.790134e-03
7.963710e+00 7.956030e+00 4.736717e-03
8.064516e+00 7.896000e+00 4.685000e-03
8.467742e+00 7.663884e+00 4.487100e-03
8.669355e+00 7.553228e+00 4.394124e-03
8.770162e+00 7.499508e+00 4.349400e-03
8.870968e+00 7.447000e+00 4.306000e-03
9.274193e+00 7.243640e+00 4.139839e-03
9.475806e+00 7.146469e+00 4.061534e-03
9.576613e+00 7.099228e+00 4.023759e-03
9.677419e+00 7.053000e+00 3.987000e-03
1.008064e+01 6.873588e+00 3.845368e-03
1.028226e+01 6.787698e+00 3.778194e-03
1.038306e+01 6.745908e+00 3.745689e-03
1.048387e+01 6.705000e+00 3.714000e-03
1.088709e+01 6.546416e+00 3.591838e-03
1.108871e+01 6.470402e+00 3.533735e-03
1.118951e+01 6.433348e+00 3.505548e-03
1.129032e+01 6.397000e+00 3.478000e-03
1.169355e+01 6.255339e+00 3.371153e-03
1.189516e+01 6.187091e+00 3.320083e-03
1.199596e+01 6.153748e+00 3.295266e-03
1.209677e+01 6.121000e+00 3.271000e-03
1.250000e+01 5.993258e+00 3.177130e-03
1.270162e+01 5.931664e+00 3.132247e-03
1.280242e+01 5.901563e+00 3.110402e-03
1.290323e+01 5.872000e+00 3.089000e-03
1.370968e+01 5.646962e+00 2.926518e-03
1.411291e+01 5.542067e+00 2.851348e-03
1.431452e+01 5.491760e+00 2.815523e-03
1.451613e+01 5.443000e+00 2.781000e-03
1.532258e+01 5.256082e+00 2.650157e-03
1.572581e+01 5.167923e+00 2.589303e-03
1.592742e+01 5.125388e+00 2.560177e-03
1.612903e+01 5.084000e+00 2.532000e-03
1.693548e+01 4.924767e+00 2.424395e-03
1.733871e+01 4.849251e+00 2.373889e-03
1.754033e+01 4.812684e+00 2.349592e-03
1.774194e+01 4.777000e+00 2.326000e-03
1.854839e+01 4.639086e+00 2.235464e-03
1.895161e+01 4.573281e+00 2.192717e-03
1.915323e+01 4.541299e+00 2.172083e-03
1.935484e+01 4.510000e+00 2.152000e-03
2.016129e+01 4.388570e+00 2.074688e-03
2.056452e+01 4.330307e+00 2.038034e-03
2.076613e+01 4.301889e+00 2.020296e-03
2.096774e+01 4.274000e+00 2.003000e-03
2.177419e+01 4.165284e+00 1.936213e-03
2.217742e+01 4.112846e+00 1.904438e-03
2.237904e+01 4.087203e+00 1.889034e-03
2.258065e+01 4.062000e+00 1.874000e-03
2.419355e+01 3.869731e+00 1.761593e-03
2.500000e+01 3.779625e+00 1.710432e-03
2.540322e+01 3.736227e+00 1.686229e-03
2.560484e+01 3.714963e+00 1.674490e-03
2.580645e+01 3.694000e+00 1.663000e-03
2.741936e+01 3.530176e+00 1.575174e-03
2.822581e+01 3.452448e+00 1.534311e-03
2.862903e+01 3.415088e+00 1.514803e-03
2.883065e+01 3.396867e+00 1.505308e-03
2.903226e+01 3.379000e+00 1.496000e-03
3.064516e+01 3.243638e+00 1.425118e-03
3.145161e+01 3.180935e+00 1.392111e-03
3.185484e+01 3.150970e+00 1.376301e-03
3.225806e+01 3.122000e+00 1.361000e-03
3.387096e+01 3.011404e+00 1.302481e-03
3.467742e+01 2.959420e+00 1.275013e-03
3.508064e+01 2.934368e+00 1.261808e-03
3.548387e+01 2.910000e+00 1.249000e-03
3.709678e+01 2.816544e+00 1.200048e-03
3.790323e+01 2.772019e+00 1.176983e-03
3.830645e+01 2.750321e+00 1.165848e-03
3.870968e+01 2.729000e+00 1.155000e-03
4.032258e+01 2.644846e+00 1.112983e-03
4.112903e+01 2.604164e+00 1.093025e-03
4.153225e+01 2.584352e+00 1.083381e-03
4.193548e+01 2.565000e+00 1.074000e-03
4.354838e+01 2.490842e+00 1.038169e-03
4.435484e+01 2.455702e+00 1.021232e-03
4.475806e+01 2.438663e+00 1.013025e-03
4.516129e+01 2.422000e+00 1.005000e-03
4.677419e+01 2.357094e+00 9.736937e-04
4.758065e+01 2.325963e+00 9.586649e-04
4.798387e+01 2.310816e+00 9.513522e-04
4.838710e+01 2.296000e+00 9.442000e-04
5.000000e+01 2.238797e+00 9.165815e-04
5.080645e+01 2.211435e+00 9.033973e-04
5.120968e+01 2.198096e+00 8.969835e-04
5.161290e+01 2.185000e+00 8.907000e-04
5.322581e+01 2.133685e+00 8.662259e-04
5.403226e+01 2.108923e+00 8.544613e-04
5.443548e+01 2.096841e+00 8.487245e-04
5.483871e+01 2.085000e+00 8.431000e-04
5.645162e+01 2.039210e+00 8.212468e-04
5.725807e+01 2.017253e+00 8.107484e-04
5.766129e+01 2.006533e+00 8.056262e-04
5.806452e+01 1.996000e+00 8.006000e-04
6.129033e+01 1.915016e+00 7.623542e-04
6.290323e+01 1.876977e+00 7.445597e-04
6.370968e+01 1.858703e+00 7.360412e-04
6.451613e+01 1.841000e+00 7.278000e-04
6.854839e+01 1.757525e+00 6.888387e-04
7.056452e+01 1.719018e+00 6.708368e-04
7.157259e+01 1.700678e+00 6.622617e-04
7.207662e+01 1.691753e+00 6.580899e-04
7.258065e+01 1.683000e+00 6.540000e-04
7.661291e+01 1.616012e+00 6.227450e-04
7.862903e+01 1.584651e+00 6.081545e-04
7.963710e+01 1.569594e+00 6.011637e-04
8.064516e+01 1.555000e+00 5.944000e-04
8.467742e+01 1.499132e+00 5.686166e-04
8.669355e+01 1.472880e+00 5.565382e-04
8.770162e+01 1.460253e+00 5.507330e-04
8.870968e+01 1.448000e+00 5.451000e-04
9.274194e+01 1.401169e+00 5.234914e-04
9.475806e+01 1.379082e+00 5.132985e-04
9.576613e+01 1.368408e+00 5.083820e-04
9.677419e+01 1.358000e+00 5.036000e-04
1.008064e+02 1.317615e+00 4.852113e-04
1.028226e+02 1.298380e+00 4.765072e-04
1.038306e+02 1.289069e+00 4.722996e-04
1.048387e+02 1.280000e+00 4.682000e-04
1.088709e+02 1.245192e+00 4.524044e-04
1.108871e+02 1.228726e+00 4.448970e-04
1.118951e+02 1.220764e+00 4.412566e-04
1.129032e+02 1.213000e+00 4.377000e-04
1.169355e+02 1.183070e+00 4.239160e-04
1.189516e+02 1.168782e+00 4.173302e-04
1.199596e+02 1.161825e+00 4.141299e-04
1.209677e+02 1.155000e+00 4.110000e-04
1.250000e+02 1.128291e+00 3.988785e-04
1.270161e+02 1.115421e+00 3.930816e-04
1.280242e+02 1.109146e+00 3.902613e-04
1.290323e+02 1.103000e+00 3.875000e-04
1.370968e+02 1.056861e+00 3.666206e-04
1.411291e+02 1.035721e+00 3.569955e-04
1.431452e+02 1.025676e+00 3.524138e-04
1.451613e+02 1.016000e+00 3.480000e-04
1.532258e+02 9.791416e-01 3.312481e-04
1.572580e+02 9.619299e-01 3.234480e-04
1.592742e+02 9.536815e-01 3.197133e-04
1.612903e+02 9.457000e-01 3.161000e-04
1.693548e+02 9.152602e-01 3.022956e-04
1.733871e+02 9.009998e-01 2.958236e-04
1.754033e+02 8.941473e-01 2.927144e-04
1.774194e+02 8.875000e-01 2.897000e-04
1.854839e+02 8.620265e-01 2.781850e-04
1.895161e+02 8.500204e-01 2.727636e-04
1.915323e+02 8.442308e-01 2.701476e-04
1.935484e+02 8.386000e-01 2.676000e-04
2.016129e+02 8.169396e-01 2.577477e-04
2.056452e+02 8.066854e-01 2.530676e-04
2.076613e+02 8.017288e-01 2.508041e-04
2.096774e+02 7.969000e-01 2.486000e-04
2.177420e+02 7.782929e-01 2.401395e-04
2.217742e+02 7.694565e-01 2.361324e-04
2.237904e+02 7.651762e-01 2.341927e-04
2.258065e+02 7.610000e-01 2.323000e-04
2.419355e+02 7.297528e-01 2.180976e-04
2.500000e+02 7.155435e-01 2.116146e-04
2.540323e+02 7.088314e-01 2.085454e-04
2.580645e+02 7.024000e-01 2.056000e-04
2.741936e+02 6.781303e-01 1.944634e-04
2.822581e+02 6.669395e-01 1.893145e-04
2.862903e+02 6.616183e-01 1.868620e-04
2.903226e+02 6.565000e-01 1.845000e-04
3.225806e+02 6.198000e-01 1.675000e-04
