9.090909e-03 1.249000e+00 1.278000e-01
1.000000e-02 1.286000e+00 1.205000e-01
1.045454e-02 1.304575e+00 1.172300e-01
1.068182e-02 1.313821e+00 1.156866e-01
1.090909e-02 1.323000e+00 1.142000e-01
1.136364e-02 1.341027e+00 1.112754e-01
1.159091e-02 1.349992e+00 1.098621e-01
1.181818e-02 1.359000e+00 1.085000e-01
1.227272e-02 1.377316e+00 1.059121e-01
1.250000e-02 1.386613e+00 1.046835e-01
1.272727e-02 1.396000e+00 1.035000e-01
1.318181e-02 1.414944e+00 1.011995e-01
1.340909e-02 1.424465e+00 1.000886e-01
1.363636e-02 1.434000e+00 9.901000e-02
1.409091e-02 1.452955e+00 9.691381e-02
1.431818e-02 1.462448e+00 9.590201e-02
1.454545e-02 1.472000e+00 9.492000e-02
1.500000e-02 1.491401e+00 9.301399e-02
1.522727e-02 1.501189e+00 9.209392e-02
1.545455e-02 1.511000e+00 9.120000e-02
1.590909e-02 1.530472e+00 8.946061e-02
1.613637e-02 1.540210e+00 8.861892e-02
1.636364e-02 1.550000e+00 8.780000e-02
1.727273e-02 1.590083e+00 8.466812e-02
1.772728e-02 1.610477e+00 8.319333e-02
1.795455e-02 1.620730e+00 8.248205e-02
1.818182e-02 1.631000e+00 8.179000e-02
1.931819e-02 1.681985e+00 7.848454e-02
1.988637e-02 1.707442e+00 7.693572e-02
2.017046e-02 1.720200e+00 7.619161e-02
2.045455e-02 1.733000e+00 7.547000e-02
2.159091e-02 1.784775e+00 7.270839e-02
2.215909e-02 1.810862e+00 7.140762e-02
2.244318e-02 1.823931e+00 7.078031e-02
2.272727e-02 1.837000e+00 7.017000e-02
2.386364e-02 1.889195e+00 6.781968e-02
2.443182e-02 1.915169e+00 6.670519e-02
2.471591e-02 1.928106e+00 6.616587e-02
2.500000e-02 1.941000e+00 6.564000e-02
2.613637e-02 1.992162e+00 6.361035e-02
2.670455e-02 2.017599e+00 6.264500e-02
2.698864e-02 2.030300e+00 6.217699e-02
2.727273e-02 2.043000e+00 6.172000e-02
2.840909e-02 2.094178e+00 5.995398e-02
2.897727e-02 2.119707e+00 5.911106e-02
2.926136e-02 2.132397e+00 5.870123e-02
2.954545e-02 2.145000e+00 5.830000e-02
3.068182e-02 2.194456e+00 5.673979e-02
3.125000e-02 2.218804e+00 5.599142e-02
3.153409e-02 2.230914e+00 5.562697e-02
3.181818e-02 2.243000e+00 5.527000e-02
3.295455e-02 2.291691e+00 5.388587e-02
3.352273e-02 2.315965e+00 5.322187e-02
3.380682e-02 2.328026e+00 5.289795e-02
3.409091e-02 2.340000e+00 5.258000e-02
3.522728e-02 2.387088e+00 5.133852e-02
3.579546e-02 2.410194e+00 5.073974e-02
3.636364e-02 2.433000e+00 5.016000e-02
3.863637e-02 2.523028e+00 4.797596e-02
3.977273e-02 2.567007e+00 4.696366e-02
4.034091e-02 2.588646e+00 4.647920e-02
4.090909e-02 2.610000e+00 4.601000e-02
4.318182e-02 2.693723e+00 4.420766e-02
4.431819e-02 2.734376e+00 4.335761e-02
4.488637e-02 2.754331e+00 4.294797e-02
4.545455e-02 2.774000e+00 4.255000e-02
4.772727e-02 2.851214e+00 4.102471e-02
4.886364e-02 2.888645e+00 4.030520e-02
4.943182e-02 2.906976e+00 3.995797e-02
5.000000e-02 2.925000e+00 3.962000e-02
5.227273e-02 2.995273e+00 3.831900e-02
5.340909e-02 3.029157e+00 3.770143e-02
5.397727e-02 3.045722e+00 3.740218e-02
5.454545e-02 3.062000e+00 3.711000e-02
5.681818e-02 3.125520e+00 3.597786e-02
5.795455e-02 3.156203e+00 3.543784e-02
5.909091e-02 3.186000e+00 3.492000e-02
6.136363e-02 3.243972e+00 3.393134e-02
6.250000e-02 3.271929e+00 3.346149e-02
6.363636e-02 3.299000e+00 3.301000e-02
6.818182e-02 3.401400e+00 3.130856e-02
7.045454e-02 3.448746e+00 3.052368e-02
7.159091e-02 3.471292e+00 3.015000e-02
7.272727e-02 3.493000e+00 2.979000e-02
7.727273e-02 3.575242e+00 2.842368e-02
7.954545e-02 3.613339e+00 2.778802e-02
8.181818e-02 3.649000e+00 2.719000e-02
8.636363e-02 3.715706e+00 2.606724e-02
8.863636e-02 3.746412e+00 2.554428e-02
9.090909e-02 3.775000e+00 2.505000e-02
9.545455e-02 3.828044e+00 2.411223e-02
9.772727e-02 3.852359e+00 2.367069e-02
1.000000e-01 3.875000e+00 2.325000e-02
1.045455e-01 3.917383e+00 2.244465e-02
1.090909e-01 3.955000e+00 2.170000e-02
1.136363e-01 3.988706e+00 2.100712e-02
1.181818e-01 4.018000e+00 2.037000e-02
1.227272e-01 4.044231e+00 1.976945e-02
1.272727e-01 4.067000e+00 1.921000e-02
1.363636e-01 4.105000e+00 1.818000e-02
1.454545e-01 4.134000e+00 1.726000e-02
1.545455e-01 4.156000e+00 1.644000e-02
1.636364e-01 4.171000e+00 1.570000e-02
1.818182e-01 4.188000e+00 1.442000e-02
2.045455e-01 4.189000e+00 1.310000e-02
2.272727e-01 4.178000e+00 1.202000e-02
2.500000e-01 4.159000e+00 1.112000e-02
2.727273e-01 4.135000e+00 1.035000e-02
2.954545e-01 4.108000e+00 9.691000e-03
3.181818e-01 4.080000e+00 9.114000e-03
3.409091e-01 4.051000e+00 8.607000e-03
3.636364e-01 4.022000e+00 8.157000e-03
3.863637e-01 3.992795e+00 7.752080e-03
4.090909e-01 3.964000e+00 7.394000e-03
4.318182e-01 3.936167e+00 7.065018e-03
4.545455e-01 3.909000e+00 6.769000e-03
4.772728e-01 3.881761e+00 6.496315e-03
5.000000e-01 3.855000e+00 6.249000e-03
5.227272e-01 3.829106e+00 6.018322e-03
5.454545e-01 3.804000e+00 5.807000e-03
5.681818e-01 3.779308e+00 5.609695e-03
5.909091e-01 3.755000e+00 5.428000e-03
6.136363e-01 3.730778e+00 5.256825e-03
6.363636e-01 3.707000e+00 5.098000e-03
6.818182e-01 3.661486e+00 4.806400e-03
7.045454e-01 3.639530e+00 4.673871e-03
7.272727e-01 3.618000e+00 4.551000e-03
7.727272e-01 3.575048e+00 4.321815e-03
7.954545e-01 3.553850e+00 4.216060e-03
8.181818e-01 3.533000e+00 4.117000e-03
8.636363e-01 3.492388e+00 3.931032e-03
8.863636e-01 3.472550e+00 3.844550e-03
9.090909e-01 3.453000e+00 3.763000e-03
9.545455e-01 3.414162e+00 3.608788e-03
9.772727e-01 3.394969e+00 3.536527e-03
1.000000e+00 3.376000e+00 3.468000e-03
1.045454e+00 3.338578e+00 3.337736e-03
1.068182e+00 3.320167e+00 3.276387e-03
1.090909e+00 3.302000e+00 3.218000e-03
1.136363e+00 3.266104e+00 3.106806e-03
1.159091e+00 3.248433e+00 3.054240e-03
1.181818e+00 3.231000e+00 3.004000e-03
1.227272e+00 3.196658e+00 2.907630e-03
1.250000e+00 3.179741e+00 2.861843e-03
1.272727e+00 3.163000e+00 2.818000e-03
1.318182e+00 3.129817e+00 2.734266e-03
1.340909e+00 3.113363e+00 2.694405e-03
1.363636e+00 3.097000e+00 2.656000e-03
1.409091e+00 3.064256e+00 2.581360e-03
1.431818e+00 3.048027e+00 2.545520e-03
1.454545e+00 3.032000e+00 2.511000e-03
1.500000e+00 3.000612e+00 2.444927e-03
1.522728e+00 2.985213e+00 2.413409e-03
1.545455e+00 2.970000e+00 2.383000e-03
1.590909e+00 2.939766e+00 2.323968e-03
1.613637e+00 2.924806e+00 2.295533e-03
1.636364e+00 2.910000e+00 2.268000e-03
1.727273e+00 2.851929e+00 2.163928e-03
1.772727e+00 2.823656e+00 2.115572e-03
1.818182e+00 2.796000e+00 2.070000e-03
1.931818e+00 2.729301e+00 1.963297e-03
1.988637e+00 2.696620e+00 1.914069e-03
2.017046e+00 2.680330e+00 1.890615e-03
2.045455e+00 2.664000e+00 1.868000e-03
2.159091e+00 2.597649e+00 1.781981e-03
2.215909e+00 2.563972e+00 1.741847e-03
2.244318e+00 2.547019e+00 1.722614e-03
2.272727e+00 2.530000e+00 1.704000e-03
2.386363e+00 2.460271e+00 1.632953e-03
2.443182e+00 2.425933e+00 1.599615e-03
2.471591e+00 2.409217e+00 1.583576e-03
2.500000e+00 2.393000e+00 1.568000e-03
2.613637e+00 2.333260e+00 1.508153e-03
2.670455e+00 2.305597e+00 1.479893e-03
2.698864e+00 2.292196e+00 1.466259e-03
2.727273e+00 2.279000e+00 1.453000e-03
2.840909e+00 2.225951e+00 1.402162e-03
2.897727e+00 2.199717e+00 1.378078e-03
2.926136e+00 2.186772e+00 1.366406e-03
2.954545e+00 2.174000e+00 1.355000e-03
3.068181e+00 2.124362e+00 1.310559e-03
3.125000e+00 2.100380e+00 1.289321e-03
3.153409e+00 2.088613e+00 1.279029e-03
3.181818e+00 2.077000e+00 1.269000e-03
3.295454e+00 2.031123e+00 1.230655e-03
3.352273e+00 2.008766e+00 1.212478e-03
3.380682e+00 1.997795e+00 1.203651e-03
3.409091e+00 1.987000e+00 1.195000e-03
3.522728e+00 1.945046e+00 1.161126e-03
3.579546e+00 1.924770e+00 1.144785e-03
3.607955e+00 1.914819e+00 1.136813e-03
3.636364e+00 1.905000e+00 1.129000e-03
3.863637e+00 1.828452e+00 1.070258e-03
3.977273e+00 1.791922e+00 1.043263e-03
4.034091e+00 1.774230e+00 1.030407e-03
4.090909e+00 1.757000e+00 1.018000e-03
4.318182e+00 1.691038e+00 9.705214e-04
4.431819e+00 1.659847e+00 9.482813e-04
4.488637e+00 1.644746e+00 9.376167e-04
4.545455e+00 1.630000e+00 9.273000e-04
4.772728e+00 1.572699e+00 8.880911e-04
4.886364e+00 1.545302e+00 8.697586e-04
4.943182e+00 1.531997e+00 8.609501e-04
5.000000e+00 1.519000e+00 8.524000e-04
5.227272e+00 1.468875e+00 8.195296e-04
5.340909e+00 1.444983e+00 8.039948e-04
5.397727e+00 1.433370e+00 7.964960e-04
5.454545e+00 1.422000e+00 7.892000e-04
5.681818e+00 1.377658e+00 7.611639e-04
5.795454e+00 1.356407e+00 7.478876e-04
5.852273e+00 1.346083e+00 7.414644e-04
5.909091e+00 1.336000e+00 7.352000e-04
6.136363e+00 1.297238e+00 7.109934e-04
6.250000e+00 1.278779e+00 6.994614e-04
6.306818e+00 1.269800e+00 6.938659e-04
6.363636e+00 1.261000e+00 6.884000e-04
6.818181e+00 1.193674e+00 6.473800e-04
7.045454e+00 1.162346e+00 6.286595e-04
7.159091e+00 1.147398e+00 6.197997e-04
7.215909e+00 1.140125e+00 6.155032e-04
7.272727e+00 1.133000e+00 6.113000e-04
7.727272e+00 1.078831e+00 5.792910e-04
7.954545e+00 1.053668e+00 5.644330e-04
8.068182e+00 1.041634e+00 5.573408e-04
8.125000e+00 1.035765e+00 5.538873e-04
8.181818e+00 1.030000e+00 5.505000e-04
8.636363e+00 9.856556e-01 5.245968e-04
8.863636e+00 9.648168e-01 5.125007e-04
8.977273e+00 9.548031e-01 5.067056e-04
9.034091e+00 9.499102e-01 5.038777e-04
9.090909e+00 9.451000e-01 5.011000e-04
9.545454e+00 9.081681e-01 4.797990e-04
9.772727e+00 8.907951e-01 4.697926e-04
9.886364e+00 8.824285e-01 4.649768e-04
1.000000e+01 8.743000e-01 4.603000e-04
1.045454e+01 8.430891e-01 4.423413e-04
1.068182e+01 8.283460e-01 4.338650e-04
1.079545e+01 8.212282e-01 4.297763e-04
1.090909e+01 8.143000e-01 4.258000e-04
1.136364e+01 7.876355e-01 4.105325e-04
1.159091e+01 7.749914e-01 4.033061e-04
1.170454e+01 7.688707e-01 3.998100e-04
1.181818e+01 7.629000e-01 3.964000e-04
1.227273e+01 7.398326e-01 3.832063e-04
1.250000e+01 7.288442e-01 3.769218e-04
1.261363e+01 7.235115e-01 3.738746e-04
1.272727e+01 7.183000e-01 3.709000e-04
1.318182e+01 6.981160e-01 3.594231e-04
1.340909e+01 6.884731e-01 3.539550e-04
1.352272e+01 6.837859e-01 3.512988e-04
1.363636e+01 6.792000e-01 3.487000e-04
1.409090e+01 6.614198e-01 3.386095e-04
1.431818e+01 6.529064e-01 3.337703e-04
1.443181e+01 6.487613e-01 3.314120e-04
1.454545e+01 6.447000e-01 3.291000e-04
1.500000e+01 6.289165e-01 3.200986e-04
1.522727e+01 6.213330e-01 3.157741e-04
1.534091e+01 6.176323e-01 3.136662e-04
1.545455e+01 6.140000e-01 3.116000e-04
1.590910e+01 5.998388e-01 3.035763e-04
1.613637e+01 5.930125e-01 2.997234e-04
1.625000e+01 5.896765e-01 2.978440e-04
1.636364e+01 5.864000e-01 2.960000e-04
1.727273e+01 5.614269e-01 2.819729e-04
1.772727e+01 5.497835e-01 2.754472e-04
1.795455e+01 5.442031e-01 2.723230e-04
1.818182e+01 5.388000e-01 2.693000e-04
1.931818e+01 5.132446e-01 2.550043e-04
1.988637e+01 5.014081e-01 2.483923e-04
2.017046e+01 4.957569e-01 2.452399e-04
2.031250e+01 4.930032e-01 2.437052e-04
2.045455e+01 4.903000e-01 2.422000e-04
2.159091e+01 4.695462e-01 2.306681e-04
2.215909e+01 4.598085e-01 2.252779e-04
2.244318e+01 4.551315e-01 2.226960e-04
2.272727e+01 4.506000e-01 2.202000e-04
2.386364e+01 4.333020e-01 2.107232e-04
2.443182e+01 4.251885e-01 2.062944e-04
2.471591e+01 4.212869e-01 2.041663e-04
2.500000e+01 4.175000e-01 2.021000e-04
2.613636e+01 4.029671e-01 1.941422e-04
2.670455e+01 3.961143e-01 1.903797e-04
2.698864e+01 3.928109e-01 1.885645e-04
2.727273e+01 3.896000e-01 1.868000e-04
2.840909e+01 3.773065e-01 1.800434e-04
2.897727e+01 3.714842e-01 1.768508e-04
2.926136e+01 3.686611e-01 1.753066e-04
2.954545e+01 3.659000e-01 1.738000e-04
3.068182e+01 3.551363e-01 1.679562e-04
3.125000e+01 3.499712e-01 1.651693e-04
3.153409e+01 3.474581e-01 1.638181e-04
3.181818e+01 3.450000e-01 1.625000e-04
3.295455e+01 3.355049e-01 1.574308e-04
3.352273e+01 3.309699e-01 1.550192e-04
3.380682e+01 3.287629e-01 1.538474e-04
3.409091e+01 3.266000e-01 1.527000e-04
3.522727e+01 3.181671e-01 1.482256e-04
3.579546e+01 3.141124e-01 1.460747e-04
3.607955e+01 3.121361e-01 1.450265e-04
3.636364e+01 3.102000e-01 1.440000e-04
3.863636e+01 2.956121e-01 1.362688e-04
3.977273e+01 2.888938e-01 1.327167e-04
4.034091e+01 2.856916e-01 1.310274e-04
4.062500e+01 2.841316e-01 1.302057e-04
4.090909e+01 2.826000e-01 1.294000e-04
4.318182e+01 2.708003e-01 1.232237e-04
4.431818e+01 2.652502e-01 1.203314e-04
4.488637e+01 2.625833e-01 1.189437e-04
4.545455e+01 2.600000e-01 1.176000e-04
4.772727e+01 2.501677e-01 1.124710e-04
4.886364e+01 2.455636e-01 1.100695e-04
4.943182e+01 2.433498e-01 1.089168e-04
5.000000e+01 2.412000e-01 1.078000e-04
5.227273e+01 2.329327e-01 1.035390e-04
5.340909e+01 2.290239e-01 1.015358e-04
5.397727e+01 2.271366e-01 1.005700e-04
5.454545e+01 2.253000e-01 9.963000e-05
5.681818e+01 2.182409e-01 9.600124e-05
5.795454e+01 2.148968e-01 9.427769e-05
5.852273e+01 2.132786e-01 9.344338e-05
5.909091e+01 2.117000e-01 9.263000e-05
6.136364e+01 2.055989e-01 8.949557e-05
6.250000e+01 2.026909e-01 8.800628e-05
6.306818e+01 2.012793e-01 8.728453e-05
6.363636e+01 1.999000e-01 8.658000e-05
6.818182e+01 1.895397e-01 8.129844e-05
7.045454e+01 1.848023e-01 7.889092e-05
7.159091e+01 1.825570e-01 7.775214e-05
7.215909e+01 1.814671e-01 7.720005e-05
7.272727e+01 1.804000e-01 7.666000e-05
7.727273e+01 1.722453e-01 7.254657e-05
7.954545e+01 1.684531e-01 7.063806e-05
8.068182e+01 1.666435e-01 6.972760e-05
8.125000e+01 1.657629e-01 6.928446e-05
8.181818e+01 1.649000e-01 6.885000e-05
8.636364e+01 1.583358e-01 6.553341e-05
8.863636e+01 1.552807e-01 6.398693e-05
8.977273e+01 1.538171e-01 6.324633e-05
9.090909e+01 1.524000e-01 6.253000e-05
9.545454e+01 1.469745e-01 5.979897e-05
9.772727e+01 1.444224e-01 5.852013e-05
9.886364e+01 1.431935e-01 5.790580e-05
1.000000e+02 1.420000e-01 5.731000e-05
1.045455e+02 1.374186e-01 5.502817e-05
1.068182e+02 1.352568e-01 5.395295e-05
1.079545e+02 1.342141e-01 5.343442e-05
1.090909e+02 1.332000e-01 5.293000e-05
1.136363e+02 1.293053e-01 5.098859e-05
1.159091e+02 1.274617e-01 5.006867e-05
1.170454e+02 1.265698e-01 4.962371e-05
1.181818e+02 1.257000e-01 4.919000e-05
1.227272e+02 1.223328e-01 4.751727e-05
1.250000e+02 1.207310e-01 4.672202e-05
1.261363e+02 1.199556e-01 4.633649e-05
1.272727e+02 1.192000e-01 4.596000e-05
1.318182e+02 1.163023e-01 4.450309e-05
1.340909e+02 1.149253e-01 4.380788e-05
1.352272e+02 1.142560e-01 4.347019e-05
1.363636e+02 1.136000e-01 4.314000e-05
1.409090e+02 1.110299e-01 4.186088e-05
1.431818e+02 1.097923e-01 4.124912e-05
1.443181e+02 1.091896e-01 4.095148e-05
1.454545e+02 1.086000e-01 4.066000e-05
1.500000e+02 1.063320e-01 3.952740e-05
1.522728e+02 1.052485e-01 3.898411e-05
1.545455e+02 1.042000e-01 3.846000e-05
1.590910e+02 1.021495e-01 3.745068e-05
1.613637e+02 1.011587e-01 3.696715e-05
1.636364e+02 1.002000e-01 3.650000e-05
1.727273e+02 9.661446e-02 3.472880e-05
1.772728e+02 9.496537e-02 3.390508e-05
1.795455e+02 9.417929e-02 3.351100e-05
1.818182e+02 9.342000e-02 3.313000e-05
1.931818e+02 8.981881e-02 3.133337e-05
1.988637e+02 8.815087e-02 3.050476e-05
2.017046e+02 8.735588e-02 3.011020e-05
2.045455e+02 8.659000e-02 2.973000e-05
2.159091e+02 8.369081e-02 2.828528e-05
2.215909e+02 8.234498e-02 2.761270e-05
2.244318e+02 8.170167e-02 2.729095e-05
2.272727e+02 8.108000e-02 2.698000e-05
2.386363e+02 7.870929e-02 2.579749e-05
2.443182e+02 7.759948e-02 2.524419e-05
2.471591e+02 7.706658e-02 2.497823e-05
2.500000e+02 7.655000e-02 2.472000e-05
2.613637e+02 7.457283e-02 2.372609e-05
2.670455e+02 7.364286e-02 2.325651e-05
2.698864e+02 7.319503e-02 2.303006e-05
2.727273e+02 7.276000e-02 2.281000e-05
2.840909e+02 7.109063e-02 2.196735e-05
2.897727e+02 7.030196e-02 2.156957e-05
2.926136e+02 6.992102e-02 2.137736e-05
2.954545e+02 6.955000e-02 2.119000e-05
3.068182e+02 6.811905e-02 2.046555e-05
3.125000e+02 6.743966e-02 2.012058e-05
3.181818e+02 6.679000e-02 1.979000e-05
3.295455e+02 6.555017e-02 1.915783e-05
3.352273e+02 6.496263e-02 1.885772e-05
3.409091e+02 6.440000e-02 1.857000e-05
3.522727e+02 6.331944e-02 1.801754e-05
3.579546e+02 6.280454e-02 1.775387e-05
3.636364e+02 6.231000e-02 1.750000e-05
3.863637e+02 6.046083e-02 1.654283e-05
3.977273e+02 5.961535e-02 1.610166e-05
4.034091e+02 5.921472e-02 1.589186e-05
4.090909e+02 5.883000e-02 1.569000e-05
4.318182e+02 5.737485e-02 1.492717e-05
4.431818e+02 5.670113e-02 1.457315e-05
4.488637e+02 5.637983e-02 1.440381e-05
4.545455e+02 5.607000e-02 1.424000e-05
4.772727e+02 5.489301e-02 1.361333e-05
4.886364e+02 5.434522e-02 1.331897e-05
5.000000e+02 5.383000e-02 1.304000e-05
5.227273e+02 5.286364e-02 1.251239e-05
5.340909e+02 5.241419e-02 1.226495e-05
5.454545e+02 5.199000e-02 1.203000e-05
5.681818e+02 5.118540e-02 1.158253e-05
5.795455e+02 5.080788e-02 1.137133e-05
5.909091e+02 5.045000e-02 1.117000e-05
6.136363e+02 4.977154e-02 1.078595e-05
6.250000e+02 4.945277e-02 1.060404e-05
6.363636e+02 4.915000e-02 1.043000e-05
6.818182e+02 4.803919e-02 9.781851e-06
7.045454e+02 4.754290e-02 9.486936e-06
7.272727e+02 4.709000e-02 9.214000e-06
7.727272e+02 4.625918e-02 8.708220e-06
7.954545e+02 4.588417e-02 8.476301e-06
8.181818e+02 4.554000e-02 8.260000e-06
9.090909e+02 4.436000e-02 7.491000e-06
