3.571429e-03 1.535000e+00 1.199000e+00
3.928571e-03 1.593000e+00 1.156000e+00
4.107142e-03 1.618625e+00 1.136050e+00
4.196428e-03 1.630588e+00 1.126425e+00
4.285714e-03 1.642000e+00 1.117000e+00
4.464285e-03 1.664206e+00 1.098163e+00
4.553571e-03 1.674830e+00 1.088945e+00
4.642857e-03 1.685000e+00 1.080000e+00
4.821429e-03 1.704147e+00 1.063090e+00
4.910714e-03 1.713221e+00 1.054974e+00
5.000000e-03 1.722000e+00 1.047000e+00
5.178571e-03 1.739327e+00 1.030826e+00
5.357143e-03 1.756000e+00 1.015000e+00
5.535715e-03 1.771876e+00 1.000106e+00
5.714286e-03 1.787000e+00 9.860000e-01
5.892857e-03 1.801764e+00 9.721874e-01
6.071429e-03 1.816000e+00 9.588000e-01
6.250000e-03 1.829706e+00 9.457690e-01
6.428571e-03 1.843000e+00 9.332000e-01
6.785714e-03 1.869194e+00 9.091110e-01
6.964286e-03 1.882138e+00 8.976360e-01
7.142857e-03 1.895000e+00 8.866000e-01
7.589285e-03 1.926857e+00 8.601625e-01
7.812500e-03 1.942839e+00 8.476177e-01
8.035714e-03 1.959000e+00 8.356000e-01
8.482142e-03 1.992018e+00 8.125411e-01
8.705357e-03 2.008881e+00 8.015568e-01
8.928571e-03 2.026000e+00 7.910000e-01
9.375000e-03 2.060497e+00 7.706716e-01
9.598215e-03 2.078069e+00 7.609565e-01
9.821429e-03 2.096000e+00 7.516000e-01
1.026786e-02 2.132778e+00 7.335718e-01
1.049107e-02 2.151684e+00 7.249376e-01
1.071429e-02 2.171000e+00 7.166000e-01
1.116071e-02 2.210408e+00 7.004687e-01
1.138393e-02 2.230539e+00 6.927118e-01
1.160714e-02 2.251000e+00 6.852000e-01
1.205357e-02 2.292418e+00 6.706253e-01
1.227679e-02 2.313521e+00 6.636039e-01
1.250000e-02 2.335000e+00 6.568000e-01
1.294643e-02 2.378990e+00 6.436231e-01
1.316965e-02 2.401388e+00 6.372704e-01
1.339286e-02 2.424000e+00 6.311000e-01
1.383928e-02 2.469205e+00 6.190793e-01
1.406250e-02 2.491981e+00 6.132602e-01
1.428571e-02 2.515000e+00 6.076000e-01
1.517857e-02 2.609787e+00 5.860025e-01
1.562500e-02 2.658503e+00 5.758521e-01
1.584821e-02 2.683162e+00 5.709598e-01
1.607143e-02 2.708000e+00 5.662000e-01
1.696429e-02 2.807826e+00 5.478421e-01
1.741071e-02 2.858189e+00 5.391286e-01
1.763393e-02 2.883529e+00 5.349114e-01
1.785714e-02 2.909000e+00 5.308000e-01
1.875000e-02 3.011870e+00 5.149610e-01
1.919643e-02 3.063790e+00 5.074285e-01
1.941964e-02 3.089861e+00 5.037734e-01
1.964286e-02 3.116000e+00 5.002000e-01
2.053572e-02 3.220757e+00 4.863252e-01
2.098214e-02 3.273302e+00 4.796859e-01
2.120536e-02 3.299629e+00 4.764577e-01
2.142857e-02 3.326000e+00 4.733000e-01
2.232143e-02 3.431913e+00 4.610780e-01
2.276786e-02 3.484971e+00 4.552330e-01
2.299107e-02 3.511496e+00 4.523878e-01
2.321429e-02 3.538000e+00 4.496000e-01
2.410714e-02 3.643729e+00 4.387571e-01
2.455357e-02 3.696427e+00 4.335431e-01
2.477679e-02 3.722730e+00 4.309980e-01
2.500000e-02 3.749000e+00 4.285000e-01
2.678572e-02 3.959137e+00 4.094805e-01
2.767857e-02 4.063540e+00 4.006312e-01
2.812500e-02 4.115423e+00 3.963961e-01
2.834822e-02 4.141256e+00 3.943299e-01
2.857143e-02 4.167000e+00 3.923000e-01
3.035715e-02 4.371086e+00 3.766933e-01
3.125000e-02 4.471672e+00 3.693543e-01
3.169643e-02 4.521512e+00 3.658243e-01
3.191965e-02 4.546303e+00 3.640981e-01
3.214286e-02 4.571000e+00 3.624000e-01
3.392858e-02 4.767197e+00 3.493371e-01
3.482143e-02 4.863838e+00 3.431720e-01
3.526786e-02 4.911638e+00 3.401963e-01
3.571429e-02 4.959000e+00 3.373000e-01
3.750000e-02 5.145645e+00 3.261452e-01
3.839286e-02 5.237089e+00 3.208555e-01
3.883928e-02 5.282254e+00 3.182958e-01
3.928571e-02 5.327000e+00 3.158000e-01
4.107143e-02 5.503992e+00 3.061731e-01
4.196428e-02 5.590794e+00 3.015930e-01
4.241071e-02 5.633628e+00 2.993711e-01
4.285714e-02 5.676000e+00 2.972000e-01
4.464286e-02 5.842657e+00 2.887883e-01
4.553571e-02 5.924097e+00 2.847678e-01
4.598214e-02 5.964258e+00 2.828130e-01
4.642857e-02 6.004000e+00 2.809000e-01
4.821429e-02 6.160870e+00 2.734850e-01
4.910714e-02 6.237670e+00 2.699313e-01
4.955357e-02 6.275544e+00 2.681991e-01
5.000000e-02 6.313000e+00 2.665000e-01
5.178572e-02 6.460353e+00 2.598706e-01
5.267857e-02 6.532361e+00 2.566806e-01
5.312500e-02 6.567868e+00 2.551249e-01
5.357143e-02 6.603000e+00 2.536000e-01
5.535714e-02 6.741688e+00 2.476872e-01
5.625000e-02 6.809534e+00 2.448481e-01
5.714286e-02 6.876000e+00 2.421000e-01
5.892857e-02 7.005733e+00 2.367634e-01
5.982143e-02 7.068964e+00 2.341917e-01
6.071429e-02 7.131000e+00 2.317000e-01
6.250000e-02 7.253341e+00 2.268799e-01
6.339285e-02 7.313253e+00 2.245568e-01
6.428571e-02 7.372000e+00 2.223000e-01
6.785714e-02 7.598373e+00 2.136449e-01
6.964286e-02 7.706233e+00 2.095689e-01
7.053571e-02 7.758662e+00 2.076060e-01
7.142857e-02 7.810000e+00 2.057000e-01
7.589285e-02 8.058507e+00 1.966644e-01
7.812500e-02 8.176790e+00 1.924616e-01
7.924107e-02 8.234099e+00 1.904487e-01
8.035714e-02 8.290000e+00 1.885000e-01
8.482143e-02 8.505318e+00 1.810397e-01
8.705357e-02 8.607717e+00 1.775306e-01
8.816964e-02 8.657410e+00 1.758411e-01
8.928571e-02 8.706000e+00 1.742000e-01
9.375000e-02 8.894714e+00 1.678999e-01
9.598214e-02 8.985061e+00 1.649274e-01
9.821429e-02 9.072000e+00 1.621000e-01
1.026786e-01 9.238782e+00 1.567426e-01
1.049107e-01 9.318350e+00 1.542158e-01
1.071429e-01 9.395000e+00 1.518000e-01
1.116072e-01 9.543137e+00 1.471484e-01
1.138393e-01 9.614250e+00 1.449300e-01
1.160714e-01 9.683000e+00 1.428000e-01
1.205357e-01 9.815813e+00 1.387163e-01
1.227678e-01 9.879798e+00 1.367709e-01
1.250000e-01 9.942000e+00 1.349000e-01
1.294643e-01 1.006410e+01 1.312958e-01
1.316965e-01 1.012309e+01 1.295689e-01
1.339286e-01 1.018000e+01 1.279000e-01
1.383929e-01 1.028817e+01 1.246595e-01
1.428571e-01 1.039000e+01 1.216000e-01
1.517857e-01 1.058654e+01 1.159827e-01
1.562500e-01 1.068024e+01 1.134111e-01
1.607143e-01 1.077000e+01 1.110000e-01
1.696429e-01 1.094175e+01 1.064088e-01
1.741071e-01 1.102287e+01 1.042491e-01
1.785714e-01 1.110000e+01 1.022000e-01
1.875000e-01 1.124544e+01 9.831983e-02
1.919643e-01 1.131407e+01 9.649892e-02
1.964286e-01 1.138000e+01 9.477000e-02
2.053571e-01 1.150859e+01 9.148179e-02
2.098214e-01 1.157044e+01 8.993023e-02
2.142857e-01 1.163000e+01 8.845000e-02
2.232143e-01 1.174353e+01 8.561988e-02
2.321429e-01 1.185000e+01 8.299000e-02
2.410715e-01 1.195275e+01 8.051179e-02
2.500000e-01 1.205000e+01 7.821000e-02
2.678571e-01 1.222988e+01 7.397535e-02
2.767857e-01 1.231253e+01 7.204497e-02
2.857143e-01 1.239000e+01 7.025000e-02
3.035714e-01 1.253623e+01 6.688814e-02
3.125000e-01 1.260481e+01 6.533133e-02
3.214286e-01 1.267000e+01 6.387000e-02
3.392857e-01 1.279572e+01 6.112559e-02
3.571429e-01 1.291000e+01 5.864000e-02
3.750000e-01 1.301031e+01 5.634056e-02
3.928571e-01 1.310000e+01 5.425000e-02
4.107143e-01 1.318801e+01 5.230409e-02
4.285714e-01 1.327000e+01 5.052000e-02
4.464286e-01 1.334382e+01 4.884575e-02
4.642857e-01 1.341000e+01 4.730000e-02
5.000000e-01 1.353000e+01 4.450000e-02
5.357143e-01 1.363000e+01 4.203000e-02
5.714286e-01 1.371000e+01 3.985000e-02
6.071429e-01 1.378000e+01 3.789000e-02
6.428571e-01 1.384000e+01 3.613000e-02
7.142857e-01 1.392000e+01 3.309000e-02
8.035714e-01 1.398000e+01 2.998000e-02
8.928571e-01 1.400000e+01 2.744000e-02
9.821429e-01 1.398000e+01 2.533000e-02
1.071429e+00 1.395000e+01 2.353000e-02
1.160714e+00 1.389000e+01 2.199000e-02
1.250000e+00 1.382000e+01 2.065000e-02
1.339286e+00 1.374000e+01 1.947000e-02
1.428571e+00 1.365000e+01 1.843000e-02
1.517857e+00 1.355341e+01 1.749545e-02
1.607143e+00 1.345000e+01 1.667000e-02
1.696429e+00 1.334135e+01 1.591207e-02
1.785714e+00 1.323000e+01 1.523000e-02
1.875000e+00 1.312109e+01 1.460026e-02
1.964286e+00 1.301000e+01 1.403000e-02
2.053571e+00 1.289728e+01 1.350211e-02
2.142857e+00 1.277000e+01 1.302000e-02
2.232143e+00 1.261669e+01 1.256718e-02
2.276786e+00 1.253411e+01 1.235362e-02
2.321429e+00 1.245000e+01 1.215000e-02
2.410715e+00 1.228559e+01 1.176134e-02
2.455357e+00 1.220636e+01 1.157690e-02
2.500000e+00 1.213000e+01 1.140000e-02
2.678572e+00 1.185128e+01 1.073613e-02
2.767857e+00 1.172309e+01 1.043210e-02
2.812500e+00 1.166109e+01 1.028810e-02
2.857143e+00 1.160000e+01 1.015000e-02
3.035715e+00 1.135401e+01 9.630823e-03
3.125000e+00 1.123140e+01 9.391350e-03
3.169643e+00 1.117048e+01 9.277186e-03
3.214286e+00 1.111000e+01 9.167000e-03
3.392857e+00 1.087071e+01 8.746436e-03
3.482143e+00 1.075388e+01 8.549691e-03
3.526786e+00 1.069650e+01 8.455336e-03
3.571429e+00 1.064000e+01 8.364000e-03
3.750000e+00 1.041973e+01 8.015869e-03
3.839285e+00 1.031336e+01 7.852688e-03
3.883928e+00 1.026127e+01 7.774207e-03
3.928571e+00 1.021000e+01 7.698000e-03
4.107143e+00 1.000962e+01 7.405251e-03
4.196428e+00 9.912255e+00 7.266885e-03
4.285714e+00 9.817000e+00 7.135000e-03
4.464285e+00 9.629747e+00 6.883870e-03
4.553571e+00 9.538367e+00 6.765246e-03
4.642857e+00 9.449000e+00 6.652000e-03
4.821428e+00 9.274504e+00 6.435377e-03
4.910714e+00 9.189742e+00 6.332547e-03
5.000000e+00 9.107000e+00 6.234000e-03
5.178572e+00 8.945379e+00 6.044789e-03
5.267857e+00 8.866795e+00 5.954634e-03
5.357143e+00 8.790000e+00 5.868000e-03
5.535715e+00 8.639665e+00 5.701308e-03
5.625000e+00 8.566495e+00 5.621681e-03
5.714286e+00 8.495000e+00 5.545000e-03
5.892857e+00 8.355440e+00 5.397222e-03
5.982143e+00 8.287512e+00 5.326414e-03
6.071429e+00 8.221000e+00 5.258000e-03
6.250000e+00 8.090284e+00 5.125437e-03
6.339285e+00 8.026462e+00 5.061678e-03
6.428571e+00 7.964000e+00 5.000000e-03
6.785714e+00 7.723743e+00 4.766983e-03
6.964286e+00 7.609572e+00 4.658823e-03
7.053571e+00 7.554173e+00 4.607072e-03
7.142857e+00 7.500000e+00 4.557000e-03
7.589286e+00 7.238578e+00 4.319781e-03
7.812500e+00 7.114526e+00 4.209917e-03
7.924107e+00 7.054503e+00 4.157521e-03
8.035714e+00 6.996000e+00 4.107000e-03
8.482143e+00 6.770575e+00 3.915359e-03
8.705357e+00 6.663513e+00 3.826120e-03
8.816964e+00 6.611639e+00 3.783376e-03
8.928571e+00 6.561000e+00 3.742000e-03
9.375000e+00 6.365132e+00 3.583749e-03
9.598215e+00 6.271714e+00 3.509430e-03
9.709822e+00 6.226350e+00 3.473686e-03
9.821429e+00 6.182000e+00 3.439000e-03
1.026786e+01 6.010266e+00 3.306228e-03
1.049107e+01 5.928131e+00 3.243632e-03
1.060268e+01 5.888158e+00 3.213419e-03
1.071429e+01 5.849000e+00 3.184000e-03
1.116071e+01 5.696698e+00 3.070443e-03
1.138393e+01 5.623575e+00 3.016525e-03
1.149553e+01 5.587935e+00 2.990432e-03
1.160714e+01 5.553000e+00 2.965000e-03
1.205357e+01 5.417299e+00 2.867061e-03
1.227679e+01 5.352091e+00 2.820551e-03
1.238839e+01 5.320259e+00 2.798011e-03
1.250000e+01 5.289000e+00 2.776000e-03
1.294643e+01 5.166955e+00 2.690828e-03
1.316964e+01 5.108068e+00 2.650144e-03
1.328125e+01 5.079281e+00 2.630363e-03
1.339286e+01 5.051000e+00 2.611000e-03
1.383929e+01 4.940782e+00 2.535802e-03
1.406250e+01 4.887603e+00 2.499753e-03
1.417410e+01 4.861585e+00 2.482196e-03
1.428571e+01 4.836000e+00 2.465000e-03
1.517857e+01 4.639971e+00 2.334985e-03
1.562500e+01 4.548045e+00 2.275042e-03
1.584821e+01 4.503861e+00 2.246502e-03
1.607143e+01 4.461000e+00 2.219000e-03
1.696429e+01 4.297001e+00 2.114552e-03
1.741071e+01 4.219682e+00 2.065880e-03
1.763393e+01 4.182355e+00 2.042565e-03
1.785714e+01 4.146000e+00 2.020000e-03
1.875000e+01 4.005483e+00 1.933794e-03
1.919643e+01 3.938739e+00 1.893338e-03
1.941964e+01 3.906451e+00 1.873882e-03
1.964286e+01 3.875000e+00 1.855000e-03
2.053571e+01 3.754125e+00 1.782632e-03
2.098214e+01 3.696830e+00 1.748500e-03
2.120536e+01 3.669084e+00 1.732029e-03
2.142857e+01 3.642000e+00 1.716000e-03
2.232143e+01 3.537113e+00 1.654205e-03
2.276786e+01 3.487058e+00 1.624925e-03
2.299107e+01 3.462754e+00 1.610775e-03
2.321429e+01 3.439000e+00 1.597000e-03
2.410714e+01 3.347033e+00 1.544114e-03
2.455357e+01 3.303141e+00 1.519032e-03
2.477679e+01 3.281828e+00 1.506876e-03
2.500000e+01 3.261000e+00 1.495000e-03
2.678571e+01 3.105131e+00 1.405323e-03
2.767857e+01 3.033757e+00 1.364190e-03
2.812500e+01 2.999791e+00 1.344698e-03
2.834822e+01 2.983248e+00 1.335245e-03
2.857143e+01 2.967000e+00 1.326000e-03
3.035714e+01 2.841742e+00 1.255856e-03
3.125000e+01 2.782497e+00 1.223401e-03
3.169643e+01 2.753874e+00 1.207925e-03
3.191965e+01 2.739838e+00 1.200390e-03
3.214286e+01 2.726000e+00 1.193000e-03
3.392857e+01 2.618821e+00 1.136434e-03
3.482143e+01 2.567830e+00 1.109977e-03
3.526786e+01 2.543118e+00 1.097287e-03
3.571429e+01 2.519000e+00 1.085000e-03
3.750000e+01 2.425598e+00 1.038086e-03
3.839285e+01 2.381251e+00 1.016100e-03
3.883928e+01 2.359828e+00 1.005539e-03
3.928571e+01 2.339000e+00 9.953000e-04
4.107143e+01 2.259295e+00 9.561531e-04
4.196428e+01 2.221743e+00 9.377277e-04
4.241071e+01 2.203629e+00 9.288435e-04
4.285714e+01 2.186000e+00 9.202000e-04
4.464285e+01 2.118152e+00 8.868885e-04
4.553571e+01 2.085917e+00 8.710908e-04
4.598214e+01 2.070282e+00 8.634484e-04
4.642857e+01 2.055000e+00 8.560000e-04
4.821429e+01 1.995660e+00 8.273069e-04
4.910714e+01 1.967277e+00 8.136713e-04
4.955357e+01 1.953485e+00 8.070595e-04
5.000000e+01 1.940000e+00 8.006000e-04
5.178571e+01 1.887830e+00 7.755576e-04
5.267857e+01 1.862931e+00 7.635941e-04
5.312500e+01 1.850833e+00 7.577821e-04
5.357143e+01 1.839000e+00 7.521000e-04
5.535715e+01 1.793176e+00 7.301229e-04
5.625000e+01 1.771217e+00 7.196192e-04
5.669643e+01 1.760509e+00 7.145078e-04
5.714286e+01 1.750000e+00 7.095000e-04
5.892857e+01 1.708900e+00 6.900116e-04
5.982143e+01 1.689104e+00 6.806465e-04
6.026786e+01 1.679453e+00 6.760792e-04
6.071429e+01 1.670000e+00 6.716000e-04
6.250000e+01 1.633469e+00 6.541800e-04
6.339285e+01 1.615956e+00 6.458030e-04
6.383928e+01 1.607405e+00 6.417138e-04
6.428571e+01 1.599000e+00 6.377000e-04
6.785714e+01 1.534212e+00 6.071234e-04
6.964285e+01 1.503757e+00 5.928930e-04
7.053571e+01 1.489140e+00 5.860834e-04
7.142857e+01 1.475000e+00 5.795000e-04
7.589285e+01 1.408808e+00 5.484807e-04
7.812500e+01 1.378420e+00 5.341783e-04
7.924107e+01 1.363956e+00 5.273666e-04
7.979910e+01 1.356913e+00 5.240515e-04
8.035714e+01 1.350000e+00 5.208000e-04
8.482143e+01 1.296753e+00 4.958695e-04
8.705357e+01 1.271704e+00 4.842028e-04
8.816964e+01 1.259665e+00 4.786099e-04
8.928571e+01 1.248000e+00 4.732000e-04
9.375000e+01 1.203568e+00 4.526212e-04
9.598215e+01 1.182746e+00 4.430005e-04
9.709822e+01 1.172729e+00 4.383807e-04
9.821429e+01 1.163000e+00 4.339000e-04
1.026786e+02 1.125535e+00 4.167186e-04
1.049107e+02 1.107831e+00 4.086141e-04
1.060268e+02 1.099295e+00 4.047041e-04
1.071429e+02 1.091000e+00 4.009000e-04
1.116071e+02 1.059307e+00 3.862634e-04
1.138393e+02 1.044334e+00 3.793275e-04
1.149553e+02 1.037084e+00 3.759718e-04
1.160714e+02 1.030000e+00 3.727000e-04
1.205357e+02 1.002388e+00 3.600629e-04
1.227678e+02 9.891718e-01 3.540533e-04
1.238839e+02 9.827579e-01 3.511414e-04
1.250000e+02 9.765000e-01 3.483000e-04
1.294643e+02 9.524626e-01 3.373382e-04
1.316964e+02 9.410512e-01 3.321167e-04
1.328125e+02 9.355149e-01 3.295808e-04
1.339286e+02 9.301000e-01 3.271000e-04
1.383929e+02 9.090435e-01 3.174675e-04
1.406250e+02 8.989405e-01 3.128505e-04
1.417410e+02 8.940196e-01 3.106021e-04
1.428571e+02 8.892000e-01 3.084000e-04
1.517857e+02 8.528159e-01 2.917467e-04
1.562500e+02 8.360611e-01 2.840711e-04
1.584821e+02 8.280858e-01 2.804182e-04
1.607143e+02 8.204000e-01 2.769000e-04
1.696429e+02 7.911621e-01 2.635561e-04
1.741071e+02 7.775329e-01 2.573470e-04
1.763393e+02 7.710084e-01 2.543749e-04
1.785714e+02 7.647000e-01 2.515000e-04
1.875000e+02 7.406741e-01 2.405255e-04
1.919643e+02 7.294333e-01 2.353779e-04
1.941964e+02 7.240350e-01 2.329025e-04
1.964286e+02 7.188000e-01 2.305000e-04
2.053571e+02 6.987407e-01 2.212780e-04
2.098214e+02 6.892886e-01 2.169305e-04
2.120536e+02 6.847314e-01 2.148355e-04
2.142857e+02 6.803000e-01 2.128000e-04
2.232143e+02 6.632576e-01 2.050022e-04
2.276786e+02 6.551930e-01 2.013182e-04
2.299108e+02 6.512958e-01 1.995370e-04
2.321429e+02 6.475000e-01 1.978000e-04
2.410714e+02 6.328820e-01 1.910775e-04
2.455357e+02 6.259420e-01 1.878727e-04
2.477679e+02 6.225803e-01 1.863180e-04
2.500000e+02 6.193000e-01 1.848000e-04
2.678571e+02 5.947185e-01 1.734486e-04
2.767857e+02 5.835350e-01 1.682842e-04
2.812500e+02 5.782548e-01 1.658424e-04
2.857143e+02 5.732000e-01 1.635000e-04
3.035715e+02 5.541899e-01 1.546340e-04
3.125000e+02 5.454478e-01 1.505331e-04
3.169643e+02 5.412944e-01 1.485802e-04
3.214286e+02 5.373000e-01 1.467000e-04
3.571429e+02 5.086000e-01 1.332000e-04
