2.500000e-03 2.310000e-01 4.434000e-02
2.750000e-03 2.421000e-01 4.246000e-02
2.875000e-03 2.474175e-01 4.158450e-02
2.937500e-03 2.500238e-01 4.116543e-02
2.968750e-03 2.513153e-01 4.096094e-02
3.000000e-03 2.526000e-01 4.076000e-02
3.125000e-03 2.577110e-01 3.997347e-02
3.187500e-03 2.602567e-01 3.959191e-02
3.250000e-03 2.628000e-01 3.922000e-02
3.375000e-03 2.679029e-01 3.849342e-02
3.437500e-03 2.704542e-01 3.814164e-02
3.500000e-03 2.730000e-01 3.780000e-02
3.625000e-03 2.780541e-01 3.713981e-02
3.687500e-03 2.805751e-01 3.682097e-02
3.750000e-03 2.831000e-01 3.651000e-02
3.875000e-03 2.881875e-01 3.589889e-02
3.937500e-03 2.907423e-01 3.560098e-02
4.000000e-03 2.933000e-01 3.531000e-02
4.125000e-03 2.983976e-01 3.474326e-02
4.187500e-03 3.009461e-01 3.446833e-02
4.250000e-03 3.035000e-01 3.420000e-02
4.375000e-03 3.086407e-01 3.367518e-02
4.437500e-03 3.112197e-01 3.341973e-02
4.500000e-03 3.138000e-01 3.317000e-02
4.750000e-03 3.240838e-01 3.220682e-02
4.875000e-03 3.292015e-01 3.174884e-02
4.937500e-03 3.317534e-01 3.152681e-02
5.000000e-03 3.343000e-01 3.131000e-02
5.312500e-03 3.470086e-01 3.027017e-02
5.468750e-03 3.533257e-01 2.977894e-02
5.546875e-03 3.564694e-01 2.954149e-02
5.625000e-03 3.596000e-01 2.931000e-02
5.937500e-03 3.720454e-01 2.841438e-02
6.093750e-03 3.782031e-01 2.798807e-02
6.171875e-03 3.812604e-01 2.778150e-02
6.250000e-03 3.843000e-01 2.758000e-02
6.562500e-03 3.963438e-01 2.680429e-02
6.718750e-03 4.022973e-01 2.643505e-02
6.796875e-03 4.052553e-01 2.625565e-02
6.875000e-03 4.082000e-01 2.608000e-02
7.187500e-03 4.199331e-01 2.539564e-02
7.343750e-03 4.257456e-01 2.506694e-02
7.421875e-03 4.286316e-01 2.490682e-02
7.500000e-03 4.315000e-01 2.475000e-02
7.812500e-03 4.428539e-01 2.414248e-02
7.968750e-03 4.484560e-01 2.385131e-02
8.046875e-03 4.512357e-01 2.370933e-02
8.125000e-03 4.540000e-01 2.357000e-02
8.437500e-03 4.649794e-01 2.302587e-02
8.593750e-03 4.704134e-01 2.276363e-02
8.671875e-03 4.731133e-01 2.263561e-02
8.750000e-03 4.758000e-01 2.251000e-02
9.062500e-03 4.864764e-01 2.202260e-02
9.218750e-03 4.917616e-01 2.178793e-02
9.296875e-03 4.943874e-01 2.167308e-02
9.375000e-03 4.970000e-01 2.156000e-02
9.687500e-03 5.073789e-01 2.111549e-02
9.843750e-03 5.125138e-01 2.089972e-02
1.000000e-02 5.176000e-01 2.069000e-02
1.062500e-02 5.375927e-01 1.989794e-02
1.093750e-02 5.473762e-01 1.952911e-02
1.109375e-02 5.522091e-01 1.935201e-02
1.125000e-02 5.570000e-01 1.918000e-02
1.187500e-02 5.759776e-01 1.851594e-02
1.218750e-02 5.853113e-01 1.820082e-02
1.234375e-02 5.899265e-01 1.804843e-02
1.250000e-02 5.945000e-01 1.790000e-02
1.312500e-02 6.125327e-01 1.732892e-02
1.343750e-02 6.213820e-01 1.705838e-02
1.359375e-02 6.257587e-01 1.692754e-02
1.375000e-02 6.301000e-01 1.680000e-02
1.437500e-02 6.472965e-01 1.630867e-02
1.468750e-02 6.557598e-01 1.607478e-02
1.484375e-02 6.599475e-01 1.596118e-02
1.500000e-02 6.641000e-01 1.585000e-02
1.562500e-02 6.804974e-01 1.541778e-02
1.593750e-02 6.885554e-01 1.521029e-02
1.609375e-02 6.925432e-01 1.510916e-02
1.625000e-02 6.965000e-01 1.501000e-02
1.687500e-02 7.121713e-01 1.462401e-02
1.718750e-02 7.198885e-01 1.443869e-02
1.734375e-02 7.237093e-01 1.434841e-02
1.750000e-02 7.275000e-01 1.426000e-02
1.875000e-02 7.571971e-01 1.359443e-02
1.937500e-02 7.715874e-01 1.328778e-02
1.968750e-02 7.786455e-01 1.314145e-02
2.000000e-02 7.856000e-01 1.300000e-02
2.125000e-02 8.128547e-01 1.245716e-02
2.187500e-02 8.260909e-01 1.220181e-02
2.218750e-02 8.325906e-01 1.207903e-02
2.250000e-02 8.390000e-01 1.196000e-02
2.375000e-02 8.641445e-01 1.150523e-02
2.437500e-02 8.763692e-01 1.129193e-02
2.468750e-02 8.823753e-01 1.118942e-02
2.500000e-02 8.883000e-01 1.109000e-02
2.625000e-02 9.115578e-01 1.071047e-02
2.687500e-02 9.228668e-01 1.053135e-02
2.718750e-02 9.284219e-01 1.044467e-02
2.750000e-02 9.339000e-01 1.036000e-02
2.875000e-02 9.553742e-01 1.003013e-02
2.937500e-02 9.658113e-01 9.872300e-03
2.968750e-02 9.709398e-01 9.795716e-03
3.000000e-02 9.760000e-01 9.721000e-03
3.125000e-02 9.958841e-01 9.433984e-03
3.187500e-02 1.005559e+00 9.297735e-03
3.250000e-02 1.015000e+00 9.167000e-03
3.375000e-02 1.033345e+00 8.915195e-03
3.437500e-02 1.042261e+00 8.794862e-03
3.500000e-02 1.051000e+00 8.679000e-03
3.625000e-02 1.068307e+00 8.455882e-03
3.687500e-02 1.076762e+00 8.349085e-03
3.750000e-02 1.085000e+00 8.246000e-03
3.875000e-02 1.100869e+00 8.046583e-03
3.937500e-02 1.108526e+00 7.950744e-03
4.000000e-02 1.116000e+00 7.858000e-03
4.125000e-02 1.130737e+00 7.678316e-03
4.187500e-02 1.137945e+00 7.591816e-03
4.250000e-02 1.145000e+00 7.508000e-03
4.375000e-02 1.158804e+00 7.345407e-03
4.437500e-02 1.165496e+00 7.267022e-03
4.500000e-02 1.172000e+00 7.191000e-03
4.750000e-02 1.196542e+00 6.902071e-03
4.875000e-02 1.208030e+00 6.766953e-03
5.000000e-02 1.219000e+00 6.639000e-03
5.312500e-02 1.245614e+00 6.338092e-03
5.468750e-02 1.258179e+00 6.198423e-03
5.625000e-02 1.270000e+00 6.067000e-03
5.937500e-02 1.291723e+00 5.819226e-03
6.093750e-02 1.301672e+00 5.703492e-03
6.250000e-02 1.311000e+00 5.594000e-03
6.562500e-02 1.328789e+00 5.386442e-03
6.718750e-02 1.337131e+00 5.288850e-03
6.875000e-02 1.345000e+00 5.196000e-03
7.187500e-02 1.359809e+00 5.018825e-03
7.500000e-02 1.373000e+00 4.855000e-03
7.812500e-02 1.384721e+00 4.701706e-03
8.125000e-02 1.395000e+00 4.560000e-03
8.437500e-02 1.404603e+00 4.425890e-03
8.750000e-02 1.413000e+00 4.301000e-03
9.375000e-02 1.426000e+00 4.073000e-03
1.000000e-01 1.436000e+00 3.870000e-03
1.125000e-01 1.448000e+00 3.523000e-03
1.250000e-01 1.452000e+00 3.238000e-03
1.375000e-01 1.449000e+00 2.999000e-03
1.500000e-01 1.441000e+00 2.795000e-03
1.625000e-01 1.430000e+00 2.619000e-03
1.750000e-01 1.416000e+00 2.466000e-03
1.875000e-01 1.400614e+00 2.329807e-03
1.937500e-01 1.392450e+00 2.268164e-03
2.000000e-01 1.384000e+00 2.211000e-03
2.125000e-01 1.366775e+00 2.103668e-03
2.187500e-01 1.357968e+00 2.053845e-03
2.250000e-01 1.349000e+00 2.007000e-03
2.375000e-01 1.330579e+00 1.918765e-03
2.437500e-01 1.321274e+00 1.877690e-03
2.500000e-01 1.312000e+00 1.839000e-03
2.625000e-01 1.293863e+00 1.766280e-03
2.687500e-01 1.284916e+00 1.732283e-03
2.750000e-01 1.276000e+00 1.700000e-03
2.875000e-01 1.257917e+00 1.638171e-03
2.937500e-01 1.248900e+00 1.608904e-03
3.000000e-01 1.240000e+00 1.581000e-03
3.125000e-01 1.222800e+00 1.527986e-03
3.187500e-01 1.214377e+00 1.502945e-03
3.250000e-01 1.206000e+00 1.479000e-03
3.375000e-01 1.188874e+00 1.432965e-03
3.437500e-01 1.180349e+00 1.411038e-03
3.500000e-01 1.172000e+00 1.390000e-03
3.625000e-01 1.156138e+00 1.349668e-03
3.687500e-01 1.148503e+00 1.330462e-03
3.750000e-01 1.141000e+00 1.312000e-03
3.875000e-01 1.125936e+00 1.276456e-03
3.937500e-01 1.118436e+00 1.259438e-03
4.000000e-01 1.111000e+00 1.243000e-03
4.125000e-01 1.096282e+00 1.211094e-03
4.187500e-01 1.089067e+00 1.195772e-03
4.250000e-01 1.082000e+00 1.181000e-03
4.375000e-01 1.068250e+00 1.152671e-03
4.437500e-01 1.061560e+00 1.139115e-03
4.500000e-01 1.055000e+00 1.126000e-03
4.750000e-01 1.029356e+00 1.075813e-03
4.875000e-01 1.016981e+00 1.052266e-03
4.937500e-01 1.010935e+00 1.040957e-03
5.000000e-01 1.005000e+00 1.030000e-03
5.312500e-01 9.763376e-01 9.782813e-04
5.468750e-01 9.626630e-01 9.543852e-04
5.546875e-01 9.560131e-01 9.429916e-04
5.625000e-01 9.495000e-01 9.320000e-04
5.937500e-01 9.241333e-01 8.901770e-04
6.093750e-01 9.119504e-01 8.706438e-04
6.171875e-01 9.060147e-01 8.612751e-04
6.250000e-01 9.002000e-01 8.522000e-04
6.562500e-01 8.776483e-01 8.174944e-04
6.718750e-01 8.668373e-01 8.011816e-04
6.796875e-01 8.615679e-01 7.933283e-04
6.875000e-01 8.564000e-01 7.857000e-04
7.187500e-01 8.362584e-01 7.564166e-04
7.343750e-01 8.265671e-01 7.425833e-04
7.421875e-01 8.218384e-01 7.359034e-04
7.500000e-01 8.172000e-01 7.294000e-04
7.812500e-01 7.991744e-01 7.043567e-04
7.968750e-01 7.905022e-01 6.924723e-04
8.046875e-01 7.862647e-01 6.867167e-04
8.125000e-01 7.821000e-01 6.811000e-04
8.437500e-01 7.658167e-01 6.593769e-04
8.593750e-01 7.579437e-01 6.490263e-04
8.671875e-01 7.540899e-01 6.440048e-04
8.750000e-01 7.503000e-01 6.391000e-04
9.062500e-01 7.355039e-01 6.201528e-04
9.218750e-01 7.283513e-01 6.111080e-04
9.375000e-01 7.214000e-01 6.024000e-04
9.687500e-01 7.078832e-01 5.855962e-04
9.843750e-01 7.013498e-01 5.775519e-04
1.000000e+00 6.950000e-01 5.698000e-04
1.062500e+00 6.707831e-01 5.407159e-04
1.093750e+00 6.594092e-01 5.273277e-04
1.109375e+00 6.539295e-01 5.209511e-04
1.125000e+00 6.486000e-01 5.148000e-04
1.187500e+00 6.280625e-01 4.913406e-04
1.218750e+00 6.183175e-01 4.803660e-04
1.234375e+00 6.136003e-01 4.751003e-04
1.250000e+00 6.090000e-01 4.700000e-04
1.312500e+00 5.912403e-01 4.505177e-04
1.343750e+00 5.827929e-01 4.413720e-04
1.359375e+00 5.786980e-01 4.369720e-04
1.375000e+00 5.747000e-01 4.327000e-04
1.437500e+00 5.592519e-01 4.163041e-04
1.468750e+00 5.518835e-01 4.085659e-04
1.484375e+00 5.483031e-01 4.048322e-04
1.500000e+00 5.448000e-01 4.012000e-04
1.562500e+00 5.312015e-01 3.872415e-04
1.593750e+00 5.246844e-01 3.806271e-04
1.609375e+00 5.215102e-01 3.774249e-04
1.625000e+00 5.184000e-01 3.743000e-04
1.687500e+00 5.063134e-01 3.622063e-04
1.718750e+00 5.005084e-01 3.564373e-04
1.734375e+00 4.976771e-01 3.536365e-04
1.750000e+00 4.949000e-01 3.509000e-04
1.875000e+00 4.738794e-01 3.303723e-04
1.937500e+00 4.640895e-01 3.210004e-04
1.968750e+00 4.593816e-01 3.165618e-04
2.000000e+00 4.548000e-01 3.123000e-04
2.125000e+00 4.371368e-01 2.961688e-04
2.187500e+00 4.286544e-01 2.886977e-04
2.218750e+00 4.244994e-01 2.851349e-04
2.250000e+00 4.204000e-01 2.817000e-04
2.375000e+00 4.039315e-01 2.686772e-04
2.437500e+00 3.959927e-01 2.626148e-04
2.468750e+00 3.921734e-01 2.597110e-04
2.500000e+00 3.885000e-01 2.569000e-04
2.625000e+00 3.751120e-01 2.461470e-04
2.687500e+00 3.690329e-01 2.410935e-04
2.718750e+00 3.661283e-01 2.386615e-04
2.750000e+00 3.633000e-01 2.363000e-04
2.875000e+00 3.521197e-01 2.272437e-04
2.937500e+00 3.467094e-01 2.229701e-04
2.968750e+00 3.440740e-01 2.209075e-04
3.000000e+00 3.415000e-01 2.189000e-04
3.125000e+00 3.316472e-01 2.111697e-04
3.187500e+00 3.269795e-01 2.075040e-04
3.218750e+00 3.247154e-01 2.057299e-04
3.250000e+00 3.225000e-01 2.040000e-04
3.375000e+00 3.138588e-01 1.973241e-04
3.437500e+00 3.097054e-01 1.941472e-04
3.468750e+00 3.076818e-01 1.926059e-04
3.500000e+00 3.057000e-01 1.911000e-04
3.625000e+00 2.980220e-01 1.852687e-04
3.687500e+00 2.943459e-01 1.824819e-04
3.718750e+00 2.925553e-01 1.811266e-04
3.750000e+00 2.908000e-01 1.798000e-04
3.875000e+00 2.839753e-01 1.746494e-04
3.937500e+00 2.806884e-01 1.721806e-04
3.968750e+00 2.790809e-01 1.709782e-04
4.000000e+00 2.775000e-01 1.698000e-04
4.125000e+00 2.713027e-01 1.652175e-04
4.187500e+00 2.683052e-01 1.630192e-04
4.218750e+00 2.668394e-01 1.619486e-04
4.250000e+00 2.654000e-01 1.609000e-04
4.375000e+00 2.598071e-01 1.568354e-04
4.437500e+00 2.571135e-01 1.548853e-04
4.468750e+00 2.557960e-01 1.539339e-04
4.500000e+00 2.545000e-01 1.530000e-04
4.750000e+00 2.445387e-01 1.458720e-04
4.875000e+00 2.398500e-01 1.425433e-04
4.937500e+00 2.375923e-01 1.409467e-04
5.000000e+00 2.354000e-01 1.394000e-04
5.312500e+00 2.249918e-01 1.320682e-04
5.468750e+00 2.201523e-01 1.286745e-04
5.546875e+00 2.178375e-01 1.270575e-04
5.585938e+00 2.167087e-01 1.262709e-04
5.625000e+00 2.156000e-01 1.255000e-04
5.937500e+00 2.070992e-01 1.196230e-04
6.093750e+00 2.031009e-01 1.168834e-04
6.171875e+00 2.011739e-01 1.155707e-04
6.250000e+00 1.993000e-01 1.143000e-04
6.562500e+00 1.920734e-01 1.094427e-04
6.718750e+00 1.886538e-01 1.071620e-04
6.796875e+00 1.870038e-01 1.060649e-04
6.875000e+00 1.854000e-01 1.050000e-04
7.187500e+00 1.792672e-01 1.009177e-04
7.343750e+00 1.763704e-01 9.899245e-05
7.421875e+00 1.749686e-01 9.806365e-05
7.500000e+00 1.736000e-01 9.716000e-05
7.812500e+00 1.682826e-01 9.368285e-05
7.968750e+00 1.657404e-01 9.203490e-05
8.046875e+00 1.645059e-01 9.123753e-05
8.125000e+00 1.633000e-01 9.046000e-05
8.437500e+00 1.586445e-01 8.745755e-05
8.593750e+00 1.564276e-01 8.602898e-05
8.671875e+00 1.553517e-01 8.533634e-05
8.750000e+00 1.543000e-01 8.466000e-05
9.062500e+00 1.502309e-01 8.204611e-05
9.218750e+00 1.482823e-01 8.079905e-05
9.296875e+00 1.473323e-01 8.019302e-05
9.375000e+00 1.464000e-01 7.960000e-05
9.687500e+00 1.427587e-01 7.729744e-05
9.843750e+00 1.410018e-01 7.619381e-05
9.921875e+00 1.401431e-01 7.565639e-05
1.000000e+01 1.393000e-01 7.513000e-05
1.062500e+01 1.328771e-01 7.115074e-05
1.093750e+01 1.298955e-01 6.931594e-05
1.109375e+01 1.284724e-01 6.844218e-05
1.117188e+01 1.277795e-01 6.801699e-05
1.125000e+01 1.271000e-01 6.760000e-05
1.187500e+01 1.219198e-01 6.440460e-05
1.218750e+01 1.194970e-01 6.290978e-05
1.234375e+01 1.183319e-01 6.219321e-05
1.250000e+01 1.172000e-01 6.150000e-05
1.312500e+01 1.128375e-01 5.886260e-05
1.343750e+01 1.107709e-01 5.762858e-05
1.359375e+01 1.097722e-01 5.703557e-05
1.375000e+01 1.088000e-01 5.646000e-05
1.437500e+01 1.050578e-01 5.424882e-05
1.468750e+01 1.032872e-01 5.320441e-05
1.484375e+01 1.024322e-01 5.270037e-05
1.500000e+01 1.016000e-01 5.221000e-05
1.562500e+01 9.840495e-02 5.032509e-05
1.593750e+01 9.689051e-02 4.943258e-05
1.609375e+01 9.615675e-02 4.900089e-05
1.625000e+01 9.544000e-02 4.858000e-05
1.687500e+01 9.265946e-02 4.695494e-05
1.718750e+01 9.132934e-02 4.618145e-05
1.734375e+01 9.068261e-02 4.580632e-05
1.750000e+01 9.005000e-02 4.544000e-05
1.875000e+01 8.529212e-02 4.269296e-05
1.937500e+01 8.311139e-02 4.144051e-05
1.968750e+01 8.207602e-02 4.084810e-05
1.984375e+01 8.157294e-02 4.056091e-05
2.000000e+01 8.108000e-02 4.028000e-05
2.125000e+01 7.730676e-02 3.814151e-05
2.187500e+01 7.554600e-02 3.714954e-05
2.218750e+01 7.470357e-02 3.667628e-05
2.234375e+01 7.429295e-02 3.644590e-05
2.250000e+01 7.389000e-02 3.622000e-05
2.375000e+01 7.081149e-02 3.449427e-05
2.437500e+01 6.937170e-02 3.368898e-05
2.468750e+01 6.868037e-02 3.330321e-05
2.500000e+01 6.801000e-02 3.293000e-05
2.625000e+01 6.544017e-02 3.150745e-05
2.687500e+01 6.422978e-02 3.084107e-05
2.718750e+01 6.364662e-02 3.052079e-05
2.750000e+01 6.308000e-02 3.021000e-05
2.875000e+01 6.090638e-02 2.901806e-05
2.937500e+01 5.987946e-02 2.845560e-05
2.968750e+01 5.938333e-02 2.818416e-05
3.000000e+01 5.890000e-02 2.792000e-05
3.125000e+01 5.703496e-02 2.690262e-05
3.187500e+01 5.614856e-02 2.642044e-05
3.218750e+01 5.571910e-02 2.618725e-05
3.250000e+01 5.530000e-02 2.596000e-05
3.375000e+01 5.368140e-02 2.508411e-05
3.437500e+01 5.291029e-02 2.466815e-05
3.468750e+01 5.253595e-02 2.446665e-05
3.500000e+01 5.217000e-02 2.427000e-05
3.625000e+01 5.075186e-02 2.351053e-05
3.687500e+01 5.007342e-02 2.314831e-05
3.718750e+01 4.974329e-02 2.297228e-05
3.750000e+01 4.942000e-02 2.280000e-05
3.875000e+01 4.816418e-02 2.213021e-05
3.937500e+01 4.756165e-02 2.180918e-05
3.968750e+01 4.726796e-02 2.165294e-05
4.000000e+01 4.698000e-02 2.150000e-05
4.125000e+01 4.585972e-02 2.090763e-05
4.187500e+01 4.532102e-02 2.062390e-05
4.218750e+01 4.505809e-02 2.048563e-05
4.250000e+01 4.480000e-02 2.035000e-05
4.375000e+01 4.379398e-02 1.982131e-05
4.437500e+01 4.330927e-02 1.956659e-05
4.468750e+01 4.307249e-02 1.944216e-05
4.500000e+01 4.284000e-02 1.932000e-05
4.750000e+01 4.107093e-02 1.839005e-05
4.875000e+01 4.024708e-02 1.795736e-05
4.937500e+01 3.985230e-02 1.775028e-05
5.000000e+01 3.947000e-02 1.755000e-05
5.312500e+01 3.765841e-02 1.660412e-05
5.468750e+01 3.681834e-02 1.616769e-05
5.546875e+01 3.641722e-02 1.595998e-05
5.585938e+01 3.622179e-02 1.585898e-05
5.625000e+01 3.603000e-02 1.576000e-05
5.937500e+01 3.455920e-02 1.500438e-05
6.093750e+01 3.387035e-02 1.465201e-05
6.171875e+01 3.353989e-02 1.448325e-05
6.250000e+01 3.322000e-02 1.432000e-05
6.562500e+01 3.200169e-02 1.369814e-05
6.718750e+01 3.143096e-02 1.340660e-05
6.796875e+01 3.115650e-02 1.326631e-05
6.875000e+01 3.089000e-02 1.313000e-05
7.187500e+01 2.986581e-02 1.260430e-05
7.343750e+01 2.938158e-02 1.235588e-05
7.421875e+01 2.914771e-02 1.223618e-05
7.500000e+01 2.892000e-02 1.212000e-05
7.812500e+01 2.804360e-02 1.167739e-05
7.968750e+01 2.762783e-02 1.146899e-05
8.046875e+01 2.742649e-02 1.136828e-05
8.125000e+01 2.723000e-02 1.127000e-05
8.437500e+01 2.646953e-02 1.088793e-05
8.593750e+01 2.610721e-02 1.070527e-05
8.671875e+01 2.593151e-02 1.061659e-05
8.750000e+01 2.576000e-02 1.053000e-05
9.062500e+01 2.509826e-02 1.019622e-05
9.218750e+01 2.478298e-02 1.003742e-05
9.296875e+01 2.462983e-02 9.960347e-06
9.375000e+01 2.448000e-02 9.885000e-06
9.687500e+01 2.389814e-02 9.592758e-06
9.843750e+01 2.361911e-02 9.452820e-06
9.921875e+01 2.348318e-02 9.384704e-06
1.000000e+02 2.335000e-02 9.318000e-06
1.062500e+02 2.234161e-02 8.813661e-06
1.093750e+02 2.187590e-02 8.581210e-06
1.109375e+02 2.165398e-02 8.470573e-06
1.125000e+02 2.144000e-02 8.364000e-06
1.187500e+02 2.062642e-02 7.959535e-06
1.218750e+02 2.024721e-02 7.771269e-06
1.234375e+02 2.006562e-02 7.681156e-06
1.250000e+02 1.989000e-02 7.594000e-06
1.312500e+02 1.922070e-02 7.261469e-06
1.343750e+02 1.890712e-02 7.105606e-06
1.359375e+02 1.875635e-02 7.030689e-06
1.375000e+02 1.861000e-02 6.958000e-06
1.437500e+02 1.804844e-02 6.679272e-06
1.468750e+02 1.778309e-02 6.547898e-06
1.484375e+02 1.765489e-02 6.484567e-06
1.500000e+02 1.753000e-02 6.423000e-06
1.562500e+02 1.704708e-02 6.186589e-06
1.593750e+02 1.681807e-02 6.074761e-06
1.609375e+02 1.670749e-02 6.020697e-06
1.625000e+02 1.660000e-02 5.968000e-06
1.687500e+02 1.618944e-02 5.764570e-06
1.718750e+02 1.599553e-02 5.667769e-06
1.734375e+02 1.590167e-02 5.620830e-06
1.750000e+02 1.581000e-02 5.575000e-06
1.875000e+02 1.511518e-02 5.231496e-06
1.937500e+02 1.479596e-02 5.074976e-06
1.968750e+02 1.464478e-02 5.000963e-06
2.000000e+02 1.450000e-02 4.930000e-06
2.125000e+02 1.395942e-02 4.662221e-06
2.187500e+02 1.371158e-02 4.538584e-06
2.218750e+02 1.359369e-02 4.479711e-06
2.250000e+02 1.348000e-02 4.423000e-06
2.500000e+02 1.265000e-02 4.014000e-06
