5.263158e-03 1.164000e+00 4.908000e-01
5.789474e-03 1.205000e+00 4.681000e-01
6.052631e-03 1.227400e+00 4.575775e-01
6.184210e-03 1.239058e+00 4.525530e-01
6.315789e-03 1.251000e+00 4.477000e-01
6.578947e-03 1.275158e+00 4.382672e-01
6.710526e-03 1.287467e+00 4.337155e-01
6.842105e-03 1.300000e+00 4.293000e-01
7.105263e-03 1.325642e+00 4.207423e-01
7.236842e-03 1.338731e+00 4.166132e-01
7.368421e-03 1.352000e+00 4.126000e-01
7.631579e-03 1.378822e+00 4.047747e-01
7.763158e-03 1.392366e+00 4.009855e-01
7.894737e-03 1.406000e+00 3.973000e-01
8.157895e-03 1.433379e+00 3.901322e-01
8.289474e-03 1.447151e+00 3.866676e-01
8.421053e-03 1.461000e+00 3.833000e-01
8.684211e-03 1.488924e+00 3.767599e-01
8.815789e-03 1.502953e+00 3.735920e-01
8.947368e-03 1.517000e+00 3.705000e-01
9.210526e-03 1.545025e+00 3.644391e-01
9.342105e-03 1.559016e+00 3.614863e-01
9.473684e-03 1.573000e+00 3.586000e-01
1.000000e-02 1.629064e+00 3.474946e-01
1.026316e-02 1.657073e+00 3.422308e-01
1.039474e-02 1.671052e+00 3.396837e-01
1.052632e-02 1.685000e+00 3.372000e-01
1.118422e-02 1.754445e+00 3.253217e-01
1.151316e-02 1.788871e+00 3.197280e-01
1.167764e-02 1.805979e+00 3.170287e-01
1.184211e-02 1.823000e+00 3.144000e-01
1.250000e-02 1.890480e+00 3.042408e-01
1.282895e-02 1.923868e+00 2.994134e-01
1.299342e-02 1.940467e+00 2.970770e-01
1.315789e-02 1.957000e+00 2.948000e-01
1.381579e-02 2.022970e+00 2.860478e-01
1.414473e-02 2.055661e+00 2.818905e-01
1.430921e-02 2.071885e+00 2.798731e-01
1.447368e-02 2.088000e+00 2.779000e-01
1.513157e-02 2.151645e+00 2.702201e-01
1.546052e-02 2.182994e+00 2.665398e-01
1.562500e-02 2.198541e+00 2.647501e-01
1.578947e-02 2.214000e+00 2.630000e-01
1.644736e-02 2.275528e+00 2.562413e-01
1.677631e-02 2.305946e+00 2.530126e-01
1.694079e-02 2.321028e+00 2.514408e-01
1.710526e-02 2.336000e+00 2.499000e-01
1.776316e-02 2.395008e+00 2.438916e-01
1.809210e-02 2.424111e+00 2.409983e-01
1.825658e-02 2.438578e+00 2.395860e-01
1.842105e-02 2.453000e+00 2.382000e-01
1.907894e-02 2.510846e+00 2.328088e-01
1.940789e-02 2.539585e+00 2.302138e-01
1.957237e-02 2.553847e+00 2.289459e-01
1.973684e-02 2.568000e+00 2.277000e-01
2.039473e-02 2.623634e+00 2.228349e-01
2.072368e-02 2.650966e+00 2.204836e-01
2.088816e-02 2.664518e+00 2.193324e-01
2.105263e-02 2.678000e+00 2.182000e-01
2.236842e-02 2.785231e+00 2.095204e-01
2.302631e-02 2.838050e+00 2.054508e-01
2.335526e-02 2.864156e+00 2.034956e-01
2.368421e-02 2.890000e+00 2.016000e-01
2.500000e-02 2.991535e+00 1.943549e-01
2.565790e-02 3.041187e+00 1.909449e-01
2.598684e-02 3.065704e+00 1.893003e-01
2.631579e-02 3.090000e+00 1.877000e-01
2.763158e-02 3.186083e+00 1.815352e-01
2.828948e-02 3.233361e+00 1.786064e-01
2.861842e-02 3.256768e+00 1.771866e-01
2.894737e-02 3.280000e+00 1.758000e-01
3.026316e-02 3.371952e+00 1.704205e-01
3.092106e-02 3.417256e+00 1.678555e-01
3.125000e-02 3.439705e+00 1.666124e-01
3.157895e-02 3.462000e+00 1.654000e-01
3.289474e-02 3.550441e+00 1.607431e-01
3.355264e-02 3.594024e+00 1.585292e-01
3.388158e-02 3.615600e+00 1.574535e-01
3.421053e-02 3.637000e+00 1.564000e-01
3.552632e-02 3.721430e+00 1.522889e-01
3.618421e-02 3.762965e+00 1.503104e-01
3.651316e-02 3.783548e+00 1.493455e-01
3.684211e-02 3.804000e+00 1.484000e-01
3.947368e-02 3.965567e+00 1.412707e-01
4.078947e-02 4.044590e+00 1.379834e-01
4.144737e-02 4.083526e+00 1.364151e-01
4.210526e-02 4.122000e+00 1.349000e-01
4.473684e-02 4.273131e+00 1.290951e-01
4.605263e-02 4.346831e+00 1.263720e-01
4.671053e-02 4.383125e+00 1.250651e-01
4.736842e-02 4.419000e+00 1.238000e-01
5.000000e-02 4.560203e+00 1.189885e-01
5.131579e-02 4.629245e+00 1.167359e-01
5.197368e-02 4.663299e+00 1.156525e-01
5.263158e-02 4.697000e+00 1.146000e-01
5.526316e-02 4.829949e+00 1.105484e-01
5.657895e-02 4.895064e+00 1.086300e-01
5.723685e-02 4.927197e+00 1.077029e-01
5.789474e-02 4.959000e+00 1.068000e-01
6.052631e-02 5.084423e+00 1.033237e-01
6.184210e-02 5.145798e+00 1.016754e-01
6.250000e-02 5.176064e+00 1.008778e-01
6.315789e-02 5.206000e+00 1.001000e-01
6.578947e-02 5.323874e+00 9.710134e-02
6.710526e-02 5.381493e+00 9.567303e-02
6.776315e-02 5.409901e+00 9.497912e-02
6.842105e-02 5.438000e+00 9.430000e-02
7.105263e-02 5.548717e+00 9.165783e-02
7.236842e-02 5.602873e+00 9.039068e-02
7.368421e-02 5.656000e+00 8.917000e-02
7.631579e-02 5.760189e+00 8.682716e-02
7.763158e-02 5.811081e+00 8.570853e-02
7.894737e-02 5.861000e+00 8.463000e-02
8.157895e-02 5.959147e+00 8.254324e-02
8.289474e-02 6.007080e+00 8.154036e-02
8.421053e-02 6.054000e+00 8.057000e-02
8.684211e-02 6.145648e+00 7.868982e-02
8.815789e-02 6.190281e+00 7.778538e-02
8.947368e-02 6.234000e+00 7.691000e-02
9.210526e-02 6.319970e+00 7.521613e-02
9.342105e-02 6.361942e+00 7.440068e-02
9.473684e-02 6.403000e+00 7.361000e-02
1.000000e-01 6.560738e+00 7.059688e-02
1.026316e-01 6.635486e+00 6.918580e-02
1.039474e-01 6.671678e+00 6.850776e-02
1.052632e-01 6.707000e+00 6.785000e-02
1.118422e-01 6.877099e+00 6.472805e-02
1.151316e-01 6.957205e+00 6.327625e-02
1.167764e-01 6.995707e+00 6.258165e-02
1.184211e-01 7.033000e+00 6.191000e-02
1.250000e-01 7.175040e+00 5.934776e-02
1.282894e-01 7.241391e+00 5.814699e-02
1.315789e-01 7.304000e+00 5.701000e-02
1.381578e-01 7.422117e+00 5.485962e-02
1.414473e-01 7.477153e+00 5.385007e-02
1.447368e-01 7.529000e+00 5.289000e-02
1.513157e-01 7.626798e+00 5.105559e-02
1.546052e-01 7.672278e+00 5.018789e-02
1.578947e-01 7.715000e+00 4.936000e-02
1.644736e-01 7.795173e+00 4.778230e-02
1.710526e-01 7.867000e+00 4.632000e-02
1.776315e-01 7.932180e+00 4.494180e-02
1.842105e-01 7.990000e+00 4.366000e-02
1.907894e-01 8.043031e+00 4.244543e-02
1.973684e-01 8.090000e+00 4.131000e-02
2.105263e-01 8.169000e+00 3.922000e-02
2.236842e-01 8.232648e+00 3.733830e-02
2.368421e-01 8.280000e+00 3.567000e-02
2.631579e-01 8.342000e+00 3.274000e-02
2.894737e-01 8.371000e+00 3.030000e-02
3.157895e-01 8.375000e+00 2.821000e-02
3.421053e-01 8.363000e+00 2.642000e-02
3.684211e-01 8.340000e+00 2.486000e-02
4.210526e-01 8.273000e+00 2.226000e-02
4.736842e-01 8.192000e+00 2.019000e-02
5.000000e-01 8.150225e+00 1.929125e-02
5.263158e-01 8.108000e+00 1.849000e-02
5.526316e-01 8.065749e+00 1.774634e-02
5.789474e-01 8.024000e+00 1.707000e-02
6.052632e-01 7.982972e+00 1.644280e-02
6.315789e-01 7.943000e+00 1.587000e-02
6.842105e-01 7.866000e+00 1.484000e-02
7.368421e-01 7.794000e+00 1.394000e-02
7.894737e-01 7.725000e+00 1.315000e-02
8.421053e-01 7.661000e+00 1.245000e-02
8.947368e-01 7.600000e+00 1.183000e-02
9.473684e-01 7.542000e+00 1.127000e-02
1.000000e+00 7.486632e+00 1.075823e-02
1.052632e+00 7.434000e+00 1.030000e-02
1.118421e+00 7.370569e+00 9.778723e-03
1.184211e+00 7.310000e+00 9.317000e-03
1.250000e+00 7.251395e+00 8.893512e-03
1.315789e+00 7.195000e+00 8.513000e-03
1.381579e+00 7.140237e+00 8.162531e-03
1.447368e+00 7.087000e+00 7.845000e-03
1.513158e+00 7.034542e+00 7.549414e-03
1.578947e+00 6.983000e+00 7.279000e-03
1.644737e+00 6.932082e+00 7.026427e-03
1.710526e+00 6.882000e+00 6.794000e-03
1.776315e+00 6.832710e+00 6.575470e-03
1.842105e+00 6.784000e+00 6.373000e-03
1.907895e+00 6.735184e+00 6.181893e-03
1.973684e+00 6.687000e+00 6.004000e-03
2.039473e+00 6.641540e+00 5.835487e-03
2.105263e+00 6.594000e+00 5.678000e-03
2.236842e+00 6.474792e+00 5.386257e-03
2.302632e+00 6.409397e+00 5.252280e-03
2.335526e+00 6.376420e+00 5.188511e-03
2.368421e+00 6.344000e+00 5.127000e-03
2.500000e+00 6.226332e+00 4.891987e-03
2.565790e+00 6.172522e+00 4.781935e-03
2.631579e+00 6.121000e+00 4.678000e-03
2.763158e+00 6.017802e+00 4.482470e-03
2.828947e+00 5.966601e+00 4.391261e-03
2.894737e+00 5.916000e+00 4.305000e-03
3.026316e+00 5.816762e+00 4.141369e-03
3.092105e+00 5.768069e+00 4.064352e-03
3.157895e+00 5.720000e+00 3.991000e-03
3.289474e+00 5.624528e+00 3.850824e-03
3.355264e+00 5.577433e+00 3.784441e-03
3.421053e+00 5.531000e+00 3.721000e-03
3.552632e+00 5.439770e+00 3.599686e-03
3.618422e+00 5.395042e+00 3.542122e-03
3.684211e+00 5.351000e+00 3.487000e-03
3.947368e+00 5.178644e+00 3.281941e-03
4.078947e+00 5.095173e+00 3.188581e-03
4.144737e+00 5.054267e+00 3.144406e-03
4.210526e+00 5.014000e+00 3.102000e-03
4.473684e+00 4.856313e+00 2.941344e-03
4.605263e+00 4.780026e+00 2.866847e-03
4.671053e+00 4.742694e+00 2.831295e-03
4.736842e+00 4.706000e+00 2.797000e-03
5.000000e+00 4.563047e+00 2.666774e-03
5.131579e+00 4.494043e+00 2.606125e-03
5.197368e+00 4.460257e+00 2.577088e-03
5.263158e+00 4.427000e+00 2.549000e-03
5.526316e+00 4.296540e+00 2.441913e-03
5.657895e+00 4.233345e+00 2.391675e-03
5.723685e+00 4.202409e+00 2.367495e-03
5.789474e+00 4.172000e+00 2.344000e-03
6.052632e+00 4.053544e+00 2.253513e-03
6.184210e+00 3.996421e+00 2.210723e-03
6.250000e+00 3.968479e+00 2.190075e-03
6.315789e+00 3.941000e+00 2.170000e-03
6.578947e+00 3.833504e+00 2.093056e-03
6.710526e+00 3.781502e+00 2.056703e-03
6.776315e+00 3.756042e+00 2.039131e-03
6.842105e+00 3.731000e+00 2.022000e-03
7.105263e+00 3.633191e+00 1.955849e-03
7.236842e+00 3.585916e+00 1.924312e-03
7.302631e+00 3.562771e+00 1.908991e-03
7.368421e+00 3.540000e+00 1.894000e-03
7.631579e+00 3.450973e+00 1.835706e-03
7.763158e+00 3.407888e+00 1.807806e-03
7.828947e+00 3.386779e+00 1.794249e-03
7.894737e+00 3.366000e+00 1.781000e-03
8.157895e+00 3.284721e+00 1.729872e-03
8.289474e+00 3.245340e+00 1.705481e-03
8.355263e+00 3.226027e+00 1.693619e-03
8.421053e+00 3.207000e+00 1.682000e-03
8.684211e+00 3.132365e+00 1.636776e-03
8.815789e+00 3.096178e+00 1.615028e-03
8.881579e+00 3.078446e+00 1.604415e-03
8.947368e+00 3.061000e+00 1.594000e-03
9.210526e+00 2.992915e+00 1.553440e-03
9.342105e+00 2.959998e+00 1.533908e-03
9.407895e+00 2.943873e+00 1.524368e-03
9.473684e+00 2.928000e+00 1.515000e-03
1.000000e+01 2.806027e+00 1.443571e-03
1.026316e+01 2.748584e+00 1.410307e-03
1.039474e+01 2.720902e+00 1.394388e-03
1.052632e+01 2.694000e+00 1.379000e-03
1.118422e+01 2.565852e+00 1.306565e-03
1.151316e+01 2.506149e+00 1.273198e-03
1.167764e+01 2.477589e+00 1.257312e-03
1.175987e+01 2.463666e+00 1.249582e-03
1.184211e+01 2.450000e+00 1.242000e-03
1.250000e+01 2.345288e+00 1.183942e-03
1.282895e+01 2.296275e+00 1.156739e-03
1.299342e+01 2.272763e+00 1.143671e-03
1.307565e+01 2.261282e+00 1.137283e-03
1.315789e+01 2.250000e+00 1.131000e-03
1.381578e+01 2.163304e+00 1.082498e-03
1.414473e+01 2.122570e+00 1.059642e-03
1.430921e+01 2.102987e+00 1.048650e-03
1.447368e+01 2.084000e+00 1.038000e-03
1.513157e+01 2.011456e+00 9.975224e-04
1.546052e+01 1.977367e+00 9.785450e-04
1.562500e+01 1.960952e+00 9.694008e-04
1.578947e+01 1.945000e+00 9.605000e-04
1.644737e+01 1.883711e+00 9.260549e-04
1.677631e+01 1.854703e+00 9.096685e-04
1.694079e+01 1.840675e+00 9.017341e-04
1.710526e+01 1.827000e+00 8.940000e-04
1.776316e+01 1.774139e+00 8.642550e-04
1.809210e+01 1.749015e+00 8.501346e-04
1.825658e+01 1.736853e+00 8.432889e-04
1.842105e+01 1.725000e+00 8.366000e-04
1.907895e+01 1.679396e+00 8.106410e-04
1.940789e+01 1.657746e+00 7.982290e-04
1.957237e+01 1.647251e+00 7.921973e-04
1.973684e+01 1.637000e+00 7.863000e-04
2.039474e+01 1.597298e+00 7.634945e-04
2.072368e+01 1.578303e+00 7.525959e-04
2.088816e+01 1.569057e+00 7.472933e-04
2.105263e+01 1.560000e+00 7.421000e-04
2.236842e+01 1.491470e+00 7.027274e-04
2.302632e+01 1.459770e+00 6.845299e-04
2.335526e+01 1.444631e+00 6.758582e-04
2.351974e+01 1.437250e+00 6.716382e-04
2.368421e+01 1.430000e+00 6.675000e-04
2.500000e+01 1.374363e+00 6.358378e-04
2.565789e+01 1.348095e+00 6.210452e-04
2.598684e+01 1.335393e+00 6.139569e-04
2.631579e+01 1.323000e+00 6.071000e-04
2.763158e+01 1.274933e+00 5.809962e-04
2.828947e+01 1.251994e+00 5.687756e-04
2.861842e+01 1.240865e+00 5.629017e-04
2.894737e+01 1.230000e+00 5.572000e-04
3.026316e+01 1.188082e+00 5.352926e-04
3.092105e+01 1.168134e+00 5.249468e-04
3.125000e+01 1.158457e+00 5.199551e-04
3.157895e+01 1.149000e+00 5.151000e-04
3.289474e+01 1.112259e+00 4.964494e-04
3.355263e+01 1.094744e+00 4.876249e-04
3.388158e+01 1.086262e+00 4.833584e-04
3.421053e+01 1.078000e+00 4.792000e-04
3.552632e+01 1.046353e+00 4.631537e-04
3.618421e+01 1.031364e+00 4.555187e-04
3.651316e+01 1.024100e+00 4.518160e-04
3.684211e+01 1.017000e+00 4.482000e-04
3.947369e+01 9.632367e-01 4.210641e-04
4.078947e+01 9.384739e-01 4.086812e-04
4.144737e+01 9.267086e-01 4.028213e-04
4.177631e+01 9.209943e-01 3.999798e-04
4.210526e+01 9.154000e-01 3.972000e-04
4.473684e+01 8.728204e-01 3.760254e-04
4.605263e+01 8.530528e-01 3.662018e-04
4.671053e+01 8.436120e-01 3.615160e-04
4.703947e+01 8.390128e-01 3.592356e-04
4.736842e+01 8.345000e-01 3.570000e-04
5.000000e+01 7.999504e-01 3.399446e-04
5.131579e+01 7.837793e-01 3.319934e-04
5.197369e+01 7.760184e-01 3.281849e-04
5.263158e+01 7.685000e-01 3.245000e-04
5.526316e+01 7.397782e-01 3.104353e-04
5.657895e+01 7.262917e-01 3.038423e-04
5.723685e+01 7.198021e-01 3.006737e-04
5.789474e+01 7.135000e-01 2.976000e-04
6.052631e+01 6.893125e-01 2.858268e-04
6.184210e+01 6.778878e-01 2.802787e-04
6.250000e+01 6.723711e-01 2.776029e-04
6.315789e+01 6.670000e-01 2.750000e-04
6.578947e+01 6.463079e-01 2.649834e-04
6.710526e+01 6.364896e-01 2.602363e-04
6.776315e+01 6.317364e-01 2.579395e-04
6.842105e+01 6.271000e-01 2.557000e-04
7.105263e+01 6.091977e-01 2.470560e-04
7.236842e+01 6.006750e-01 2.429431e-04
7.302631e+01 5.965401e-01 2.409484e-04
7.368421e+01 5.925000e-01 2.390000e-04
7.631579e+01 5.768608e-01 2.314557e-04
7.763158e+01 5.693889e-01 2.278560e-04
7.828948e+01 5.657559e-01 2.261082e-04
7.894737e+01 5.622000e-01 2.244000e-04
8.157895e+01 5.483926e-01 2.177904e-04
8.289474e+01 5.417764e-01 2.146346e-04
8.355264e+01 5.385552e-01 2.131008e-04
8.421053e+01 5.354000e-01 2.116000e-04
8.684211e+01 5.231508e-01 2.057862e-04
8.815789e+01 5.172744e-01 2.029975e-04
8.881579e+01 5.144097e-01 2.016366e-04
8.947368e+01 5.116000e-01 2.003000e-04
9.210526e+01 5.006628e-01 1.950698e-04
9.342105e+01 4.953974e-01 1.925445e-04
9.407895e+01 4.928255e-01 1.913107e-04
9.473684e+01 4.903000e-01 1.901000e-04
1.000000e+02 4.710395e-01 1.809342e-04
1.026316e+02 4.620614e-01 1.766897e-04
1.039474e+02 4.577609e-01 1.746613e-04
1.052632e+02 4.536000e-01 1.727000e-04
1.118422e+02 4.339545e-01 1.634194e-04
1.151316e+02 4.248843e-01 1.591241e-04
1.167764e+02 4.205638e-01 1.570756e-04
1.184211e+02 4.164000e-01 1.551000e-04
1.250000e+02 4.005939e-01 1.475860e-04
1.282894e+02 3.932335e-01 1.440879e-04
1.299342e+02 3.897094e-01 1.424153e-04
1.315789e+02 3.863000e-01 1.408000e-04
1.381578e+02 3.732875e-01 1.346726e-04
1.414473e+02 3.671842e-01 1.318106e-04
1.430921e+02 3.642491e-01 1.304354e-04
1.447368e+02 3.614000e-01 1.291000e-04
1.513157e+02 3.504663e-01 1.239578e-04
1.546052e+02 3.453078e-01 1.215227e-04
1.562500e+02 3.428197e-01 1.203459e-04
1.578947e+02 3.404000e-01 1.192000e-04
1.644737e+02 3.310985e-01 1.147800e-04
1.677631e+02 3.266980e-01 1.126888e-04
1.694079e+02 3.245714e-01 1.116801e-04
1.710526e+02 3.225000e-01 1.107000e-04
1.776316e+02 3.145181e-01 1.069613e-04
1.809210e+02 3.107280e-01 1.051945e-04
1.825658e+02 3.088919e-01 1.043381e-04
1.842105e+02 3.071000e-01 1.035000e-04
1.907894e+02 3.001747e-01 1.002217e-04
1.940789e+02 2.968725e-01 9.864587e-05
1.957237e+02 2.952686e-01 9.787926e-05
1.973684e+02 2.937000e-01 9.713000e-05
2.039474e+02 2.876164e-01 9.424470e-05
2.072368e+02 2.847043e-01 9.287084e-05
2.105263e+02 2.819000e-01 9.155000e-05
2.236842e+02 2.714069e-01 8.658347e-05
2.302631e+02 2.665928e-01 8.429648e-05
2.335526e+02 2.643044e-01 8.320825e-05
2.368421e+02 2.621000e-01 8.216000e-05
2.500000e+02 2.536943e-01 7.817931e-05
2.565789e+02 2.497775e-01 7.632561e-05
2.598684e+02 2.479057e-01 7.543824e-05
2.631579e+02 2.461000e-01 7.458000e-05
2.763158e+02 2.392737e-01 7.130620e-05
2.828947e+02 2.360982e-01 6.977223e-05
2.861842e+02 2.345759e-01 6.903508e-05
2.894737e+02 2.331000e-01 6.832000e-05
3.026316e+02 2.274287e-01 6.557952e-05
3.092106e+02 2.247499e-01 6.428807e-05
3.125000e+02 2.234573e-01 6.366543e-05
3.157895e+02 2.222000e-01 6.306000e-05
3.289474e+02 2.173613e-01 6.073256e-05
3.355263e+02 2.150749e-01 5.963114e-05
3.388158e+02 2.139720e-01 5.909873e-05
3.421053e+02 2.129000e-01 5.858000e-05
3.552632e+02 2.087923e-01 5.658065e-05
3.618422e+02 2.068518e-01 5.563037e-05
3.684211e+02 2.050000e-01 5.472000e-05
3.947369e+02 1.981468e-01 5.133771e-05
4.078947e+02 1.950508e-01 4.980137e-05
4.144737e+02 1.935933e-01 4.907565e-05
4.210526e+02 1.922000e-01 4.838000e-05
4.473684e+02 1.869517e-01 4.575205e-05
4.605263e+02 1.845404e-01 4.453704e-05
4.671052e+02 1.833971e-01 4.395804e-05
4.736842e+02 1.823000e-01 4.340000e-05
5.263158e+02 1.745000e-01 3.937000e-05
