1.000000e-02 3.131000e-01 4.222000e-03
1.100000e-02 3.277000e-01 3.995000e-03
1.150000e-02 3.348675e-01 3.890900e-03
1.175000e-02 3.384037e-01 3.841501e-03
1.187500e-02 3.401573e-01 3.817507e-03
1.200000e-02 3.419000e-01 3.794000e-03
1.250000e-02 3.488132e-01 3.702113e-03
1.275000e-02 3.522261e-01 3.657820e-03
1.300000e-02 3.556000e-01 3.615000e-03
1.350000e-02 3.622807e-01 3.532653e-03
1.375000e-02 3.655667e-01 3.493192e-03
1.400000e-02 3.688000e-01 3.455000e-03
1.450000e-02 3.751354e-01 3.380654e-03
1.475000e-02 3.782397e-01 3.344774e-03
1.500000e-02 3.813000e-01 3.310000e-03
1.550000e-02 3.873739e-01 3.242800e-03
1.575000e-02 3.903625e-01 3.210437e-03
1.600000e-02 3.933000e-01 3.179000e-03
1.650000e-02 3.990500e-01 3.117656e-03
1.675000e-02 4.018535e-01 3.087930e-03
1.700000e-02 4.046000e-01 3.059000e-03
1.750000e-02 4.099878e-01 3.002711e-03
1.775000e-02 4.126196e-01 2.975482e-03
1.800000e-02 4.152000e-01 2.949000e-03
1.900000e-02 4.252124e-01 2.847931e-03
1.950000e-02 4.299994e-01 2.800349e-03
1.975000e-02 4.323257e-01 2.777379e-03
2.000000e-02 4.346000e-01 2.755000e-03
2.125000e-02 4.455476e-01 2.647588e-03
2.187500e-02 4.507080e-01 2.597008e-03
2.218750e-02 4.531914e-01 2.572651e-03
2.250000e-02 4.556000e-01 2.549000e-03
2.375000e-02 4.648104e-01 2.458396e-03
2.437500e-02 4.691254e-01 2.415675e-03
2.500000e-02 4.732000e-01 2.375000e-03
2.625000e-02 4.808685e-01 2.297537e-03
2.687500e-02 4.844375e-01 2.260941e-03
2.750000e-02 4.878000e-01 2.226000e-03
2.875000e-02 4.941625e-01 2.159154e-03
2.937500e-02 4.971232e-01 2.127418e-03
3.000000e-02 4.999000e-01 2.097000e-03
3.125000e-02 5.050759e-01 2.038666e-03
3.250000e-02 5.097000e-01 1.984000e-03
3.375000e-02 5.139436e-01 1.931830e-03
3.500000e-02 5.177000e-01 1.883000e-03
3.625000e-02 5.210695e-01 1.837069e-03
3.750000e-02 5.240000e-01 1.794000e-03
4.000000e-02 5.289000e-01 1.713000e-03
4.250000e-02 5.326466e-01 1.640045e-03
4.500000e-02 5.352000e-01 1.575000e-03
5.000000e-02 5.380000e-01 1.459000e-03
5.500000e-02 5.382000e-01 1.360000e-03
6.000000e-02 5.365000e-01 1.276000e-03
6.500000e-02 5.334000e-01 1.202000e-03
7.000000e-02 5.293000e-01 1.137000e-03
7.500000e-02 5.245398e-01 1.078900e-03
7.750000e-02 5.219372e-01 1.052518e-03
8.000000e-02 5.192000e-01 1.028000e-03
8.500000e-02 5.135502e-01 9.819346e-04
8.750000e-02 5.106487e-01 9.605050e-04
9.000000e-02 5.077000e-01 9.403000e-04
9.500000e-02 5.017319e-01 9.021100e-04
9.750000e-02 4.987220e-01 8.842333e-04
1.000000e-01 4.957000e-01 8.673000e-04
1.050000e-01 4.896390e-01 8.351708e-04
1.075000e-01 4.866133e-01 8.200636e-04
1.100000e-01 4.836000e-01 8.057000e-04
1.150000e-01 4.775996e-01 7.783557e-04
1.175000e-01 4.746318e-01 7.654375e-04
1.200000e-01 4.717000e-01 7.531000e-04
1.250000e-01 4.659403e-01 7.294813e-04
1.275000e-01 4.631060e-01 7.182602e-04
1.300000e-01 4.603000e-01 7.075000e-04
1.350000e-01 4.546970e-01 6.868261e-04
1.375000e-01 4.519278e-01 6.769712e-04
1.400000e-01 4.492000e-01 6.675000e-04
1.450000e-01 4.438736e-01 6.492831e-04
1.475000e-01 4.412683e-01 6.405815e-04
1.500000e-01 4.387000e-01 6.322000e-04
1.550000e-01 4.335971e-01 6.160343e-04
1.575000e-01 4.310803e-01 6.082857e-04
1.600000e-01 4.286000e-01 6.008000e-04
1.650000e-01 4.237286e-01 5.863134e-04
1.675000e-01 4.213439e-01 5.793465e-04
1.700000e-01 4.190000e-01 5.726000e-04
1.750000e-01 4.143870e-01 5.595123e-04
1.775000e-01 4.121250e-01 5.532077e-04
1.800000e-01 4.099000e-01 5.471000e-04
1.900000e-01 4.012291e-01 5.239654e-04
1.950000e-01 3.970499e-01 5.131851e-04
1.975000e-01 3.950071e-01 5.080138e-04
2.000000e-01 3.930000e-01 5.030000e-04
2.125000e-01 3.832599e-01 4.791493e-04
2.187500e-01 3.785955e-01 4.680452e-04
2.218750e-01 3.763246e-01 4.627333e-04
2.250000e-01 3.741000e-01 4.576000e-04
2.375000e-01 3.654543e-01 4.380688e-04
2.437500e-01 3.613051e-01 4.289371e-04
2.468750e-01 3.592827e-01 4.245523e-04
2.500000e-01 3.573000e-01 4.203000e-04
2.625000e-01 3.495909e-01 4.039923e-04
2.687500e-01 3.458849e-01 3.963061e-04
2.718750e-01 3.440759e-01 3.926013e-04
2.750000e-01 3.423000e-01 3.890000e-04
2.875000e-01 3.353744e-01 3.751724e-04
2.937500e-01 3.320353e-01 3.686355e-04
3.000000e-01 3.288000e-01 3.624000e-04
3.125000e-01 3.225386e-01 3.505197e-04
3.187500e-01 3.195240e-01 3.448923e-04
3.250000e-01 3.166000e-01 3.395000e-04
3.375000e-01 3.109130e-01 3.291101e-04
3.437500e-01 3.081664e-01 3.241551e-04
3.500000e-01 3.055000e-01 3.194000e-04
3.625000e-01 3.003293e-01 3.102974e-04
3.687500e-01 2.978313e-01 3.059653e-04
3.750000e-01 2.954000e-01 3.018000e-04
3.875000e-01 2.906509e-01 2.937655e-04
3.937500e-01 2.883460e-01 2.899157e-04
4.000000e-01 2.861000e-01 2.862000e-04
4.250000e-01 2.775088e-01 2.721733e-04
4.375000e-01 2.734592e-01 2.656839e-04
4.437500e-01 2.715042e-01 2.625878e-04
4.500000e-01 2.696000e-01 2.596000e-04
4.750000e-01 2.622492e-01 2.482352e-04
4.875000e-01 2.587519e-01 2.429232e-04
4.937500e-01 2.570561e-01 2.403730e-04
5.000000e-01 2.554000e-01 2.379000e-04
5.250000e-01 2.489927e-01 2.284132e-04
5.375000e-01 2.459360e-01 2.239440e-04
5.437500e-01 2.444515e-01 2.217911e-04
5.500000e-01 2.430000e-01 2.197000e-04
5.750000e-01 2.373796e-01 2.116842e-04
5.875000e-01 2.346910e-01 2.079022e-04
5.937500e-01 2.333823e-01 2.060769e-04
6.000000e-01 2.321000e-01 2.043000e-04
6.250000e-01 2.271129e-01 1.974635e-04
6.375000e-01 2.247164e-01 1.942157e-04
6.437500e-01 2.235472e-01 1.926402e-04
6.500000e-01 2.224000e-01 1.911000e-04
6.750000e-01 2.179353e-01 1.851149e-04
6.875000e-01 2.157845e-01 1.822512e-04
7.000000e-01 2.137000e-01 1.795000e-04
7.500000e-01 2.057760e-01 1.693123e-04
7.750000e-01 2.020817e-01 1.646880e-04
7.875000e-01 2.003122e-01 1.625008e-04
8.000000e-01 1.986000e-01 1.604000e-04
8.500000e-01 1.920703e-01 1.524100e-04
8.750000e-01 1.890067e-01 1.486920e-04
8.875000e-01 1.875324e-01 1.469151e-04
9.000000e-01 1.861000e-01 1.452000e-04
9.500000e-01 1.805971e-01 1.386912e-04
9.750000e-01 1.779912e-01 1.356590e-04
9.875000e-01 1.767301e-01 1.342063e-04
1.000000e+00 1.755000e-01 1.328000e-04
1.050000e+00 1.708098e-01 1.274285e-04
1.075000e+00 1.685446e-01 1.249023e-04
1.087500e+00 1.674221e-01 1.236846e-04
1.100000e+00 1.663000e-01 1.225000e-04
1.150000e+00 1.616552e-01 1.179287e-04
1.175000e+00 1.593407e-01 1.157630e-04
1.187500e+00 1.582063e-01 1.147172e-04
1.200000e+00 1.571000e-01 1.137000e-04
1.250000e+00 1.529578e-01 1.098047e-04
1.275000e+00 1.510325e-01 1.079625e-04
1.287500e+00 1.501051e-01 1.070708e-04
1.300000e+00 1.492000e-01 1.062000e-04
1.350000e+00 1.456610e-01 1.028184e-04
1.375000e+00 1.439532e-01 1.012020e-04
1.387500e+00 1.431189e-01 1.004170e-04
1.400000e+00 1.423000e-01 9.965000e-05
1.450000e+00 1.391154e-01 9.668867e-05
1.475000e+00 1.375834e-01 9.527696e-05
1.487500e+00 1.368351e-01 9.459109e-05
1.500000e+00 1.361000e-01 9.392000e-05
1.550000e+00 1.332371e-01 9.131495e-05
1.575000e+00 1.318516e-01 9.006570e-05
1.587500e+00 1.311714e-01 8.945690e-05
1.600000e+00 1.305000e-01 8.886000e-05
1.650000e+00 1.278408e-01 8.653657e-05
1.675000e+00 1.265490e-01 8.541955e-05
1.700000e+00 1.253000e-01 8.434000e-05
1.750000e+00 1.229289e-01 8.225658e-05
1.775000e+00 1.217977e-01 8.125679e-05
1.800000e+00 1.207000e-01 8.029000e-05
1.900000e+00 1.164119e-01 7.662514e-05
1.950000e+00 1.143608e-01 7.491879e-05
1.975000e+00 1.133672e-01 7.410136e-05
2.000000e+00 1.124000e-01 7.331000e-05
2.125000e+00 1.078268e-01 6.956236e-05
2.187500e+00 1.057027e-01 6.782667e-05
2.218750e+00 1.046854e-01 6.699866e-05
2.250000e+00 1.037000e-01 6.620000e-05
2.375000e+00 9.992081e-02 6.316690e-05
2.437500e+00 9.813770e-02 6.175315e-05
2.468750e+00 9.727727e-02 6.107576e-05
2.500000e+00 9.644000e-02 6.042000e-05
2.625000e+00 9.321714e-02 5.791391e-05
2.687500e+00 9.168957e-02 5.673675e-05
2.718750e+00 9.095053e-02 5.617021e-05
2.750000e+00 9.023000e-02 5.562000e-05
2.875000e+00 8.744914e-02 5.350796e-05
2.937500e+00 8.612675e-02 5.251043e-05
2.968750e+00 8.548577e-02 5.202882e-05
3.000000e+00 8.486000e-02 5.156000e-05
3.125000e+00 8.244249e-02 4.975441e-05
3.187500e+00 8.128919e-02 4.889823e-05
3.218750e+00 8.072864e-02 4.848393e-05
3.250000e+00 8.018000e-02 4.808000e-05
3.375000e+00 7.804801e-02 4.652218e-05
3.437500e+00 7.702568e-02 4.578101e-05
3.468750e+00 7.652778e-02 4.542142e-05
3.500000e+00 7.604000e-02 4.507000e-05
3.625000e+00 7.414649e-02 4.370773e-05
3.687500e+00 7.323784e-02 4.305646e-05
3.718750e+00 7.279473e-02 4.273982e-05
3.750000e+00 7.236000e-02 4.243000e-05
3.875000e+00 7.066607e-02 4.122922e-05
3.937500e+00 6.985007e-02 4.065426e-05
3.968750e+00 6.945144e-02 4.037429e-05
4.000000e+00 6.906000e-02 4.010000e-05
4.250000e+00 6.607856e-02 3.802051e-05
4.375000e+00 6.468966e-02 3.705942e-05
4.437500e+00 6.402423e-02 3.660143e-05
4.468750e+00 6.369935e-02 3.637855e-05
4.500000e+00 6.338000e-02 3.616000e-05
4.750000e+00 6.092105e-02 3.448916e-05
4.875000e+00 5.976162e-02 3.370796e-05
4.937500e+00 5.920288e-02 3.333313e-05
5.000000e+00 5.866000e-02 3.297000e-05
5.250000e+00 5.657778e-02 3.158093e-05
5.375000e+00 5.559532e-02 3.092845e-05
5.437500e+00 5.512126e-02 3.061459e-05
5.500000e+00 5.466000e-02 3.031000e-05
5.750000e+00 5.288623e-02 2.914300e-05
5.875000e+00 5.204508e-02 2.859306e-05
5.937500e+00 5.163768e-02 2.832789e-05
6.000000e+00 5.124000e-02 2.807000e-05
6.250000e+00 4.970057e-02 2.707882e-05
6.375000e+00 4.896584e-02 2.660916e-05
6.437500e+00 4.860895e-02 2.638182e-05
6.500000e+00 4.826000e-02 2.616000e-05
6.750000e+00 4.690832e-02 2.530175e-05
6.875000e+00 4.626202e-02 2.489254e-05
6.937500e+00 4.594767e-02 2.469396e-05
7.000000e+00 4.564000e-02 2.450000e-05
7.500000e+00 4.331729e-02 2.304692e-05
7.750000e+00 4.224828e-02 2.238447e-05
7.875000e+00 4.173975e-02 2.207093e-05
7.937500e+00 4.149244e-02 2.191885e-05
8.000000e+00 4.125000e-02 2.177000e-05
8.500000e+00 3.939427e-02 2.063371e-05
8.750000e+00 3.852719e-02 2.010540e-05
8.875000e+00 3.811176e-02 1.985318e-05
8.937500e+00 3.790907e-02 1.973039e-05
9.000000e+00 3.771000e-02 1.961000e-05
9.500000e+00 3.618436e-02 1.869168e-05
9.750000e+00 3.546844e-02 1.826356e-05
9.875000e+00 3.512414e-02 1.805847e-05
1.000000e+01 3.479000e-02 1.786000e-05
1.050000e+01 3.350893e-02 1.710274e-05
1.075000e+01 3.290483e-02 1.674731e-05
1.087500e+01 3.261345e-02 1.657622e-05
1.100000e+01 3.233000e-02 1.641000e-05
1.150000e+01 3.124003e-02 1.576983e-05
1.175000e+01 3.072360e-02 1.546740e-05
1.187500e+01 3.047371e-02 1.532161e-05
1.200000e+01 3.023000e-02 1.518000e-05
1.250000e+01 2.928828e-02 1.463932e-05
1.275000e+01 2.883990e-02 1.438412e-05
1.287500e+01 2.862241e-02 1.426062e-05
1.300000e+01 2.841000e-02 1.414000e-05
1.350000e+01 2.758850e-02 1.367024e-05
1.375000e+01 2.719658e-02 1.344550e-05
1.387500e+01 2.700619e-02 1.333643e-05
1.400000e+01 2.682000e-02 1.323000e-05
1.450000e+01 2.609862e-02 1.282109e-05
1.475000e+01 2.575320e-02 1.262675e-05
1.487500e+01 2.558495e-02 1.253238e-05
1.500000e+01 2.542000e-02 1.244000e-05
1.550000e+01 2.477760e-02 1.207982e-05
1.575000e+01 2.446863e-02 1.190679e-05
1.587500e+01 2.431789e-02 1.182252e-05
1.600000e+01 2.417000e-02 1.174000e-05
1.650000e+01 2.359468e-02 1.142026e-05
1.675000e+01 2.331790e-02 1.126730e-05
1.687500e+01 2.318274e-02 1.119288e-05
1.700000e+01 2.305000e-02 1.112000e-05
1.750000e+01 2.253215e-02 1.083734e-05
1.775000e+01 2.228227e-02 1.070153e-05
1.787500e+01 2.216008e-02 1.063519e-05
1.800000e+01 2.204000e-02 1.057000e-05
1.900000e+01 2.112307e-02 1.006956e-05
1.950000e+01 2.069467e-02 9.835122e-06
1.975000e+01 2.048914e-02 9.722715e-06
2.000000e+01 2.029000e-02 9.614000e-06
2.125000e+01 1.934750e-02 9.103738e-06
2.187500e+01 1.891050e-02 8.869193e-06
2.218750e+01 1.870172e-02 8.757584e-06
2.234375e+01 1.859994e-02 8.703275e-06
2.250000e+01 1.850000e-02 8.650000e-06
2.375000e+01 1.773215e-02 8.240846e-06
2.437500e+01 1.737145e-02 8.049050e-06
2.468750e+01 1.719808e-02 7.957038e-06
2.500000e+01 1.703000e-02 7.868000e-06
2.625000e+01 1.638774e-02 7.529281e-06
2.687500e+01 1.608611e-02 7.370885e-06
2.718750e+01 1.594096e-02 7.294805e-06
2.750000e+01 1.580000e-02 7.221000e-06
2.875000e+01 1.525947e-02 6.937840e-06
2.937500e+01 1.500397e-02 6.804214e-06
2.968750e+01 1.488044e-02 6.739736e-06
3.000000e+01 1.476000e-02 6.677000e-06
3.125000e+01 1.429463e-02 6.435621e-06
3.187500e+01 1.407287e-02 6.321256e-06
3.218750e+01 1.396522e-02 6.265934e-06
3.250000e+01 1.386000e-02 6.212000e-06
3.375000e+01 1.345186e-02 6.003868e-06
3.437500e+01 1.325698e-02 5.904873e-06
3.468750e+01 1.316239e-02 5.856874e-06
3.500000e+01 1.307000e-02 5.810000e-06
3.625000e+01 1.271340e-02 5.628665e-06
3.687500e+01 1.254342e-02 5.542139e-06
3.718750e+01 1.246083e-02 5.500107e-06
3.750000e+01 1.238000e-02 5.459000e-06
3.875000e+01 1.206594e-02 5.299703e-06
3.937500e+01 1.191530e-02 5.223460e-06
3.968750e+01 1.184191e-02 5.186348e-06
4.000000e+01 1.177000e-02 5.150000e-06
4.250000e+01 1.122652e-02 4.874789e-06
4.375000e+01 1.097549e-02 4.747770e-06
4.437500e+01 1.085570e-02 4.687281e-06
4.468750e+01 1.079732e-02 4.657853e-06
4.500000e+01 1.074000e-02 4.629000e-06
4.750000e+01 1.029875e-02 4.408353e-06
4.875000e+01 1.009128e-02 4.305258e-06
4.937500e+01 9.991589e-03 4.255835e-06
5.000000e+01 9.895000e-03 4.208000e-06
5.250000e+01 9.526950e-03 4.025482e-06
5.375000e+01 9.354478e-03 3.939957e-06
5.437500e+01 9.271536e-03 3.898861e-06
5.500000e+01 9.191000e-03 3.859000e-06
5.750000e+01 8.881648e-03 3.706340e-06
5.875000e+01 8.735417e-03 3.634416e-06
5.937500e+01 8.664782e-03 3.599733e-06
6.000000e+01 8.596000e-03 3.566000e-06
6.250000e+01 8.331054e-03 3.436214e-06
6.375000e+01 8.205310e-03 3.374729e-06
6.437500e+01 8.144416e-03 3.344990e-06
6.500000e+01 8.085000e-03 3.316000e-06
6.750000e+01 7.855375e-03 3.204150e-06
6.875000e+01 7.745963e-03 3.150957e-06
6.937500e+01 7.692869e-03 3.125172e-06
7.000000e+01 7.641000e-03 3.100000e-06
7.500000e+01 7.251821e-03 2.911470e-06
7.750000e+01 7.074072e-03 2.825585e-06
7.875000e+01 6.989867e-03 2.784963e-06
7.937500e+01 6.949003e-03 2.765268e-06
8.000000e+01 6.909000e-03 2.746000e-06
8.500000e+01 6.603454e-03 2.599125e-06
8.750000e+01 6.461320e-03 2.530925e-06
8.875000e+01 6.393448e-03 2.498378e-06
8.937500e+01 6.360402e-03 2.482535e-06
9.000000e+01 6.328000e-03 2.467000e-06
9.500000e+01 6.080941e-03 2.348423e-06
9.750000e+01 5.965719e-03 2.293121e-06
9.875000e+01 5.910488e-03 2.266630e-06
1.000000e+02 5.857000e-03 2.241000e-06
1.050000e+02 5.652319e-03 2.143205e-06
1.075000e+02 5.556152e-03 2.097379e-06
1.087500e+02 5.509893e-03 2.075358e-06
1.100000e+02 5.465000e-03 2.054000e-06
1.150000e+02 5.293090e-03 1.972202e-06
1.175000e+02 5.212082e-03 1.933662e-06
1.187500e+02 5.173012e-03 1.915077e-06
1.200000e+02 5.135000e-03 1.897000e-06
1.250000e+02 4.988667e-03 1.827393e-06
1.275000e+02 4.919295e-03 1.794435e-06
1.287500e+02 4.885729e-03 1.778508e-06
1.300000e+02 4.853000e-03 1.763000e-06
1.350000e+02 4.726676e-03 1.703405e-06
1.375000e+02 4.666587e-03 1.675121e-06
1.387500e+02 4.637452e-03 1.661406e-06
1.400000e+02 4.609000e-03 1.648000e-06
1.450000e+02 4.498980e-03 1.595918e-06
1.475000e+02 4.446477e-03 1.570985e-06
1.487500e+02 4.420963e-03 1.558860e-06
1.500000e+02 4.396000e-03 1.547000e-06
1.550000e+02 4.299065e-03 1.501028e-06
1.575000e+02 4.252660e-03 1.479077e-06
1.587500e+02 4.230088e-03 1.468417e-06
1.600000e+02 4.208000e-03 1.458000e-06
1.650000e+02 4.122558e-03 1.417839e-06
1.675000e+02 4.081609e-03 1.398616e-06
1.700000e+02 4.042000e-03 1.380000e-06
1.750000e+02 3.964966e-03 1.343594e-06
1.775000e+02 3.927865e-03 1.326008e-06
1.800000e+02 3.892000e-03 1.309000e-06
1.900000e+02 3.757371e-03 1.245539e-06
1.950000e+02 3.695265e-03 1.216370e-06
1.975000e+02 3.665631e-03 1.202456e-06
2.000000e+02 3.637000e-03 1.189000e-06
2.125000e+02 3.501388e-03 1.124832e-06
2.187500e+02 3.438659e-03 1.094980e-06
2.218750e+02 3.408778e-03 1.080731e-06
2.250000e+02 3.380000e-03 1.067000e-06
2.375000e+02 3.271124e-03 1.015140e-06
2.437500e+02 3.220568e-03 9.910992e-07
2.468750e+02 3.196387e-03 9.796085e-07
2.500000e+02 3.173000e-03 9.685000e-07
2.625000e+02 3.083538e-03 9.260658e-07
2.687500e+02 3.041607e-03 9.061581e-07
2.718750e+02 3.021484e-03 8.965868e-07
2.750000e+02 3.002000e-03 8.873000e-07
2.875000e+02 2.927819e-03 8.517094e-07
2.937500e+02 2.893033e-03 8.349408e-07
2.968750e+02 2.876284e-03 8.268579e-07
3.000000e+02 2.860000e-03 8.190000e-07
3.125000e+02 2.797141e-03 7.888172e-07
3.187500e+02 2.767361e-03 7.745361e-07
3.218750e+02 2.752982e-03 7.676309e-07
3.250000e+02 2.739000e-03 7.609000e-07
3.375000e+02 2.685492e-03 7.349062e-07
3.437500e+02 2.660199e-03 7.225421e-07
3.500000e+02 2.636000e-03 7.107000e-07
3.625000e+02 2.589400e-03 6.880727e-07
3.687500e+02 2.567224e-03 6.773229e-07
3.750000e+02 2.546000e-03 6.670000e-07
3.875000e+02 2.505554e-03 6.470864e-07
3.937500e+02 2.486381e-03 6.375638e-07
4.000000e+02 2.468000e-03 6.284000e-07
4.250000e+02 2.399021e-03 5.941544e-07
4.375000e+02 2.367396e-03 5.784543e-07
4.437500e+02 2.352400e-03 5.709911e-07
4.500000e+02 2.338000e-03 5.638000e-07
4.750000e+02 2.283613e-03 5.363698e-07
4.875000e+02 2.258488e-03 5.235613e-07
4.937500e+02 2.246523e-03 5.174282e-07
5.000000e+02 2.235000e-03 5.115000e-07
5.250000e+02 2.191329e-03 4.889792e-07
5.375000e+02 2.171050e-03 4.784568e-07
5.500000e+02 2.152000e-03 4.685000e-07
5.750000e+02 2.116287e-03 4.496153e-07
5.875000e+02 2.099679e-03 4.407385e-07
6.000000e+02 2.084000e-03 4.323000e-07
6.250000e+02 2.054223e-03 4.162183e-07
6.375000e+02 2.040246e-03 4.086294e-07
6.500000e+02 2.027000e-03 4.014000e-07
6.750000e+02 2.001911e-03 3.876374e-07
6.875000e+02 1.990147e-03 3.811270e-07
7.000000e+02 1.979000e-03 3.749000e-07
7.500000e+02 1.938393e-03 3.516810e-07
7.750000e+02 1.920377e-03 3.411011e-07
8.000000e+02 1.904000e-03 3.313000e-07
8.500000e+02 1.873999e-03 3.131182e-07
8.750000e+02 1.860453e-03 3.047775e-07
9.000000e+02 1.848000e-03 2.970000e-07
1.000000e+03 1.805000e-03 2.694000e-07
