2.083333e-03 9.755000e-01 3.153000e+00
2.291667e-03 1.053000e+00 3.073000e+00
2.395833e-03 1.092737e+00 3.034475e+00
2.447917e-03 1.112814e+00 3.015604e+00
2.473958e-03 1.122896e+00 3.006269e+00
2.500000e-03 1.133000e+00 2.997000e+00
2.604166e-03 1.173594e+00 2.960045e+00
2.656250e-03 1.193856e+00 2.941848e+00
2.682291e-03 1.203950e+00 2.932870e+00
2.708333e-03 1.214000e+00 2.924000e+00
2.812500e-03 1.253931e+00 2.889408e+00
2.864584e-03 1.273613e+00 2.872563e+00
2.890625e-03 1.283350e+00 2.864248e+00
2.916667e-03 1.293000e+00 2.856000e+00
3.020834e-03 1.331043e+00 2.823186e+00
3.072917e-03 1.349682e+00 2.806984e+00
3.098958e-03 1.358885e+00 2.798959e+00
3.125000e-03 1.368000e+00 2.791000e+00
3.229167e-03 1.404122e+00 2.759589e+00
3.281250e-03 1.421779e+00 2.744174e+00
3.307291e-03 1.430455e+00 2.736554e+00
3.333333e-03 1.439000e+00 2.729000e+00
3.437500e-03 1.472207e+00 2.699123e+00
3.489583e-03 1.488282e+00 2.684445e+00
3.515625e-03 1.496185e+00 2.677189e+00
3.541667e-03 1.504000e+00 2.670000e+00
3.645833e-03 1.535009e+00 2.641623e+00
3.697917e-03 1.550186e+00 2.627699e+00
3.750000e-03 1.565000e+00 2.614000e+00
3.958333e-03 1.621173e+00 2.560702e+00
4.062500e-03 1.647333e+00 2.534989e+00
4.114584e-03 1.659866e+00 2.522398e+00
4.166667e-03 1.672000e+00 2.510000e+00
4.427083e-03 1.729549e+00 2.449388e+00
4.557292e-03 1.756160e+00 2.420192e+00
4.622396e-03 1.768823e+00 2.405953e+00
4.687500e-03 1.781000e+00 2.392000e+00
4.947916e-03 1.827078e+00 2.337982e+00
5.078125e-03 1.848298e+00 2.312073e+00
5.143229e-03 1.858358e+00 2.299426e+00
5.208333e-03 1.868000e+00 2.287000e+00
5.468750e-03 1.903987e+00 2.238353e+00
5.598958e-03 1.920514e+00 2.214825e+00
5.729167e-03 1.936000e+00 2.192000e+00
5.989584e-03 1.965430e+00 2.147837e+00
6.119792e-03 1.979148e+00 2.126590e+00
6.250000e-03 1.992000e+00 2.106000e+00
6.510417e-03 2.015676e+00 2.066080e+00
6.640625e-03 2.026619e+00 2.046788e+00
6.770833e-03 2.037000e+00 2.028000e+00
7.031250e-03 2.057190e+00 1.991231e+00
7.291667e-03 2.076000e+00 1.956000e+00
7.552083e-03 2.093245e+00 1.922203e+00
7.812500e-03 2.109000e+00 1.890000e+00
8.072916e-03 2.123865e+00 1.858838e+00
8.333333e-03 2.138000e+00 1.829000e+00
8.854166e-03 2.165630e+00 1.772331e+00
9.114583e-03 2.179009e+00 1.745576e+00
9.375000e-03 2.192000e+00 1.720000e+00
9.895835e-03 2.216808e+00 1.670900e+00
1.015625e-02 2.228915e+00 1.647498e+00
1.041667e-02 2.241000e+00 1.625000e+00
1.093750e-02 2.265605e+00 1.581626e+00
1.119791e-02 2.278184e+00 1.560912e+00
1.145833e-02 2.291000e+00 1.541000e+00
1.197916e-02 2.317033e+00 1.502794e+00
1.223958e-02 2.330365e+00 1.484564e+00
1.250000e-02 2.344000e+00 1.467000e+00
1.302084e-02 2.372005e+00 1.433031e+00
1.328125e-02 2.386372e+00 1.416734e+00
1.354167e-02 2.401000e+00 1.401000e+00
1.406250e-02 2.430479e+00 1.370672e+00
1.432292e-02 2.445549e+00 1.356108e+00
1.458333e-02 2.461000e+00 1.342000e+00
1.562500e-02 2.526203e+00 1.288175e+00
1.614584e-02 2.560842e+00 1.262931e+00
1.640625e-02 2.578722e+00 1.250789e+00
1.666667e-02 2.597000e+00 1.239000e+00
1.770833e-02 2.672028e+00 1.193652e+00
1.822917e-02 2.710922e+00 1.172272e+00
1.848958e-02 2.730796e+00 1.161982e+00
1.875000e-02 2.751000e+00 1.152000e+00
1.979166e-02 2.833644e+00 1.114008e+00
2.031250e-02 2.876268e+00 1.096114e+00
2.057291e-02 2.897980e+00 1.087457e+00
2.083333e-02 2.920000e+00 1.079000e+00
2.187500e-02 3.009835e+00 1.045988e+00
2.239583e-02 3.055934e+00 1.030170e+00
2.265625e-02 3.079335e+00 1.022492e+00
2.291667e-02 3.103000e+00 1.015000e+00
2.395834e-02 3.199233e+00 9.862456e-01
2.447917e-02 3.248276e+00 9.725992e-01
2.473958e-02 3.273049e+00 9.659777e-01
2.500000e-02 3.298000e+00 9.595000e-01
2.604166e-02 3.398612e+00 9.342868e-01
2.656250e-02 3.449534e+00 9.221799e-01
2.682291e-02 3.475190e+00 9.162805e-01
2.708333e-02 3.501000e+00 9.105000e-01
2.812500e-02 3.605154e+00 8.880645e-01
2.864583e-02 3.657833e+00 8.772997e-01
2.890625e-02 3.684351e+00 8.720502e-01
2.916667e-02 3.711000e+00 8.669000e-01
3.020833e-02 3.818371e+00 8.468318e-01
3.072917e-02 3.872516e+00 8.371638e-01
3.098958e-02 3.899714e+00 8.324401e-01
3.125000e-02 3.927000e+00 8.278000e-01
3.229166e-02 4.036525e+00 8.097006e-01
3.281250e-02 4.091611e+00 8.009683e-01
3.307291e-02 4.119261e+00 7.966978e-01
3.333333e-02 4.147000e+00 7.925000e-01
3.437500e-02 4.258589e+00 7.761193e-01
3.489584e-02 4.314699e+00 7.682001e-01
3.515625e-02 4.342827e+00 7.643203e-01
3.541667e-02 4.371000e+00 7.605000e-01
3.645833e-02 4.483833e+00 7.455257e-01
3.697917e-02 4.540363e+00 7.382641e-01
3.723958e-02 4.568666e+00 7.347042e-01
3.750000e-02 4.597000e+00 7.312000e-01
3.958333e-02 4.824513e+00 7.043766e-01
4.062500e-02 4.938662e+00 6.917754e-01
4.114584e-02 4.995813e+00 6.857041e-01
4.140625e-02 5.024403e+00 6.827303e-01
4.166667e-02 5.053000e+00 6.798000e-01
4.427084e-02 5.339157e+00 6.516440e-01
4.557292e-02 5.482170e+00 6.384192e-01
4.622396e-02 5.553618e+00 6.320626e-01
4.654948e-02 5.589319e+00 6.289556e-01
4.687500e-02 5.625000e+00 6.259000e-01
4.947916e-02 5.910179e+00 6.024047e-01
5.078125e-02 6.052338e+00 5.913306e-01
5.143229e-02 6.123246e+00 5.859914e-01
5.175781e-02 6.158645e+00 5.833762e-01
5.208333e-02 6.194000e+00 5.808000e-01
5.468750e-02 6.476172e+00 5.608789e-01
5.598959e-02 6.616489e+00 5.514275e-01
5.664063e-02 6.686365e+00 5.468554e-01
5.696615e-02 6.721216e+00 5.446122e-01
5.729167e-02 6.756000e+00 5.424000e-01
5.989584e-02 7.033062e+00 5.252696e-01
6.119792e-02 7.170527e+00 5.171158e-01
6.184896e-02 7.238907e+00 5.131616e-01
6.250000e-02 7.307000e+00 5.093000e-01
6.510416e-02 7.577711e+00 4.943705e-01
6.640625e-02 7.711869e+00 4.872474e-01
6.705729e-02 7.778577e+00 4.837862e-01
6.770833e-02 7.845000e+00 4.804000e-01
7.031250e-02 8.109218e+00 4.672565e-01
7.161459e-02 8.240147e+00 4.609624e-01
7.226563e-02 8.305227e+00 4.578993e-01
7.291667e-02 8.370000e+00 4.549000e-01
7.552084e-02 8.627388e+00 4.432633e-01
7.682292e-02 8.754777e+00 4.376845e-01
7.747396e-02 8.818053e+00 4.349658e-01
7.812500e-02 8.881000e+00 4.323000e-01
8.072916e-02 9.130867e+00 4.219260e-01
8.203125e-02 9.254484e+00 4.169331e-01
8.268229e-02 9.315895e+00 4.144946e-01
8.333333e-02 9.377000e+00 4.121000e-01
8.854166e-02 9.860747e+00 3.938412e-01
9.114583e-02 1.009774e+01 3.853283e-01
9.244792e-02 1.021456e+01 3.812490e-01
9.309896e-02 1.027247e+01 3.792575e-01
9.375000e-02 1.033000e+01 3.773000e-01
9.895835e-02 1.078294e+01 3.622339e-01
1.015625e-01 1.100385e+01 3.551366e-01
1.028646e-01 1.111258e+01 3.517187e-01
1.041667e-01 1.122000e+01 3.484000e-01
1.093750e-01 1.164147e+01 3.356926e-01
1.119791e-01 1.184745e+01 3.297028e-01
1.132812e-01 1.194917e+01 3.268128e-01
1.145833e-01 1.205000e+01 3.240000e-01
1.197916e-01 1.245027e+01 3.131606e-01
1.223958e-01 1.264696e+01 3.080174e-01
1.236979e-01 1.274403e+01 3.055278e-01
1.250000e-01 1.284000e+01 3.031000e-01
1.302084e-01 1.321684e+01 2.937351e-01
1.328125e-01 1.340042e+01 2.892778e-01
1.341146e-01 1.349076e+01 2.871146e-01
1.354167e-01 1.358000e+01 2.850000e-01
1.406250e-01 1.393084e+01 2.767999e-01
1.432291e-01 1.410213e+01 2.728764e-01
1.445312e-01 1.418653e+01 2.709678e-01
1.458333e-01 1.427000e+01 2.691000e-01
1.562500e-01 1.491976e+01 2.550146e-01
1.614584e-01 1.523080e+01 2.485405e-01
1.640625e-01 1.538205e+01 2.454628e-01
1.666667e-01 1.553000e+01 2.425000e-01
1.770834e-01 1.610238e+01 2.312594e-01
1.822917e-01 1.637611e+01 2.260275e-01
1.848958e-01 1.650938e+01 2.235229e-01
1.875000e-01 1.664000e+01 2.211000e-01
1.979166e-01 1.714859e+01 2.118433e-01
2.031250e-01 1.739329e+01 2.075043e-01
2.057291e-01 1.751275e+01 2.054202e-01
2.083333e-01 1.763000e+01 2.034000e-01
2.187500e-01 1.808761e+01 1.956796e-01
2.239584e-01 1.830769e+01 1.920494e-01
2.265625e-01 1.841495e+01 1.903004e-01
2.291667e-01 1.852000e+01 1.886000e-01
2.395834e-01 1.892678e+01 1.820651e-01
2.447917e-01 1.912169e+01 1.789666e-01
2.500000e-01 1.931000e+01 1.760000e-01
2.604167e-01 1.967415e+01 1.702979e-01
2.656250e-01 1.984959e+01 1.675892e-01
2.708333e-01 2.002000e+01 1.650000e-01
2.812500e-01 2.035333e+01 1.600741e-01
2.864583e-01 2.051433e+01 1.577401e-01
2.916667e-01 2.067000e+01 1.555000e-01
3.020833e-01 2.096846e+01 1.511737e-01
3.072917e-01 2.111142e+01 1.491004e-01
3.125000e-01 2.125000e+01 1.471000e-01
3.229167e-01 2.152117e+01 1.432373e-01
3.281250e-01 2.165251e+01 1.413862e-01
3.333333e-01 2.178000e+01 1.396000e-01
3.437500e-01 2.202562e+01 1.361569e-01
3.489583e-01 2.214419e+01 1.345031e-01
3.541667e-01 2.226000e+01 1.329000e-01
3.645833e-01 2.248919e+01 1.297720e-01
3.750000e-01 2.271000e+01 1.268000e-01
3.958333e-01 2.312003e+01 1.213085e-01
4.062500e-01 2.331010e+01 1.187795e-01
4.166667e-01 2.349000e+01 1.164000e-01
4.427083e-01 2.391956e+01 1.107786e-01
4.557292e-01 2.412068e+01 1.081623e-01
4.687500e-01 2.431000e+01 1.057000e-01
4.947917e-01 2.466216e+01 1.010688e-01
5.078125e-01 2.482548e+01 9.891297e-02
5.208333e-01 2.498000e+01 9.688000e-02
5.468750e-01 2.527726e+01 9.304226e-02
5.598958e-01 2.541747e+01 9.124508e-02
5.729167e-01 2.555000e+01 8.954000e-02
5.989583e-01 2.579689e+01 8.629308e-02
6.250000e-01 2.602000e+01 8.330000e-02
6.510417e-01 2.622950e+01 8.050425e-02
6.770833e-01 2.642000e+01 7.793000e-02
7.031250e-01 2.659363e+01 7.550788e-02
7.291667e-01 2.675000e+01 7.326000e-02
7.552083e-01 2.689676e+01 7.113350e-02
7.812500e-01 2.703000e+01 6.915000e-02
8.333333e-01 2.726000e+01 6.551000e-02
8.854167e-01 2.745511e+01 6.223511e-02
9.375000e-01 2.761000e+01 5.934000e-02
1.041667e+00 2.783000e+01 5.429000e-02
1.145833e+00 2.795000e+01 5.009000e-02
1.250000e+00 2.798000e+01 4.653000e-02
1.354167e+00 2.796000e+01 4.347000e-02
1.458333e+00 2.787000e+01 4.081000e-02
1.562500e+00 2.774841e+01 3.845454e-02
1.666667e+00 2.759000e+01 3.641000e-02
1.770833e+00 2.739578e+01 3.455476e-02
1.875000e+00 2.719000e+01 3.291000e-02
1.979167e+00 2.701223e+01 3.141198e-02
2.083333e+00 2.683000e+01 3.007000e-02
2.187500e+00 2.661466e+01 2.882834e-02
2.291667e+00 2.636000e+01 2.770000e-02
2.395834e+00 2.606246e+01 2.664932e-02
2.447917e+00 2.590906e+01 2.615711e-02
2.500000e+00 2.576000e+01 2.569000e-02
2.604166e+00 2.549922e+01 2.480145e-02
2.708333e+00 2.526000e+01 2.398000e-02
2.812500e+00 2.500357e+01 2.320709e-02
2.864584e+00 2.487195e+01 2.284096e-02
2.916667e+00 2.474000e+01 2.249000e-02
3.020834e+00 2.448278e+01 2.181327e-02
3.072917e+00 2.435613e+01 2.149024e-02
3.125000e+00 2.423000e+01 2.118000e-02
3.229166e+00 2.397443e+01 2.058613e-02
3.281250e+00 2.384666e+01 2.030298e-02
3.333333e+00 2.372000e+01 2.003000e-02
3.437500e+00 2.347292e+01 1.950039e-02
3.489584e+00 2.335122e+01 1.924584e-02
3.541667e+00 2.323000e+01 1.900000e-02
3.645834e+00 2.298448e+01 1.852649e-02
3.697917e+00 2.286173e+01 1.829950e-02
3.750000e+00 2.274000e+01 1.808000e-02
3.958334e+00 2.226897e+01 1.724561e-02
4.062500e+00 2.204177e+01 1.685659e-02
4.114584e+00 2.193022e+01 1.667026e-02
4.166667e+00 2.182000e+01 1.649000e-02
4.427084e+00 2.127401e+01 1.563991e-02
4.557292e+00 2.100806e+01 1.524747e-02
4.622396e+00 2.087783e+01 1.506042e-02
4.687500e+00 2.075000e+01 1.488000e-02
4.947916e+00 2.025651e+01 1.419335e-02
5.078125e+00 2.001976e+01 1.387268e-02
5.143229e+00 1.990399e+01 1.371891e-02
5.208333e+00 1.979000e+01 1.357000e-02
5.468750e+00 1.933965e+01 1.300079e-02
5.598959e+00 1.912120e+01 1.273348e-02
5.664063e+00 1.901450e+01 1.260486e-02
5.729167e+00 1.891000e+01 1.248000e-02
5.989584e+00 1.850861e+01 1.200129e-02
6.119792e+00 1.831653e+01 1.177533e-02
6.184896e+00 1.822260e+01 1.166623e-02
6.250000e+00 1.813000e+01 1.156000e-02
6.510416e+00 1.776297e+01 1.115014e-02
6.640625e+00 1.758397e+01 1.095568e-02
6.770833e+00 1.741000e+01 1.077000e-02
7.031250e+00 1.707551e+01 1.041672e-02
7.161459e+00 1.691521e+01 1.024972e-02
7.291667e+00 1.676000e+01 1.009000e-02
7.552084e+00 1.645865e+01 9.783579e-03
7.682292e+00 1.631262e+01 9.637519e-03
7.812500e+00 1.617000e+01 9.497000e-03
8.072916e+00 1.588965e+01 9.225854e-03
8.203125e+00 1.575311e+01 9.096062e-03
8.333333e+00 1.562000e+01 8.971000e-03
8.854166e+00 1.511404e+01 8.501754e-03
9.114583e+00 1.487645e+01 8.285854e-03
9.244792e+00 1.476178e+01 8.183081e-03
9.375000e+00 1.465000e+01 8.084000e-03
9.895835e+00 1.421709e+01 7.706576e-03
1.015625e+01 1.400987e+01 7.530292e-03
1.028646e+01 1.390894e+01 7.445789e-03
1.041667e+01 1.381000e+01 7.364000e-03
1.093750e+01 1.342388e+01 7.051991e-03
1.119792e+01 1.323847e+01 6.905679e-03
1.132812e+01 1.314825e+01 6.835313e-03
1.145833e+01 1.306000e+01 6.767000e-03
1.197917e+01 1.272002e+01 6.504686e-03
1.223958e+01 1.255740e+01 6.380856e-03
1.236979e+01 1.247804e+01 6.321112e-03
1.250000e+01 1.240000e+01 6.263000e-03
1.302083e+01 1.209307e+01 6.039694e-03
1.328125e+01 1.194428e+01 5.933981e-03
1.341146e+01 1.187148e+01 5.882851e-03
1.354167e+01 1.180000e+01 5.833000e-03
1.406250e+01 1.152298e+01 5.640523e-03
1.432292e+01 1.138961e+01 5.548883e-03
1.445312e+01 1.132431e+01 5.504426e-03
1.458333e+01 1.126000e+01 5.461000e-03
1.562500e+01 1.076154e+01 5.134971e-03
1.614583e+01 1.052514e+01 4.986102e-03
1.640625e+01 1.041099e+01 4.915626e-03
1.653646e+01 1.035507e+01 4.881444e-03
1.666667e+01 1.030000e+01 4.848000e-03
1.770833e+01 9.875096e+00 4.593159e-03
1.822917e+01 9.674513e+00 4.474864e-03
1.848958e+01 9.577858e+00 4.418418e-03
1.875000e+01 9.484000e+00 4.364000e-03
1.979167e+01 9.124296e+00 4.157979e-03
2.031250e+01 8.955198e+00 4.062207e-03
2.057291e+01 8.873876e+00 4.016364e-03
2.083333e+01 8.795000e+00 3.972000e-03
2.187500e+01 8.492452e+00 3.802306e-03
2.239583e+01 8.350636e+00 3.722584e-03
2.265625e+01 8.282674e+00 3.684230e-03
2.291667e+01 8.217000e+00 3.647000e-03
2.395833e+01 7.967149e+00 3.504304e-03
2.447917e+01 7.851260e+00 3.437024e-03
2.473958e+01 7.796073e+00 3.404571e-03
2.500000e+01 7.743000e+00 3.373000e-03
2.604167e+01 7.541941e+00 3.251514e-03
2.656250e+01 7.449796e+00 3.193962e-03
2.682291e+01 7.406364e+00 3.166128e-03
2.708333e+01 7.365000e+00 3.139000e-03
2.812500e+01 7.217048e+00 3.034363e-03
2.864583e+01 7.148614e+00 2.984631e-03
2.916667e+01 7.081000e+00 2.937000e-03
3.020833e+01 6.937631e+00 2.845935e-03
3.072917e+01 6.862703e+00 2.802628e-03
3.098958e+01 6.824542e+00 2.781593e-03
3.125000e+01 6.786000e+00 2.761000e-03
3.229166e+01 6.628698e+00 2.680774e-03
3.281250e+01 6.550442e+00 2.642217e-03
3.307291e+01 6.511886e+00 2.623421e-03
3.333333e+01 6.474000e+00 2.605000e-03
3.437500e+01 6.328812e+00 2.533385e-03
3.489584e+01 6.259711e+00 2.499060e-03
3.515625e+01 6.226056e+00 2.482354e-03
3.541667e+01 6.193000e+00 2.466000e-03
3.645834e+01 6.063214e+00 2.402707e-03
3.697917e+01 6.000237e+00 2.372357e-03
3.723958e+01 5.969369e+00 2.357546e-03
3.750000e+01 5.939000e+00 2.343000e-03
3.958334e+01 5.707110e+00 2.231415e-03
4.062500e+01 5.598643e+00 2.179201e-03
4.114584e+01 5.546542e+00 2.154183e-03
4.166667e+01 5.496000e+00 2.130000e-03
4.427084e+01 5.255902e+00 2.016678e-03
4.557292e+01 5.144171e+00 1.964639e-03
4.622396e+01 5.090703e+00 1.939877e-03
4.654948e+01 5.064620e+00 1.927825e-03
4.687500e+01 5.039000e+00 1.916000e-03
4.947916e+01 4.842186e+00 1.825031e-03
5.078125e+01 4.749677e+00 1.782329e-03
5.143229e+01 4.705177e+00 1.761834e-03
5.208333e+01 4.662000e+00 1.742000e-03
5.468750e+01 4.497336e+00 1.666589e-03
5.598959e+01 4.419559e+00 1.631343e-03
5.664063e+01 4.381870e+00 1.614417e-03
5.729167e+01 4.345000e+00 1.598000e-03
5.989584e+01 4.200611e+00 1.535050e-03
6.119792e+01 4.131351e+00 1.505330e-03
6.184896e+01 4.097748e+00 1.490977e-03
6.250000e+01 4.065000e+00 1.477000e-03
6.510416e+01 3.939674e+00 1.423022e-03
6.640625e+01 3.880504e+00 1.397418e-03
6.705729e+01 3.851898e+00 1.385044e-03
6.770833e+01 3.824000e+00 1.373000e-03
7.031250e+01 3.716040e+00 1.326822e-03
7.161459e+01 3.664514e+00 1.304950e-03
7.226563e+01 3.639481e+00 1.294354e-03
7.291667e+01 3.615000e+00 1.284000e-03
7.552084e+01 3.520103e+00 1.243794e-03
7.682292e+01 3.474707e+00 1.224539e-03
7.747396e+01 3.452622e+00 1.215170e-03
7.812500e+01 3.431000e+00 1.206000e-03
8.072916e+01 3.347028e+00 1.170414e-03
8.203125e+01 3.306783e+00 1.153385e-03
8.268229e+01 3.287188e+00 1.145103e-03
8.333333e+01 3.268000e+00 1.137000e-03
8.854166e+01 3.123236e+00 1.076094e-03
9.114583e+01 3.056509e+00 1.048133e-03
9.244792e+01 3.024702e+00 1.034829e-03
9.309896e+01 3.009209e+00 1.028353e-03
9.375000e+01 2.994000e+00 1.022000e-03
9.895835e+01 2.876905e+00 9.731098e-04
1.015625e+02 2.821917e+00 9.501620e-04
1.028646e+02 2.795529e+00 9.391516e-04
1.041667e+02 2.770000e+00 9.285000e-04
1.093750e+02 2.673155e+00 8.880526e-04
1.119792e+02 2.627896e+00 8.691646e-04
1.132812e+02 2.606139e+00 8.600964e-04
1.145833e+02 2.585000e+00 8.513000e-04
1.197917e+02 2.503391e+00 8.175180e-04
1.223958e+02 2.464753e+00 8.015722e-04
1.236979e+02 2.446113e+00 7.938803e-04
1.250000e+02 2.428000e+00 7.864000e-04
1.302083e+02 2.358830e+00 7.576777e-04
1.328125e+02 2.326195e+00 7.440855e-04
1.341146e+02 2.310409e+00 7.375111e-04
1.354167e+02 2.295000e+00 7.311000e-04
1.406250e+02 2.235103e+00 7.063155e-04
1.432292e+02 2.206468e+00 6.945119e-04
1.445312e+02 2.192568e+00 6.887878e-04
1.458333e+02 2.179000e+00 6.832000e-04
1.562500e+02 2.078093e+00 6.414153e-04
1.614583e+02 2.032361e+00 6.224067e-04
1.640625e+02 2.010749e+00 6.134198e-04
1.653646e+02 2.000265e+00 6.090628e-04
1.666667e+02 1.990000e+00 6.048000e-04
1.770833e+02 1.911176e+00 5.722700e-04
1.822917e+02 1.874418e+00 5.571579e-04
1.848958e+02 1.856879e+00 5.499479e-04
1.875000e+02 1.840000e+00 5.430000e-04
2.083333e+02 1.720000e+00 4.931000e-04
