1.785714e-03 9.176000e-01 3.687000e+00
1.964286e-03 9.624000e-01 3.630000e+00
2.053572e-03 1.020935e+00 3.601425e+00
2.098214e-03 1.055175e+00 3.587179e+00
2.120536e-03 1.072712e+00 3.580079e+00
2.131696e-03 1.081425e+00 3.576536e+00
2.142857e-03 1.090000e+00 3.573000e+00
2.232143e-03 1.152462e+00 3.544857e+00
2.276786e-03 1.180007e+00 3.530888e+00
2.299107e-03 1.192825e+00 3.523933e+00
2.310268e-03 1.198993e+00 3.520463e+00
2.321429e-03 1.205000e+00 3.517000e+00
2.410715e-03 1.250698e+00 3.489381e+00
2.455357e-03 1.271671e+00 3.475653e+00
2.477679e-03 1.281566e+00 3.468815e+00
2.500000e-03 1.291000e+00 3.462000e+00
2.589285e-03 1.325968e+00 3.434868e+00
2.633928e-03 1.341682e+00 3.421394e+00
2.656250e-03 1.349028e+00 3.414686e+00
2.678571e-03 1.356000e+00 3.408000e+00
2.767857e-03 1.381679e+00 3.381373e+00
2.812500e-03 1.393276e+00 3.368147e+00
2.857143e-03 1.404000e+00 3.355000e+00
2.946428e-03 1.424237e+00 3.328801e+00
2.991071e-03 1.433504e+00 3.315829e+00
3.035714e-03 1.442000e+00 3.303000e+00
3.125000e-03 1.457062e+00 3.277723e+00
3.214286e-03 1.470000e+00 3.253000e+00
3.392857e-03 1.493224e+00 3.204705e+00
3.482143e-03 1.503557e+00 3.181141e+00
3.571429e-03 1.513000e+00 3.158000e+00
3.794643e-03 1.534188e+00 3.100966e+00
3.906250e-03 1.543828e+00 3.073145e+00
4.017857e-03 1.553000e+00 3.046000e+00
4.241071e-03 1.571024e+00 2.993365e+00
4.352679e-03 1.579990e+00 2.967882e+00
4.464286e-03 1.589000e+00 2.943000e+00
4.687500e-03 1.607255e+00 2.894122e+00
4.799107e-03 1.616551e+00 2.870289e+00
4.910714e-03 1.626000e+00 2.847000e+00
5.133929e-03 1.645225e+00 2.801605e+00
5.245536e-03 1.655032e+00 2.779554e+00
5.357143e-03 1.665000e+00 2.758000e+00
5.580357e-03 1.685171e+00 2.715723e+00
5.691964e-03 1.695475e+00 2.695126e+00
5.803571e-03 1.706000e+00 2.675000e+00
6.026786e-03 1.727638e+00 2.635749e+00
6.138393e-03 1.738729e+00 2.616667e+00
6.250000e-03 1.750000e+00 2.598000e+00
6.473215e-03 1.772823e+00 2.561417e+00
6.584822e-03 1.784367e+00 2.543544e+00
6.696429e-03 1.796000e+00 2.526000e+00
6.919643e-03 1.819297e+00 2.491447e+00
7.031250e-03 1.831069e+00 2.474550e+00
7.142857e-03 1.843000e+00 2.458000e+00
7.589285e-03 1.892427e+00 2.394357e+00
7.812500e-03 1.917969e+00 2.364092e+00
7.924107e-03 1.930928e+00 2.349391e+00
8.035714e-03 1.944000e+00 2.335000e+00
8.482142e-03 1.996623e+00 2.278993e+00
8.705357e-03 2.023195e+00 2.252056e+00
8.816964e-03 2.036565e+00 2.238907e+00
8.928571e-03 2.050000e+00 2.226000e+00
9.375000e-03 2.104169e+00 2.175734e+00
9.598215e-03 2.131498e+00 2.151502e+00
9.709822e-03 2.145227e+00 2.139652e+00
9.821429e-03 2.159000e+00 2.128000e+00
1.026786e-02 2.214210e+00 2.082380e+00
1.049107e-02 2.241998e+00 2.060342e+00
1.060268e-02 2.255966e+00 2.049572e+00
1.071429e-02 2.270000e+00 2.039000e+00
1.116071e-02 2.326698e+00 1.997946e+00
1.138393e-02 2.355290e+00 1.978182e+00
1.149553e-02 2.369634e+00 1.968514e+00
1.160714e-02 2.384000e+00 1.959000e+00
1.205357e-02 2.441471e+00 1.921696e+00
1.227679e-02 2.470224e+00 1.903602e+00
1.238839e-02 2.484608e+00 1.894732e+00
1.250000e-02 2.499000e+00 1.886000e+00
1.339286e-02 2.614221e+00 1.819232e+00
1.383928e-02 2.672005e+00 1.787860e+00
1.406250e-02 2.700970e+00 1.772731e+00
1.417410e-02 2.715476e+00 1.765314e+00
1.428571e-02 2.730000e+00 1.758000e+00
1.517857e-02 2.846815e+00 1.701102e+00
1.562500e-02 2.905411e+00 1.673968e+00
1.584821e-02 2.934716e+00 1.660819e+00
1.607143e-02 2.964000e+00 1.648000e+00
1.696429e-02 3.080620e+00 1.598735e+00
1.741071e-02 3.138800e+00 1.575373e+00
1.763393e-02 3.167889e+00 1.564054e+00
1.785714e-02 3.197000e+00 1.553000e+00
1.875000e-02 3.313902e+00 1.510150e+00
1.919643e-02 3.372464e+00 1.489677e+00
1.941964e-02 3.401743e+00 1.479728e+00
1.964286e-02 3.431000e+00 1.470000e+00
2.053572e-02 3.547707e+00 1.432353e+00
2.098214e-02 3.605902e+00 1.414350e+00
2.120536e-02 3.634962e+00 1.405587e+00
2.142857e-02 3.664000e+00 1.397000e+00
2.232143e-02 3.780043e+00 1.363570e+00
2.276786e-02 3.838026e+00 1.347508e+00
2.299107e-02 3.867013e+00 1.339677e+00
2.321429e-02 3.896000e+00 1.332000e+00
2.410714e-02 4.012102e+00 1.302227e+00
2.455357e-02 4.070112e+00 1.287903e+00
2.477679e-02 4.099078e+00 1.280896e+00
2.500000e-02 4.128000e+00 1.274000e+00
2.589285e-02 4.243311e+00 1.246902e+00
2.633928e-02 4.300740e+00 1.233760e+00
2.656250e-02 4.329392e+00 1.227325e+00
2.678571e-02 4.358000e+00 1.221000e+00
2.767857e-02 4.472180e+00 1.196400e+00
2.812500e-02 4.529135e+00 1.184533e+00
2.834821e-02 4.557579e+00 1.178723e+00
2.857143e-02 4.586000e+00 1.173000e+00
2.946428e-02 4.699611e+00 1.150574e+00
2.991071e-02 4.756342e+00 1.139665e+00
3.013393e-02 4.784682e+00 1.134299e+00
3.035714e-02 4.813000e+00 1.129000e+00
3.125000e-02 4.926194e+00 1.108084e+00
3.169643e-02 4.982668e+00 1.097903e+00
3.191964e-02 5.010856e+00 1.092910e+00
3.214286e-02 5.039000e+00 1.088000e+00
3.392858e-02 5.263034e+00 1.050815e+00
3.482143e-02 5.374304e+00 1.033474e+00
3.526786e-02 5.429729e+00 1.025128e+00
3.549108e-02 5.457384e+00 1.021036e+00
3.571429e-02 5.485000e+00 1.017000e+00
3.794643e-02 5.760380e+00 9.778434e-01
3.906250e-02 5.897166e+00 9.592717e-01
3.962053e-02 5.965225e+00 9.503083e-01
3.989955e-02 5.999152e+00 9.459196e-01
4.017857e-02 6.033000e+00 9.416000e-01
4.241072e-02 6.302216e+00 9.083910e-01
4.352679e-02 6.435621e+00 8.927235e-01
4.408482e-02 6.501954e+00 8.851614e-01
4.436384e-02 6.535015e+00 8.814544e-01
4.464286e-02 6.568000e+00 8.778000e-01
4.687500e-02 6.830651e+00 8.494795e-01
4.799107e-02 6.960856e+00 8.360029e-01
4.854910e-02 7.025582e+00 8.294722e-01
4.910714e-02 7.090000e+00 8.231000e-01
5.133928e-02 7.345795e+00 7.985211e-01
5.245536e-02 7.472420e+00 7.868241e-01
5.301339e-02 7.535353e+00 7.811481e-01
5.357143e-02 7.598000e+00 7.756000e-01
5.580357e-02 7.847247e+00 7.540912e-01
5.691964e-02 7.970690e+00 7.438030e-01
5.747767e-02 8.032010e+00 7.387986e-01
5.803571e-02 8.093000e+00 7.339000e-01
6.026785e-02 8.334935e+00 7.148996e-01
6.138393e-02 8.454531e+00 7.057916e-01
6.194196e-02 8.513920e+00 7.013528e-01
6.250000e-02 8.573000e+00 6.970000e-01
6.473214e-02 8.807813e+00 6.800445e-01
6.584822e-02 8.923980e+00 6.718871e-01
6.640625e-02 8.981655e+00 6.679061e-01
6.696429e-02 9.039000e+00 6.640000e-01
6.919643e-02 9.266451e+00 6.488027e-01
7.031250e-02 9.378810e+00 6.414863e-01
7.087053e-02 9.434568e+00 6.379116e-01
7.142857e-02 9.490000e+00 6.344000e-01
7.589285e-02 9.927411e+00 6.075739e-01
7.812500e-02 1.014102e+01 5.950392e-01
7.924107e-02 1.024617e+01 5.890258e-01
7.979910e-02 1.029826e+01 5.860883e-01
8.035714e-02 1.035000e+01 5.832000e-01
8.482143e-02 1.075698e+01 5.609630e-01
8.705357e-02 1.095551e+01 5.504738e-01
8.816964e-02 1.105331e+01 5.454163e-01
8.928571e-02 1.115000e+01 5.405000e-01
9.375000e-02 1.153124e+01 5.216250e-01
9.598214e-02 1.171756e+01 5.127050e-01
9.709822e-02 1.180933e+01 5.083963e-01
9.821429e-02 1.190000e+01 5.042000e-01
1.026786e-01 1.225591e+01 4.880323e-01
1.049107e-01 1.242961e+01 4.803536e-01
1.060268e-01 1.251525e+01 4.766327e-01
1.071429e-01 1.260000e+01 4.730000e-01
1.116072e-01 1.293546e+01 4.589508e-01
1.138393e-01 1.309958e+01 4.522459e-01
1.149553e-01 1.318034e+01 4.489876e-01
1.160714e-01 1.326000e+01 4.458000e-01
1.205357e-01 1.357135e+01 4.334304e-01
1.227678e-01 1.372245e+01 4.275064e-01
1.238839e-01 1.379671e+01 4.246230e-01
1.250000e-01 1.387000e+01 4.218000e-01
1.339285e-01 1.443822e+01 4.004866e-01
1.383928e-01 1.470937e+01 3.906722e-01
1.406250e-01 1.484112e+01 3.860010e-01
1.428571e-01 1.497000e+01 3.815000e-01
1.517857e-01 1.547062e+01 3.643926e-01
1.562500e-01 1.571003e+01 3.564172e-01
1.584821e-01 1.582633e+01 3.525968e-01
1.607143e-01 1.594000e+01 3.489000e-01
1.696429e-01 1.637862e+01 3.347860e-01
1.741071e-01 1.658806e+01 3.281678e-01
1.763393e-01 1.669003e+01 3.249865e-01
1.785714e-01 1.679000e+01 3.219000e-01
1.875000e-01 1.718028e+01 3.100824e-01
1.919643e-01 1.736827e+01 3.045096e-01
1.941965e-01 1.746002e+01 3.018195e-01
1.964286e-01 1.755000e+01 2.992000e-01
2.053571e-01 1.790029e+01 2.890929e-01
2.098214e-01 1.806828e+01 2.842921e-01
2.142857e-01 1.823000e+01 2.797000e-01
2.232143e-01 1.853899e+01 2.709352e-01
2.276786e-01 1.868674e+01 2.667803e-01
2.321429e-01 1.883000e+01 2.628000e-01
2.410715e-01 1.911100e+01 2.551536e-01
2.455357e-01 1.924741e+01 2.515071e-01
2.500000e-01 1.938000e+01 2.480000e-01
2.589286e-01 1.963630e+01 2.412464e-01
2.633928e-01 1.975984e+01 2.380157e-01
2.678571e-01 1.988000e+01 2.349000e-01
2.767857e-01 2.011508e+01 2.288734e-01
2.812500e-01 2.022910e+01 2.259847e-01
2.857143e-01 2.034000e+01 2.232000e-01
2.946429e-01 2.055483e+01 2.178451e-01
3.035714e-01 2.076000e+01 2.128000e-01
3.125000e-01 2.095901e+01 2.079709e-01
3.214286e-01 2.115000e+01 2.034000e-01
3.392857e-01 2.151368e+01 1.948008e-01
3.482143e-01 2.168563e+01 1.907905e-01
3.571429e-01 2.185000e+01 1.870000e-01
3.794643e-01 2.223989e+01 1.780923e-01
3.906250e-01 2.242385e+01 1.739681e-01
4.017857e-01 2.260000e+01 1.701000e-01
4.241071e-01 2.294120e+01 1.628535e-01
4.352679e-01 2.310408e+01 1.594834e-01
4.464286e-01 2.326000e+01 1.563000e-01
4.687500e-01 2.355546e+01 1.502521e-01
4.799107e-01 2.369539e+01 1.474062e-01
4.910714e-01 2.383000e+01 1.447000e-01
5.133929e-01 2.409168e+01 1.395469e-01
5.245536e-01 2.421782e+01 1.371160e-01
5.357143e-01 2.434000e+01 1.348000e-01
5.580357e-01 2.457671e+01 1.303857e-01
5.803571e-01 2.480000e+01 1.263000e-01
6.026786e-01 2.501079e+01 1.224666e-01
6.250000e-01 2.521000e+01 1.189000e-01
6.473214e-01 2.540461e+01 1.154909e-01
6.696429e-01 2.559000e+01 1.123000e-01
6.919643e-01 2.576494e+01 1.092974e-01
7.142857e-01 2.593000e+01 1.065000e-01
7.589286e-01 2.624753e+01 1.012925e-01
7.812500e-01 2.639764e+01 9.889106e-02
8.035714e-01 2.654000e+01 9.664000e-02
8.482143e-01 2.680743e+01 9.240134e-02
8.928571e-01 2.705000e+01 8.856000e-02
9.375000e-01 2.727473e+01 8.502006e-02
9.821429e-01 2.748000e+01 8.181000e-02
1.026786e+00 2.767324e+01 7.881987e-02
1.071429e+00 2.785000e+01 7.608000e-02
1.116071e+00 2.801218e+01 7.351514e-02
1.160714e+00 2.816000e+01 7.115000e-02
1.250000e+00 2.843000e+01 6.686000e-02
1.339285e+00 2.865386e+01 6.306046e-02
1.428571e+00 2.883000e+01 5.976000e-02
1.607143e+00 2.909000e+01 5.410000e-02
1.785714e+00 2.925000e+01 4.948000e-02
1.964286e+00 2.931000e+01 4.563000e-02
2.142857e+00 2.931000e+01 4.237000e-02
2.321429e+00 2.905000e+01 3.957000e-02
2.410715e+00 2.889425e+01 3.830475e-02
2.500000e+00 2.874000e+01 3.714000e-02
2.678571e+00 2.849000e+01 3.501000e-02
2.857143e+00 2.822000e+01 3.312000e-02
3.035714e+00 2.794000e+01 3.144000e-02
3.125000e+00 2.779236e+01 3.066087e-02
3.214286e+00 2.764000e+01 2.993000e-02
3.392857e+00 2.732862e+01 2.856224e-02
3.482143e+00 2.717014e+01 2.792765e-02
3.571429e+00 2.701000e+01 2.733000e-02
3.794643e+00 2.660561e+01 2.593023e-02
3.906250e+00 2.640263e+01 2.528435e-02
4.017857e+00 2.620000e+01 2.468000e-02
4.241072e+00 2.579806e+01 2.354907e-02
4.352679e+00 2.559856e+01 2.302435e-02
4.464286e+00 2.540000e+01 2.253000e-02
4.687500e+00 2.500259e+01 2.159408e-02
4.799107e+00 2.480529e+01 2.115552e-02
4.910714e+00 2.461000e+01 2.074000e-02
5.133928e+00 2.422548e+01 1.995287e-02
5.245536e+00 2.403649e+01 1.958263e-02
5.357143e+00 2.385000e+01 1.923000e-02
5.580357e+00 2.348113e+01 1.855494e-02
5.691964e+00 2.329939e+01 1.823521e-02
5.803571e+00 2.312000e+01 1.793000e-02
6.026785e+00 2.276531e+01 1.734865e-02
6.138393e+00 2.259114e+01 1.707346e-02
6.250000e+00 2.242000e+01 1.681000e-02
6.473215e+00 2.208443e+01 1.630389e-02
6.584822e+00 2.192060e+01 1.606242e-02
6.696429e+00 2.176000e+01 1.583000e-02
6.919643e+00 2.144539e+01 1.538158e-02
7.031250e+00 2.129145e+01 1.516691e-02
7.142857e+00 2.114000e+01 1.496000e-02
7.589286e+00 2.054512e+01 1.418254e-02
7.812500e+00 2.025768e+01 1.382458e-02
7.924107e+00 2.011742e+01 1.365419e-02
8.035714e+00 1.998000e+01 1.349000e-02
8.482143e+00 1.944881e+01 1.286591e-02
8.705357e+00 1.919486e+01 1.257474e-02
8.816964e+00 1.907122e+01 1.243516e-02
8.928571e+00 1.895000e+01 1.230000e-02
9.375000e+00 1.847773e+01 1.178278e-02
9.598215e+00 1.825026e+01 1.153994e-02
9.709822e+00 1.813914e+01 1.142321e-02
9.821429e+00 1.803000e+01 1.131000e-02
1.026786e+01 1.760425e+01 1.087786e-02
1.049107e+01 1.739894e+01 1.067426e-02
1.060268e+01 1.729859e+01 1.057590e-02
1.071429e+01 1.720000e+01 1.048000e-02
1.116071e+01 1.681487e+01 1.010780e-02
1.138393e+01 1.662932e+01 9.930482e-03
1.149553e+01 1.653878e+01 9.844631e-03
1.160714e+01 1.645000e+01 9.761000e-03
1.205357e+01 1.610596e+01 9.440274e-03
1.227679e+01 1.594052e+01 9.288381e-03
1.238839e+01 1.585961e+01 9.214820e-03
1.250000e+01 1.578000e+01 9.143000e-03
1.339286e+01 1.516524e+01 8.602001e-03
1.383928e+01 1.487515e+01 8.354196e-03
1.406250e+01 1.473548e+01 8.236746e-03
1.428571e+01 1.460000e+01 8.124000e-03
1.517857e+01 1.408301e+01 7.698539e-03
1.562500e+01 1.384033e+01 7.501964e-03
1.584821e+01 1.372351e+01 7.408293e-03
1.607143e+01 1.361000e+01 7.318000e-03
1.696429e+01 1.317398e+01 6.975245e-03
1.741071e+01 1.296747e+01 6.815552e-03
1.763393e+01 1.286752e+01 6.739051e-03
1.785714e+01 1.277000e+01 6.665000e-03
1.875000e+01 1.239326e+01 6.381872e-03
1.919643e+01 1.221333e+01 6.248949e-03
1.941964e+01 1.212578e+01 6.185026e-03
1.964286e+01 1.204000e+01 6.123000e-03
2.053571e+01 1.170521e+01 5.885479e-03
2.098214e+01 1.154453e+01 5.773539e-03
2.120536e+01 1.146639e+01 5.719541e-03
2.142857e+01 1.139000e+01 5.667000e-03
2.232143e+01 1.109570e+01 5.464688e-03
2.276786e+01 1.095532e+01 5.368738e-03
2.299107e+01 1.088700e+01 5.322296e-03
2.321429e+01 1.082000e+01 5.277000e-03
2.410714e+01 1.055842e+01 5.102054e-03
2.455357e+01 1.043223e+01 5.018797e-03
2.477679e+01 1.037057e+01 4.978425e-03
2.500000e+01 1.031000e+01 4.939000e-03
2.589286e+01 1.007421e+01 4.786581e-03
2.633928e+01 9.960464e+00 4.713873e-03
2.656250e+01 9.904790e+00 4.678551e-03
2.678571e+01 9.850000e+00 4.644000e-03
2.767857e+01 9.635372e+00 4.510052e-03
2.812500e+01 9.531302e+00 4.445891e-03
2.834821e+01 9.480266e+00 4.414637e-03
2.857143e+01 9.430000e+00 4.384000e-03
2.946429e+01 9.233217e+00 4.264694e-03
2.991071e+01 9.137837e+00 4.207358e-03
3.013393e+01 9.091066e+00 4.179404e-03
3.035714e+01 9.045000e+00 4.152000e-03
3.125000e+01 8.864539e+00 4.045559e-03
3.169643e+01 8.777071e+00 3.994430e-03
3.214286e+01 8.692000e+00 3.945000e-03
3.392857e+01 8.368354e+00 3.758242e-03
3.482143e+01 8.216763e+00 3.671568e-03
3.526786e+01 8.143841e+00 3.630107e-03
3.571429e+01 8.073000e+00 3.590000e-03
3.794643e+01 7.735066e+00 3.400154e-03
3.906250e+01 7.577106e+00 3.312290e-03
3.962054e+01 7.501351e+00 3.270395e-03
4.017857e+01 7.428000e+00 3.230000e-03
4.241071e+01 7.148050e+00 3.076630e-03
4.352679e+01 7.016656e+00 3.005227e-03
4.408482e+01 6.953423e+00 2.971051e-03
4.464286e+01 6.892000e+00 2.938000e-03
4.687500e+01 6.655876e+00 2.812041e-03
4.799107e+01 6.544282e+00 2.752992e-03
4.854910e+01 6.490414e+00 2.724588e-03
4.910714e+01 6.438000e+00 2.697000e-03
5.133929e+01 6.236609e+00 2.590835e-03
5.245536e+01 6.141213e+00 2.540684e-03
5.301339e+01 6.095044e+00 2.516501e-03
5.357143e+01 6.050000e+00 2.493000e-03
5.580357e+01 5.875755e+00 2.403042e-03
5.691964e+01 5.792695e+00 2.360564e-03
5.747768e+01 5.752385e+00 2.340028e-03
5.803571e+01 5.713000e+00 2.320000e-03
6.026785e+01 5.560626e+00 2.242449e-03
6.138393e+01 5.487901e+00 2.205469e-03
6.194196e+01 5.452565e+00 2.187525e-03
6.250000e+01 5.418000e+00 2.170000e-03
6.473215e+01 5.284271e+00 2.102327e-03
6.584822e+01 5.220123e+00 2.070049e-03
6.640625e+01 5.188796e+00 2.054359e-03
6.696429e+01 5.158000e+00 2.039000e-03
6.919643e+01 5.037301e+00 1.979257e-03
7.031250e+01 4.978821e+00 1.950603e-03
7.087053e+01 4.950175e+00 1.936654e-03
7.142857e+01 4.922000e+00 1.923000e-03
7.589285e+01 4.706254e+00 1.820249e-03
7.812500e+01 4.605599e+00 1.773063e-03
7.924107e+01 4.557462e+00 1.750623e-03
7.979910e+01 4.534008e+00 1.739706e-03
8.035714e+01 4.511000e+00 1.729000e-03
8.482143e+01 4.335380e+00 1.646836e-03
8.705357e+01 4.253394e+00 1.608340e-03
8.816964e+01 4.214079e+00 1.589872e-03
8.928571e+01 4.176000e+00 1.572000e-03
9.375000e+01 4.030434e+00 1.504003e-03
9.598215e+01 3.961998e+00 1.472170e-03
9.709822e+01 3.929035e+00 1.456864e-03
9.821429e+01 3.897000e+00 1.442000e-03
1.026786e+02 3.773796e+00 1.384750e-03
1.049107e+02 3.715530e+00 1.357703e-03
1.060268e+02 3.687390e+00 1.344664e-03
1.071429e+02 3.660000e+00 1.332000e-03
1.116071e+02 3.554593e+00 1.283628e-03
1.138393e+02 3.504666e+00 1.260807e-03
1.149553e+02 3.480524e+00 1.249771e-03
1.160714e+02 3.457000e+00 1.239000e-03
1.205357e+02 3.366396e+00 1.197163e-03
1.227678e+02 3.323318e+00 1.177172e-03
1.238839e+02 3.302420e+00 1.167470e-03
1.250000e+02 3.282000e+00 1.158000e-03
1.339286e+02 3.128060e+00 1.087525e-03
1.383928e+02 3.057518e+00 1.055579e-03
1.406250e+02 3.024086e+00 1.040485e-03
1.417410e+02 3.007867e+00 1.033165e-03
1.428571e+02 2.992000e+00 1.026000e-03
1.517857e+02 2.871350e+00 9.710919e-04
1.562500e+02 2.815422e+00 9.454986e-04
1.584821e+02 2.788736e+00 9.332769e-04
1.607143e+02 2.763000e+00 9.215000e-04
1.785714e+02 2.577000e+00 8.372000e-04
