5.000000e-03 1.205000e+00 5.934000e-01
5.500000e-03 1.237000e+00 5.671000e-01
5.750000e-03 1.253075e+00 5.549400e-01
5.875000e-03 1.261071e+00 5.491276e-01
6.000000e-03 1.269000e+00 5.435000e-01
6.250000e-03 1.284527e+00 5.324987e-01
6.375000e-03 1.292242e+00 5.271718e-01
6.500000e-03 1.300000e+00 5.220000e-01
6.750000e-03 1.315879e+00 5.120079e-01
6.875000e-03 1.323926e+00 5.071896e-01
7.000000e-03 1.332000e+00 5.025000e-01
7.250000e-03 1.347912e+00 4.933052e-01
7.375000e-03 1.355897e+00 4.888412e-01
7.500000e-03 1.364000e+00 4.845000e-01
7.750000e-03 1.380801e+00 4.761044e-01
7.875000e-03 1.389378e+00 4.720505e-01
8.000000e-03 1.398000e+00 4.681000e-01
8.250000e-03 1.414936e+00 4.603560e-01
8.375000e-03 1.423412e+00 4.565847e-01
8.500000e-03 1.432000e+00 4.529000e-01
8.750000e-03 1.449719e+00 4.457062e-01
8.875000e-03 1.458797e+00 4.422115e-01
9.000000e-03 1.468000e+00 4.388000e-01
9.500000e-03 1.505045e+00 4.256858e-01
9.750000e-03 1.523861e+00 4.194628e-01
9.875000e-03 1.533382e+00 4.164465e-01
1.000000e-02 1.543000e+00 4.135000e-01
1.062500e-02 1.592219e+00 3.993127e-01
1.093750e-02 1.617422e+00 3.925997e-01
1.109375e-02 1.630167e+00 3.893568e-01
1.125000e-02 1.643000e+00 3.862000e-01
1.187500e-02 1.694578e+00 3.740575e-01
1.218750e-02 1.720643e+00 3.683024e-01
1.234375e-02 1.733778e+00 3.655170e-01
1.250000e-02 1.747000e+00 3.628000e-01
1.312500e-02 1.800512e+00 3.523015e-01
1.343750e-02 1.827627e+00 3.472999e-01
1.359375e-02 1.841280e+00 3.448724e-01
1.375000e-02 1.855000e+00 3.425000e-01
1.437500e-02 1.910208e+00 3.333229e-01
1.468750e-02 1.938022e+00 3.289333e-01
1.484375e-02 1.951989e+00 3.267957e-01
1.500000e-02 1.966000e+00 3.247000e-01
1.562500e-02 2.022313e+00 3.165228e-01
1.593750e-02 2.050611e+00 3.125914e-01
1.609375e-02 2.064794e+00 3.106759e-01
1.625000e-02 2.079000e+00 3.088000e-01
1.687500e-02 2.135892e+00 3.015462e-01
1.718750e-02 2.164409e+00 2.980681e-01
1.734375e-02 2.178694e+00 2.963697e-01
1.750000e-02 2.193000e+00 2.947000e-01
1.812500e-02 2.250482e+00 2.881455e-01
1.843750e-02 2.279263e+00 2.849733e-01
1.859375e-02 2.293642e+00 2.834224e-01
1.875000e-02 2.308000e+00 2.819000e-01
1.937500e-02 2.365148e+00 2.759938e-01
1.968750e-02 2.393603e+00 2.731534e-01
1.984375e-02 2.407807e+00 2.717651e-01
2.000000e-02 2.422000e+00 2.704000e-01
2.125000e-02 2.535795e+00 2.599144e-01
2.187500e-02 2.592553e+00 2.549817e-01
2.218750e-02 2.620831e+00 2.526067e-01
2.234375e-02 2.634932e+00 2.514443e-01
2.250000e-02 2.649000e+00 2.503000e-01
2.375000e-02 2.760745e+00 2.414687e-01
2.437500e-02 2.816080e+00 2.372878e-01
2.468750e-02 2.843595e+00 2.352675e-01
2.500000e-02 2.871000e+00 2.333000e-01
2.625000e-02 2.980284e+00 2.257225e-01
2.687500e-02 3.034427e+00 2.221307e-01
2.718750e-02 3.061301e+00 2.203933e-01
2.750000e-02 3.088000e+00 2.187000e-01
2.875000e-02 3.193615e+00 2.121790e-01
2.937500e-02 3.245630e+00 2.090776e-01
2.968750e-02 3.271403e+00 2.075722e-01
3.000000e-02 3.297000e+00 2.061000e-01
3.125000e-02 3.398441e+00 2.003844e-01
3.187500e-02 3.448499e+00 1.976439e-01
3.218750e-02 3.473327e+00 1.963087e-01
3.250000e-02 3.498000e+00 1.950000e-01
3.375000e-02 3.595996e+00 1.899045e-01
3.437500e-02 3.644329e+00 1.874582e-01
3.468750e-02 3.668262e+00 1.862667e-01
3.500000e-02 3.692000e+00 1.851000e-01
3.750000e-02 3.877471e+00 1.763212e-01
3.875000e-02 3.967028e+00 1.722826e-01
3.937500e-02 4.010867e+00 1.703581e-01
3.968750e-02 4.032527e+00 1.694206e-01
4.000000e-02 4.054000e+00 1.685000e-01
4.250000e-02 4.222724e+00 1.614069e-01
4.375000e-02 4.304521e+00 1.580662e-01
4.437500e-02 4.344590e+00 1.564589e-01
4.500000e-02 4.384000e+00 1.549000e-01
4.750000e-02 4.537731e+00 1.489439e-01
4.875000e-02 4.611952e+00 1.461487e-01
4.937500e-02 4.648273e+00 1.448045e-01
5.000000e-02 4.684000e+00 1.435000e-01
5.250000e-02 4.823767e+00 1.385063e-01
5.375000e-02 4.891368e+00 1.361492e-01
5.437500e-02 4.924459e+00 1.350103e-01
5.500000e-02 4.957000e+00 1.339000e-01
5.750000e-02 5.084081e+00 1.296096e-01
5.875000e-02 5.145455e+00 1.275643e-01
5.937500e-02 5.175481e+00 1.265711e-01
6.000000e-02 5.205000e+00 1.256000e-01
6.250000e-02 5.320182e+00 1.218255e-01
6.375000e-02 5.375862e+00 1.200241e-01
6.437500e-02 5.403140e+00 1.191510e-01
6.500000e-02 5.430000e+00 1.183000e-01
6.750000e-02 5.535303e+00 1.150434e-01
6.875000e-02 5.586355e+00 1.134948e-01
7.000000e-02 5.636000e+00 1.120000e-01
7.250000e-02 5.732323e+00 1.090713e-01
7.375000e-02 5.778818e+00 1.076596e-01
7.500000e-02 5.824000e+00 1.063000e-01
7.750000e-02 5.911966e+00 1.037196e-01
7.875000e-02 5.954550e+00 1.024906e-01
8.000000e-02 5.996000e+00 1.013000e-01
8.250000e-02 6.076788e+00 9.895345e-02
8.375000e-02 6.115916e+00 9.781411e-02
8.500000e-02 6.154000e+00 9.671000e-02
8.750000e-02 6.228105e+00 9.459307e-02
8.875000e-02 6.264008e+00 9.358010e-02
9.000000e-02 6.299000e+00 9.260000e-02
9.500000e-02 6.433556e+00 8.885064e-02
9.750000e-02 6.497239e+00 8.708931e-02
1.000000e-01 6.558000e+00 8.542000e-02
1.062500e-01 6.701524e+00 8.151434e-02
1.093750e-01 6.768558e+00 7.970797e-02
1.125000e-01 6.832000e+00 7.801000e-02
1.187500e-01 6.952533e+00 7.480164e-02
1.218750e-01 7.009197e+00 7.330074e-02
1.250000e-01 7.063000e+00 7.188000e-02
1.312500e-01 7.165026e+00 6.918776e-02
1.343750e-01 7.213109e+00 6.792273e-02
1.375000e-01 7.259000e+00 6.672000e-02
1.437500e-01 7.347071e+00 6.442801e-02
1.468750e-01 7.388924e+00 6.334465e-02
1.500000e-01 7.429000e+00 6.231000e-02
1.562500e-01 7.505663e+00 6.032955e-02
1.625000e-01 7.577000e+00 5.849000e-02
1.687500e-01 7.644319e+00 5.676339e-02
1.750000e-01 7.707000e+00 5.516000e-02
1.812500e-01 7.766378e+00 5.363624e-02
1.875000e-01 7.822000e+00 5.221000e-02
1.937500e-01 7.875093e+00 5.085737e-02
2.000000e-01 7.925000e+00 4.959000e-02
2.125000e-01 8.017641e+00 4.723069e-02
2.187500e-01 8.060214e+00 4.614184e-02
2.250000e-01 8.100000e+00 4.512000e-02
2.375000e-01 8.174580e+00 4.319158e-02
2.500000e-01 8.242000e+00 4.144000e-02
2.625000e-01 8.304484e+00 3.982536e-02
2.750000e-01 8.361000e+00 3.836000e-02
2.875000e-01 8.413026e+00 3.699368e-02
3.000000e-01 8.460000e+00 3.574000e-02
3.250000e-01 8.543000e+00 3.348000e-02
3.500000e-01 8.613000e+00 3.151000e-02
3.750000e-01 8.673580e+00 2.976216e-02
4.000000e-01 8.724000e+00 2.824000e-02
4.500000e-01 8.804000e+00 2.562000e-02
5.000000e-01 8.862000e+00 2.347000e-02
5.500000e-01 8.902000e+00 2.168000e-02
6.000000e-01 8.928000e+00 2.016000e-02
6.500000e-01 8.943000e+00 1.886000e-02
7.000000e-01 8.949000e+00 1.772000e-02
7.500000e-01 8.948000e+00 1.672000e-02
8.000000e-01 8.940000e+00 1.584000e-02
8.500000e-01 8.926000e+00 1.505000e-02
9.000000e-01 8.908000e+00 1.434000e-02
1.000000e+00 8.861000e+00 1.311000e-02
1.125000e+00 8.785000e+00 1.186000e-02
1.187500e+00 8.742225e+00 1.131970e-02
1.250000e+00 8.696000e+00 1.084000e-02
1.312500e+00 8.647579e+00 1.039674e-02
1.375000e+00 8.597000e+00 9.994000e-03
1.437500e+00 8.545234e+00 9.618632e-03
1.500000e+00 8.492000e+00 9.275000e-03
1.562500e+00 8.437566e+00 8.954189e-03
1.625000e+00 8.382000e+00 8.659000e-03
1.687500e+00 8.325827e+00 8.381268e-03
1.750000e+00 8.269000e+00 8.124000e-03
1.812500e+00 8.211638e+00 7.881627e-03
1.875000e+00 8.154000e+00 7.656000e-03
1.937500e+00 8.097043e+00 7.441656e-03
2.000000e+00 8.039000e+00 7.241000e-03
2.125000e+00 7.917166e+00 6.869672e-03
2.187500e+00 7.852034e+00 6.699280e-03
2.250000e+00 7.783000e+00 6.540000e-03
2.375000e+00 7.630046e+00 6.240173e-03
2.437500e+00 7.551789e+00 6.100579e-03
2.468750e+00 7.513326e+00 6.033719e-03
2.500000e+00 7.476000e+00 5.969000e-03
2.625000e+00 7.342023e+00 5.721571e-03
2.687500e+00 7.280922e+00 5.605310e-03
2.750000e+00 7.222000e+00 5.495000e-03
2.875000e+00 7.101101e+00 5.285845e-03
2.937500e+00 7.040293e+00 5.187516e-03
3.000000e+00 6.980000e+00 5.094000e-03
3.125000e+00 6.862416e+00 4.915804e-03
3.187500e+00 6.805152e+00 4.831537e-03
3.250000e+00 6.749000e+00 4.751000e-03
3.375000e+00 6.638472e+00 4.596656e-03
3.437500e+00 6.584285e+00 4.523300e-03
3.500000e+00 6.531000e+00 4.453000e-03
3.750000e+00 6.323406e+00 4.191483e-03
3.875000e+00 6.223537e+00 4.072419e-03
3.937500e+00 6.174806e+00 4.016081e-03
4.000000e+00 6.127000e+00 3.962000e-03
4.250000e+00 5.941015e+00 3.757026e-03
4.375000e+00 5.851558e+00 3.662008e-03
4.437500e+00 5.807882e+00 3.616688e-03
4.500000e+00 5.765000e+00 3.573000e-03
4.750000e+00 5.597726e+00 3.407543e-03
4.875000e+00 5.517093e+00 3.330567e-03
4.937500e+00 5.477694e+00 3.293698e-03
5.000000e+00 5.439000e+00 3.258000e-03
5.250000e+00 5.288114e+00 3.121340e-03
5.375000e+00 5.215404e+00 3.057046e-03
5.437500e+00 5.179883e+00 3.026082e-03
5.500000e+00 5.145000e+00 2.996000e-03
5.750000e+00 5.009058e+00 2.880443e-03
5.875000e+00 4.943525e+00 2.825895e-03
5.937500e+00 4.911487e+00 2.799584e-03
6.000000e+00 4.880000e+00 2.774000e-03
6.250000e+00 4.757097e+00 2.675832e-03
6.375000e+00 4.697704e+00 2.629386e-03
6.437500e+00 4.668620e+00 2.606917e-03
6.500000e+00 4.640000e+00 2.585000e-03
6.750000e+00 4.527986e+00 2.500175e-03
6.875000e+00 4.473741e+00 2.459752e-03
6.937500e+00 4.447161e+00 2.440145e-03
7.000000e+00 4.421000e+00 2.421000e-03
7.250000e+00 4.318639e+00 2.347076e-03
7.375000e+00 4.269110e+00 2.311845e-03
7.437500e+00 4.244857e+00 2.294735e-03
7.500000e+00 4.221000e+00 2.278000e-03
7.750000e+00 4.127935e+00 2.213130e-03
7.875000e+00 4.082889e+00 2.182034e-03
7.937500e+00 4.060790e+00 2.166873e-03
8.000000e+00 4.039000e+00 2.152000e-03
8.250000e+00 3.953349e+00 2.093955e-03
8.375000e+00 3.911668e+00 2.066008e-03
8.437500e+00 3.891191e+00 2.052372e-03
8.500000e+00 3.871000e+00 2.039000e-03
8.750000e+00 3.791864e+00 1.987060e-03
8.875000e+00 3.753444e+00 1.962113e-03
9.000000e+00 3.716000e+00 1.938000e-03
9.500000e+00 3.572801e+00 1.846942e-03
9.750000e+00 3.505309e+00 1.804714e-03
9.875000e+00 3.472729e+00 1.784523e-03
1.000000e+01 3.441000e+00 1.765000e-03
1.062500e+01 3.289055e+00 1.672736e-03
1.093750e+01 3.217667e+00 1.630041e-03
1.109375e+01 3.183326e+00 1.609667e-03
1.117188e+01 3.166529e+00 1.599742e-03
1.125000e+01 3.150000e+00 1.590000e-03
1.187500e+01 3.022499e+00 1.515163e-03
1.218750e+01 2.962274e+00 1.480089e-03
1.234375e+01 2.933229e+00 1.463269e-03
1.250000e+01 2.905000e+00 1.447000e-03
1.312500e+01 2.796851e+00 1.385177e-03
1.343750e+01 2.745767e+00 1.356302e-03
1.359375e+01 2.721075e+00 1.342441e-03
1.375000e+01 2.697000e+00 1.329000e-03
1.437500e+01 2.603881e+00 1.277480e-03
1.468750e+01 2.559522e+00 1.253167e-03
1.484375e+01 2.538008e+00 1.241429e-03
1.500000e+01 2.517000e+00 1.230000e-03
1.562500e+01 2.435773e+00 1.185951e-03
1.593750e+01 2.397086e+00 1.165030e-03
1.609375e+01 2.378323e+00 1.154893e-03
1.625000e+01 2.360000e+00 1.145000e-03
1.687500e+01 2.289157e+00 1.106690e-03
1.718750e+01 2.255395e+00 1.088451e-03
1.734375e+01 2.239010e+00 1.079615e-03
1.750000e+01 2.223000e+00 1.071000e-03
1.812500e+01 2.161102e+00 1.037862e-03
1.843750e+01 2.131516e+00 1.022115e-03
1.859375e+01 2.117115e+00 1.014474e-03
1.875000e+01 2.103000e+00 1.007000e-03
1.937500e+01 2.047956e+00 9.779652e-04
1.968750e+01 2.021503e+00 9.640367e-04
1.984375e+01 2.008617e+00 9.572503e-04
2.000000e+01 1.996000e+00 9.506000e-04
2.125000e+01 1.901045e+00 9.002313e-04
2.187500e+01 1.857520e+00 8.769684e-04
2.218750e+01 1.836862e+00 8.658844e-04
2.234375e+01 1.826828e+00 8.604901e-04
2.250000e+01 1.817000e+00 8.552000e-04
2.375000e+01 1.741788e+00 8.146950e-04
2.437500e+01 1.706785e+00 7.957581e-04
2.468750e+01 1.690084e+00 7.866813e-04
2.500000e+01 1.674000e+00 7.779000e-04
2.625000e+01 1.613229e+00 7.444651e-04
2.687500e+01 1.585179e+00 7.288161e-04
2.718750e+01 1.571836e+00 7.212966e-04
2.750000e+01 1.559000e+00 7.140000e-04
2.875000e+01 1.511321e+00 6.860000e-04
2.937500e+01 1.488896e+00 6.727837e-04
2.968750e+01 1.477912e+00 6.664058e-04
3.000000e+01 1.467000e+00 6.602000e-04
3.125000e+01 1.422095e+00 6.363180e-04
3.187500e+01 1.399732e+00 6.250043e-04
3.218750e+01 1.388747e+00 6.195327e-04
3.250000e+01 1.378000e+00 6.142000e-04
3.375000e+01 1.337316e+00 5.936414e-04
3.437500e+01 1.318228e+00 5.838668e-04
3.468750e+01 1.309005e+00 5.791277e-04
3.500000e+01 1.300000e+00 5.745000e-04
3.750000e+01 1.231369e+00 5.397566e-04
3.875000e+01 1.199610e+00 5.238994e-04
3.937500e+01 1.184507e+00 5.163962e-04
3.968750e+01 1.177174e+00 5.127583e-04
4.000000e+01 1.170000e+00 5.092000e-04
4.250000e+01 1.115713e+00 4.821245e-04
4.375000e+01 1.090596e+00 4.695680e-04
4.437500e+01 1.078598e+00 4.635770e-04
4.468750e+01 1.072747e+00 4.606604e-04
4.500000e+01 1.067000e+00 4.578000e-04
4.750000e+01 1.022670e+00 4.359295e-04
4.875000e+01 1.001813e+00 4.257198e-04
4.937500e+01 9.917961e-01 4.208294e-04
5.000000e+01 9.821000e-01 4.161000e-04
5.250000e+01 9.452951e-01 3.981005e-04
5.375000e+01 9.280945e-01 3.896769e-04
5.437500e+01 9.198279e-01 3.856289e-04
5.500000e+01 9.118000e-01 3.817000e-04
5.750000e+01 8.808936e-01 3.666062e-04
5.875000e+01 8.662594e-01 3.594802e-04
5.937500e+01 8.591871e-01 3.560427e-04
6.000000e+01 8.523000e-01 3.527000e-04
6.250000e+01 8.257895e-01 3.398695e-04
6.375000e+01 8.132188e-01 3.337992e-04
6.437500e+01 8.071344e-01 3.308632e-04
6.500000e+01 8.012000e-01 3.280000e-04
6.750000e+01 7.782812e-01 3.169242e-04
6.875000e+01 7.673683e-01 3.116507e-04
6.937500e+01 7.620735e-01 3.090945e-04
7.000000e+01 7.569000e-01 3.066000e-04
7.250000e+01 7.368723e-01 2.969804e-04
7.375000e+01 7.273045e-01 2.923999e-04
7.437500e+01 7.226526e-01 2.901757e-04
7.500000e+01 7.181000e-01 2.880000e-04
7.750000e+01 7.004349e-01 2.795531e-04
7.875000e+01 6.919682e-01 2.755044e-04
7.937500e+01 6.878433e-01 2.735324e-04
8.000000e+01 6.838000e-01 2.716000e-04
8.250000e+01 6.680669e-01 2.640855e-04
8.375000e+01 6.605058e-01 2.604791e-04
8.437500e+01 6.568176e-01 2.587219e-04
8.500000e+01 6.532000e-01 2.570000e-04
8.750000e+01 6.391226e-01 2.503162e-04
8.875000e+01 6.323506e-01 2.471056e-04
8.937500e+01 6.290447e-01 2.455385e-04
9.000000e+01 6.258000e-01 2.440000e-04
9.500000e+01 6.011149e-01 2.322474e-04
9.750000e+01 5.896268e-01 2.267646e-04
9.875000e+01 5.841250e-01 2.241390e-04
1.000000e+02 5.788000e-01 2.216000e-04
1.062500e+02 5.535889e-01 2.096438e-04
1.093750e+02 5.419222e-01 2.041394e-04
1.109375e+02 5.363607e-01 2.015211e-04
1.125000e+02 5.310000e-01 1.990000e-04
1.187500e+02 5.106688e-01 1.894415e-04
1.218750e+02 5.012086e-01 1.849926e-04
1.234375e+02 4.966803e-01 1.828621e-04
1.250000e+02 4.923000e-01 1.808000e-04
1.312500e+02 4.755792e-01 1.729130e-04
1.343750e+02 4.677350e-01 1.692093e-04
1.359375e+02 4.639624e-01 1.674282e-04
1.375000e+02 4.603000e-01 1.657000e-04
1.437500e+02 4.462424e-01 1.590804e-04
1.468750e+02 4.396097e-01 1.559629e-04
1.484375e+02 4.364108e-01 1.544605e-04
1.500000e+02 4.333000e-01 1.530000e-04
1.562500e+02 4.213473e-01 1.473878e-04
1.593750e+02 4.156937e-01 1.447330e-04
1.609375e+02 4.129616e-01 1.434499e-04
1.625000e+02 4.103000e-01 1.422000e-04
1.687500e+02 4.000436e-01 1.373813e-04
1.718750e+02 3.951700e-01 1.350921e-04
1.734375e+02 3.928074e-01 1.339828e-04
1.750000e+02 3.905000e-01 1.329000e-04
1.812500e+02 3.815639e-01 1.287182e-04
1.843750e+02 3.772979e-01 1.267220e-04
1.859375e+02 3.752258e-01 1.257511e-04
1.875000e+02 3.732000e-01 1.248000e-04
1.937500e+02 3.653571e-01 1.210956e-04
1.968750e+02 3.616082e-01 1.193161e-04
2.000000e+02 3.580000e-01 1.176000e-04
2.125000e+02 3.444896e-01 1.111797e-04
2.187500e+02 3.382882e-01 1.082386e-04
2.218750e+02 3.353399e-01 1.068427e-04
2.250000e+02 3.325000e-01 1.055000e-04
2.375000e+02 3.216852e-01 1.004099e-04
2.437500e+02 3.166433e-01 9.804136e-05
2.468750e+02 3.142309e-01 9.690735e-05
2.500000e+02 3.119000e-01 9.581000e-05
2.625000e+02 3.030403e-01 9.161470e-05
2.687500e+02 2.989049e-01 8.964547e-05
2.718750e+02 2.969215e-01 8.869862e-05
2.750000e+02 2.950000e-01 8.778000e-05
2.875000e+02 2.876422e-01 8.426218e-05
2.937500e+02 2.841822e-01 8.260533e-05
2.968750e+02 2.825168e-01 8.180664e-05
3.000000e+02 2.809000e-01 8.103000e-05
3.125000e+02 2.747049e-01 7.804359e-05
3.187500e+02 2.717829e-01 7.662976e-05
3.218750e+02 2.703727e-01 7.594617e-05
3.250000e+02 2.690000e-01 7.528000e-05
3.375000e+02 2.637115e-01 7.271122e-05
3.437500e+02 2.612012e-01 7.148997e-05
3.500000e+02 2.588000e-01 7.032000e-05
3.750000e+02 2.499104e-01 6.597652e-05
3.875000e+02 2.458950e-01 6.400449e-05
3.937500e+02 2.440055e-01 6.307300e-05
4.000000e+02 2.422000e-01 6.218000e-05
4.250000e+02 2.354165e-01 5.880330e-05
4.375000e+02 2.323009e-01 5.724140e-05
4.437500e+02 2.308217e-01 5.649713e-05
4.500000e+02 2.294000e-01 5.578000e-05
5.000000e+02 2.192000e-01 5.061000e-05
