5.263158e-04 3.355000e-01 1.167000e+00
5.789474e-04 3.518000e-01 1.153000e+00
6.052632e-04 3.597475e-01 1.145500e+00
6.184210e-04 3.636520e-01 1.141726e+00
6.250000e-04 3.655837e-01 1.139852e+00
6.315789e-04 3.675000e-01 1.138000e+00
6.578947e-04 3.750816e-01 1.130944e+00
6.710526e-04 3.788148e-01 1.127490e+00
6.842105e-04 3.825000e-01 1.124000e+00
7.105263e-04 3.897676e-01 1.116568e+00
7.236842e-04 3.933513e-01 1.112767e+00
7.368421e-04 3.969000e-01 1.109000e+00
7.631579e-04 4.039618e-01 1.101929e+00
7.763158e-04 4.074527e-01 1.098481e+00
7.894737e-04 4.109000e-01 1.095000e+00
8.157895e-04 4.176674e-01 1.087572e+00
8.289474e-04 4.209987e-01 1.083770e+00
8.421053e-04 4.243000e-01 1.080000e+00
8.684210e-04 4.308881e-01 1.072865e+00
8.815789e-04 4.341582e-01 1.069417e+00
8.947368e-04 4.374000e-01 1.066000e+00
9.210526e-04 4.438079e-01 1.059004e+00
9.342105e-04 4.469702e-01 1.055488e+00
9.473684e-04 4.501000e-01 1.052000e+00
1.000000e-03 4.624209e-01 1.038713e+00
1.026316e-03 4.684581e-01 1.032316e+00
1.039474e-03 4.714417e-01 1.029154e+00
1.052632e-03 4.744000e-01 1.026000e+00
1.118421e-03 4.890051e-01 1.009863e+00
1.151316e-03 4.961651e-01 1.001771e+00
1.167764e-03 4.997002e-01 9.977607e-01
1.184211e-03 5.032000e-01 9.938000e-01
1.250000e-03 5.169885e-01 9.784876e-01
1.282894e-03 5.237475e-01 9.711060e-01
1.299342e-03 5.270881e-01 9.674818e-01
1.315789e-03 5.304000e-01 9.639000e-01
1.381579e-03 5.434982e-01 9.497142e-01
1.414473e-03 5.499429e-01 9.427467e-01
1.430921e-03 5.531336e-01 9.393058e-01
1.447368e-03 5.563000e-01 9.359000e-01
1.513157e-03 5.688392e-01 9.224814e-01
1.546052e-03 5.750124e-01 9.159241e-01
1.562500e-03 5.780683e-01 9.126934e-01
1.578947e-03 5.811000e-01 9.095000e-01
1.644737e-03 5.930806e-01 8.969430e-01
1.677631e-03 5.989772e-01 8.908112e-01
1.710526e-03 6.048000e-01 8.848000e-01
1.776315e-03 6.163114e-01 8.730132e-01
1.809210e-03 6.219880e-01 8.672535e-01
1.842105e-03 6.276000e-01 8.616000e-01
1.907894e-03 6.374623e-01 8.504795e-01
1.940789e-03 6.429342e-01 8.450385e-01
1.957237e-03 6.460596e-01 8.423549e-01
1.973684e-03 6.496000e-01 8.397000e-01
2.039473e-03 6.685765e-01 8.292422e-01
2.072368e-03 6.795433e-01 8.241245e-01
2.088816e-03 6.851548e-01 8.215994e-01
2.105263e-03 6.907000e-01 8.191000e-01
2.236842e-03 7.275603e-01 7.996228e-01
2.302632e-03 7.421566e-01 7.902583e-01
2.335526e-03 7.486149e-01 7.856873e-01
2.368421e-03 7.546000e-01 7.812000e-01
2.500000e-03 7.773883e-01 7.636979e-01
2.565790e-03 7.878339e-01 7.552642e-01
2.598684e-03 7.927433e-01 7.511447e-01
2.631579e-03 7.974000e-01 7.471000e-01
2.763158e-03 8.142974e-01 7.313470e-01
2.828947e-03 8.218123e-01 7.237566e-01
2.894737e-03 8.287000e-01 7.164000e-01
3.026316e-03 8.415376e-01 7.021530e-01
3.092106e-03 8.474573e-01 6.952806e-01
3.157895e-03 8.530000e-01 6.886000e-01
3.289474e-03 8.633713e-01 6.755597e-01
3.355263e-03 8.682079e-01 6.692429e-01
3.421053e-03 8.728000e-01 6.631000e-01
3.552632e-03 8.815616e-01 6.511712e-01
3.684211e-03 8.898000e-01 6.398000e-01
3.947369e-03 9.052879e-01 6.183082e-01
4.078947e-03 9.126758e-01 6.082129e-01
4.210526e-03 9.199000e-01 5.986000e-01
4.473684e-03 9.342496e-01 5.801935e-01
4.605263e-03 9.414446e-01 5.714594e-01
4.736842e-03 9.487000e-01 5.631000e-01
5.000000e-03 9.633964e-01 5.470953e-01
5.131579e-03 9.708834e-01 5.394914e-01
5.263158e-03 9.785000e-01 5.322000e-01
5.526316e-03 9.940270e-01 5.182043e-01
5.657895e-03 1.001951e+00 5.115279e-01
5.789474e-03 1.010000e+00 5.051000e-01
6.052631e-03 1.026337e+00 4.926923e-01
6.184210e-03 1.034625e+00 4.867442e-01
6.315789e-03 1.043000e+00 4.810000e-01
6.578947e-03 1.059875e+00 4.698904e-01
6.710526e-03 1.068399e+00 4.645561e-01
6.842105e-03 1.077000e+00 4.594000e-01
7.105263e-03 1.094426e+00 4.494345e-01
7.236842e-03 1.103204e+00 4.446429e-01
7.368421e-03 1.112000e+00 4.400000e-01
7.631579e-03 1.129460e+00 4.309785e-01
7.763158e-03 1.138201e+00 4.266249e-01
7.894737e-03 1.147000e+00 4.224000e-01
8.157895e-03 1.164962e+00 4.142063e-01
8.289474e-03 1.174001e+00 4.102493e-01
8.421053e-03 1.183000e+00 4.064000e-01
8.684211e-03 1.200624e+00 3.988879e-01
8.815789e-03 1.209326e+00 3.952461e-01
8.947368e-03 1.218000e+00 3.917000e-01
9.210526e-03 1.235499e+00 3.848001e-01
9.342105e-03 1.244264e+00 3.814575e-01
9.473684e-03 1.253000e+00 3.782000e-01
1.000000e-02 1.287354e+00 3.656780e-01
1.026316e-02 1.304254e+00 3.597529e-01
1.039474e-02 1.312644e+00 3.568893e-01
1.052632e-02 1.321000e+00 3.541000e-01
1.118422e-02 1.362638e+00 3.407856e-01
1.151316e-02 1.383359e+00 3.345355e-01
1.167764e-02 1.393691e+00 3.315258e-01
1.184211e-02 1.404000e+00 3.286000e-01
1.250000e-02 1.445243e+00 3.173284e-01
1.282895e-02 1.465722e+00 3.119903e-01
1.299342e-02 1.475894e+00 3.094110e-01
1.315789e-02 1.486000e+00 3.069000e-01
1.381579e-02 1.525760e+00 2.972501e-01
1.414473e-02 1.545410e+00 2.926764e-01
1.430921e-02 1.555205e+00 2.904617e-01
1.447368e-02 1.565000e+00 2.883000e-01
1.513157e-02 1.604410e+00 2.799349e-01
1.546052e-02 1.624194e+00 2.759407e-01
1.562500e-02 1.634097e+00 2.739994e-01
1.578947e-02 1.644000e+00 2.721000e-01
1.644736e-02 1.683590e+00 2.647304e-01
1.677631e-02 1.703330e+00 2.612010e-01
1.694079e-02 1.713176e+00 2.594829e-01
1.710526e-02 1.723000e+00 2.578000e-01
1.776316e-02 1.762025e+00 2.512607e-01
1.809210e-02 1.781491e+00 2.481245e-01
1.825658e-02 1.791235e+00 2.465968e-01
1.842105e-02 1.801000e+00 2.451000e-01
1.907894e-02 1.840377e+00 2.392907e-01
1.940789e-02 1.860174e+00 2.365003e-01
1.957237e-02 1.870087e+00 2.351380e-01
1.973684e-02 1.880000e+00 2.338000e-01
2.039473e-02 1.919527e+00 2.285738e-01
2.072368e-02 1.939260e+00 2.260492e-01
2.088816e-02 1.949127e+00 2.248141e-01
2.105263e-02 1.959000e+00 2.236000e-01
2.236842e-02 2.038344e+00 2.143281e-01
2.302631e-02 2.078154e+00 2.099949e-01
2.335526e-02 2.098077e+00 2.079155e-01
2.368421e-02 2.118000e+00 2.059000e-01
2.500000e-02 2.197554e+00 1.981849e-01
2.565790e-02 2.237283e+00 1.945527e-01
2.598684e-02 2.257142e+00 1.928021e-01
2.631579e-02 2.277000e+00 1.911000e-01
2.763158e-02 2.356481e+00 1.845574e-01
2.828948e-02 2.396238e+00 1.814594e-01
2.861842e-02 2.416119e+00 1.799610e-01
2.894737e-02 2.436000e+00 1.785000e-01
3.026316e-02 2.515507e+00 1.728572e-01
3.092106e-02 2.555254e+00 1.701723e-01
3.125000e-02 2.575127e+00 1.688707e-01
3.157895e-02 2.595000e+00 1.676000e-01
3.289474e-02 2.674556e+00 1.626860e-01
3.355264e-02 2.714309e+00 1.603450e-01
3.388158e-02 2.734165e+00 1.592093e-01
3.421053e-02 2.754000e+00 1.581000e-01
3.552632e-02 2.833177e+00 1.538170e-01
3.618421e-02 2.872643e+00 1.517713e-01
3.651316e-02 2.892337e+00 1.507757e-01
3.684211e-02 2.912000e+00 1.498000e-01
3.947368e-02 3.068561e+00 1.423715e-01
4.078947e-02 3.146418e+00 1.389265e-01
4.144737e-02 3.185242e+00 1.372835e-01
4.177631e-02 3.204629e+00 1.364839e-01
4.210526e-02 3.224000e+00 1.357000e-01
4.473684e-02 3.379034e+00 1.297218e-01
4.605263e-02 3.456249e+00 1.269327e-01
4.671053e-02 3.494701e+00 1.255954e-01
4.703947e-02 3.513873e+00 1.249422e-01
4.736842e-02 3.533000e+00 1.243000e-01
5.000000e-02 3.684887e+00 1.193493e-01
5.131579e-02 3.760167e+00 1.170151e-01
5.197368e-02 3.797639e+00 1.158910e-01
5.263158e-02 3.835000e+00 1.148000e-01
5.526316e-02 3.984117e+00 1.106343e-01
5.657895e-02 4.058276e+00 1.086718e-01
5.723685e-02 4.095204e+00 1.077240e-01
5.789474e-02 4.132000e+00 1.068000e-01
6.052631e-02 4.278443e+00 1.032174e-01
6.184210e-02 4.351025e+00 1.015112e-01
6.250000e-02 4.387100e+00 1.006851e-01
6.315789e-02 4.423000e+00 9.988000e-02
6.578947e-02 4.565501e+00 9.678966e-02
6.710526e-02 4.636036e+00 9.532439e-02
6.776315e-02 4.671095e+00 9.461413e-02
6.842105e-02 4.706000e+00 9.392000e-02
7.105263e-02 4.844924e+00 9.122383e-02
7.236842e-02 4.913763e+00 8.993273e-02
7.302632e-02 4.947969e+00 8.930465e-02
7.368421e-02 4.982000e+00 8.869000e-02
7.631579e-02 5.117124e+00 8.630949e-02
7.763158e-02 5.183911e+00 8.516972e-02
7.828947e-02 5.217054e+00 8.461445e-02
7.894737e-02 5.250000e+00 8.407000e-02
8.157895e-02 5.380611e+00 8.194808e-02
8.289474e-02 5.445128e+00 8.092703e-02
8.355264e-02 5.477152e+00 8.042878e-02
8.421053e-02 5.509000e+00 7.994000e-02
8.684211e-02 5.635618e+00 7.803993e-02
8.815789e-02 5.698181e+00 7.712569e-02
8.881579e-02 5.729200e+00 7.667898e-02
8.947368e-02 5.760000e+00 7.624000e-02
9.210526e-02 5.881779e+00 7.452403e-02
9.342105e-02 5.941754e+00 7.369469e-02
9.473684e-02 6.001000e+00 7.289000e-02
1.000000e-01 6.234047e+00 6.984245e-02
1.026316e-01 6.347446e+00 6.842220e-02
1.039474e-01 6.403130e+00 6.774080e-02
1.052632e-01 6.458000e+00 6.708000e-02
1.118422e-01 6.725313e+00 6.393415e-02
1.151316e-01 6.853836e+00 6.246869e-02
1.167764e-01 6.916523e+00 6.176755e-02
1.184211e-01 6.978000e+00 6.109000e-02
1.250000e-01 7.217317e+00 5.851394e-02
1.282894e-01 7.332208e+00 5.730964e-02
1.299342e-01 7.388177e+00 5.673121e-02
1.315789e-01 7.443000e+00 5.617000e-02
1.381578e-01 7.656028e+00 5.401449e-02
1.414473e-01 7.757982e+00 5.299733e-02
1.430921e-01 7.807541e+00 5.250683e-02
1.447368e-01 7.856000e+00 5.203000e-02
1.513157e-01 8.043547e+00 5.020044e-02
1.546052e-01 8.133040e+00 4.933554e-02
1.562500e-01 8.176505e+00 4.891747e-02
1.578947e-01 8.219000e+00 4.851000e-02
1.644736e-01 8.383909e+00 4.693683e-02
1.677631e-01 8.462599e+00 4.618805e-02
1.710526e-01 8.538000e+00 4.547000e-02
1.776315e-01 8.681888e+00 4.409285e-02
1.809210e-01 8.749964e+00 4.343797e-02
1.842105e-01 8.815000e+00 4.281000e-02
1.907894e-01 8.939581e+00 4.160664e-02
1.940789e-01 8.998620e+00 4.103283e-02
1.973684e-01 9.055000e+00 4.048000e-02
2.039473e-01 9.162668e+00 3.940976e-02
2.072368e-01 9.213541e+00 3.889597e-02
2.105263e-01 9.262000e+00 3.840000e-02
2.236842e-01 9.440560e+00 3.653652e-02
2.302631e-01 9.520102e+00 3.567661e-02
2.368421e-01 9.592000e+00 3.487000e-02
2.500000e-01 9.721387e+00 3.334919e-02
2.565789e-01 9.778221e+00 3.263978e-02
2.631579e-01 9.829000e+00 3.197000e-02
2.763158e-01 9.919452e+00 3.070511e-02
2.894737e-01 9.993000e+00 2.955000e-02
3.026316e-01 1.005312e+01 2.847464e-02
3.157895e-01 1.010000e+01 2.749000e-02
3.421053e-01 1.017000e+01 2.572000e-02
3.684211e-01 1.021000e+01 2.418000e-02
4.210526e-01 1.021000e+01 2.163000e-02
4.736842e-01 1.015000e+01 1.959000e-02
5.263158e-01 1.006000e+01 1.793000e-02
5.526316e-01 1.001038e+01 1.719900e-02
5.789474e-01 9.957000e+00 1.654000e-02
6.052632e-01 9.900616e+00 1.592430e-02
6.315789e-01 9.842000e+00 1.536000e-02
6.578947e-01 9.782749e+00 1.483333e-02
6.842105e-01 9.723000e+00 1.435000e-02
7.105263e-01 9.662983e+00 1.389830e-02
7.368421e-01 9.603000e+00 1.348000e-02
7.631579e-01 9.543197e+00 1.308273e-02
7.894737e-01 9.484000e+00 1.271000e-02
8.157895e-01 9.425619e+00 1.235319e-02
8.421053e-01 9.368000e+00 1.202000e-02
8.684211e-01 9.310601e+00 1.170980e-02
8.947368e-01 9.254000e+00 1.142000e-02
9.210526e-01 9.198492e+00 1.113818e-02
9.473684e-01 9.144000e+00 1.087000e-02
1.000000e+00 9.036106e+00 1.037386e-02
1.026316e+00 8.983091e+00 1.014549e-02
1.052632e+00 8.931000e+00 9.931000e-03
1.118421e+00 8.804025e+00 9.426595e-03
1.151316e+00 8.742339e+00 9.193012e-03
1.184211e+00 8.682000e+00 8.974000e-03
1.250000e+00 8.563706e+00 8.563807e-03
1.282895e+00 8.505855e+00 8.373395e-03
1.315789e+00 8.449000e+00 8.194000e-03
1.381579e+00 8.336947e+00 7.854614e-03
1.414473e+00 8.282003e+00 7.695638e-03
1.447368e+00 8.228000e+00 7.545000e-03
1.513158e+00 8.121998e+00 7.259243e-03
1.546052e+00 8.070083e+00 7.124848e-03
1.578947e+00 8.019000e+00 6.997000e-03
1.644737e+00 7.918271e+00 6.753389e-03
1.677631e+00 7.868775e+00 6.638163e-03
1.710526e+00 7.820000e+00 6.528000e-03
1.776315e+00 7.723862e+00 6.316669e-03
1.809210e+00 7.676606e+00 6.216226e-03
1.842105e+00 7.630000e+00 6.120000e-03
1.907895e+00 7.535885e+00 5.935887e-03
1.940789e+00 7.490584e+00 5.848268e-03
1.973684e+00 7.448000e+00 5.764000e-03
2.039473e+00 7.374676e+00 5.601169e-03
2.105263e+00 7.307000e+00 5.448000e-03
2.236842e+00 7.144475e+00 5.165728e-03
2.302632e+00 7.057014e+00 5.036586e-03
2.335526e+00 7.013122e+00 4.975196e-03
2.368421e+00 6.970000e+00 4.916000e-03
2.500000e+00 6.811976e+00 4.689517e-03
2.565790e+00 6.739363e+00 4.583334e-03
2.598684e+00 6.704354e+00 4.532363e-03
2.631579e+00 6.670000e+00 4.483000e-03
2.763158e+00 6.532965e+00 4.294752e-03
2.828947e+00 6.465392e+00 4.206541e-03
2.861842e+00 6.432010e+00 4.164141e-03
2.894737e+00 6.399000e+00 4.123000e-03
3.026316e+00 6.269645e+00 3.965306e-03
3.092105e+00 6.206662e+00 3.890894e-03
3.157895e+00 6.145000e+00 3.820000e-03
3.289474e+00 6.023919e+00 3.684803e-03
3.355264e+00 5.964831e+00 3.620928e-03
3.421053e+00 5.907000e+00 3.560000e-03
3.552632e+00 5.793948e+00 3.443813e-03
3.618422e+00 5.738890e+00 3.388747e-03
3.684211e+00 5.685000e+00 3.336000e-03
3.947368e+00 5.476316e+00 3.138761e-03
4.078947e+00 5.376697e+00 3.048633e-03
4.144737e+00 5.328308e+00 3.005955e-03
4.210526e+00 5.281000e+00 2.965000e-03
4.473684e+00 5.097739e+00 2.810406e-03
4.605263e+00 5.010185e+00 2.738934e-03
4.671053e+00 4.967630e+00 2.704860e-03
4.736842e+00 4.926000e+00 2.672000e-03
5.000000e+00 4.764514e+00 2.547099e-03
5.131579e+00 4.687283e+00 2.488873e-03
5.197368e+00 4.649734e+00 2.460984e-03
5.263158e+00 4.613000e+00 2.434000e-03
5.526316e+00 4.470729e+00 2.331088e-03
5.657895e+00 4.402643e+00 2.282807e-03
5.723685e+00 4.369491e+00 2.259572e-03
5.789474e+00 4.337000e+00 2.237000e-03
6.052632e+00 4.210518e+00 2.150126e-03
6.184210e+00 4.149726e+00 2.109066e-03
6.250000e+00 4.120077e+00 2.089258e-03
6.315789e+00 4.091000e+00 2.070000e-03
6.578947e+00 3.977879e+00 1.996190e-03
6.710526e+00 3.923521e+00 1.961310e-03
6.776315e+00 3.897007e+00 1.944445e-03
6.842105e+00 3.871000e+00 1.928000e-03
7.105263e+00 3.769891e+00 1.864359e-03
7.236842e+00 3.721207e+00 1.834044e-03
7.302631e+00 3.697405e+00 1.819346e-03
7.368421e+00 3.674000e+00 1.805000e-03
7.631579e+00 3.582287e+00 1.749705e-03
7.763158e+00 3.537950e+00 1.723354e-03
7.828947e+00 3.516277e+00 1.710545e-03
7.894737e+00 3.495000e+00 1.698000e-03
8.157895e+00 3.412442e+00 1.649161e-03
8.289474e+00 3.372668e+00 1.625683e-03
8.355263e+00 3.353190e+00 1.614231e-03
8.421053e+00 3.334000e+00 1.603000e-03
8.684211e+00 3.258403e+00 1.559232e-03
8.815789e+00 3.221677e+00 1.538227e-03
8.881579e+00 3.203685e+00 1.528003e-03
8.947368e+00 3.186000e+00 1.518000e-03
9.210526e+00 3.117316e+00 1.479371e-03
9.342105e+00 3.084199e+00 1.460878e-03
9.407895e+00 3.067978e+00 1.451858e-03
9.473684e+00 3.052000e+00 1.443000e-03
1.000000e+01 2.928423e+00 1.374960e-03
1.026316e+01 2.869847e+00 1.343075e-03
1.039474e+01 2.841544e+00 1.327786e-03
1.052632e+01 2.814000e+00 1.313000e-03
1.118422e+01 2.682965e+00 1.243684e-03
1.151316e+01 2.621791e+00 1.211819e-03
1.167764e+01 2.592443e+00 1.196644e-03
1.175987e+01 2.578103e+00 1.189254e-03
1.184211e+01 2.564000e+00 1.182000e-03
1.250000e+01 2.455202e+00 1.126071e-03
1.282895e+01 2.403828e+00 1.099794e-03
1.299342e+01 2.379061e+00 1.087188e-03
1.307565e+01 2.366937e+00 1.081038e-03
1.315789e+01 2.355000e+00 1.075000e-03
1.381578e+01 2.262995e+00 1.028934e-03
1.414473e+01 2.219486e+00 1.007393e-03
1.430921e+01 2.198468e+00 9.970443e-04
1.447368e+01 2.178000e+00 9.870000e-04
1.513157e+01 2.099119e+00 9.484017e-04
1.546052e+01 2.061717e+00 9.301657e-04
1.562500e+01 2.043627e+00 9.213638e-04
1.578947e+01 2.026000e+00 9.128000e-04
1.644737e+01 1.958037e+00 8.798774e-04
1.677631e+01 1.925797e+00 8.642888e-04
1.694079e+01 1.910200e+00 8.567496e-04
1.710526e+01 1.895000e+00 8.494000e-04
1.776316e+01 1.836529e+00 8.210337e-04
1.809210e+01 1.808721e+00 8.075378e-04
1.825658e+01 1.795217e+00 8.009928e-04
1.842105e+01 1.782000e+00 7.946000e-04
1.907895e+01 1.730373e+00 7.698600e-04
1.940789e+01 1.705658e+00 7.580504e-04
1.957237e+01 1.693676e+00 7.523124e-04
1.973684e+01 1.682000e+00 7.467000e-04
2.039474e+01 1.637327e+00 7.249457e-04
2.072368e+01 1.616206e+00 7.145326e-04
2.088816e+01 1.605982e+00 7.094640e-04
2.105263e+01 1.596000e+00 7.045000e-04
2.236842e+01 1.520262e+00 6.669364e-04
2.302632e+01 1.485686e+00 6.496058e-04
2.335526e+01 1.469436e+00 6.413527e-04
2.351974e+01 1.461608e+00 6.373373e-04
2.368421e+01 1.454000e+00 6.334000e-04
2.500000e+01 1.397415e+00 6.032686e-04
2.565789e+01 1.372057e+00 5.891845e-04
2.598684e+01 1.360219e+00 5.824331e-04
2.631579e+01 1.349000e+00 5.759000e-04
2.763158e+01 1.308531e+00 5.509987e-04
2.828947e+01 1.289967e+00 5.393378e-04
2.861842e+01 1.280947e+00 5.337350e-04
2.894737e+01 1.272000e+00 5.283000e-04
3.026316e+01 1.235340e+00 5.074649e-04
3.092105e+01 1.216709e+00 4.976428e-04
3.125000e+01 1.207355e+00 4.929064e-04
3.157895e+01 1.198000e+00 4.883000e-04
3.289474e+01 1.160354e+00 4.705995e-04
3.355263e+01 1.141883e+00 4.622154e-04
3.388158e+01 1.132844e+00 4.581581e-04
3.421053e+01 1.124000e+00 4.542000e-04
3.552632e+01 1.090223e+00 4.388878e-04
3.618421e+01 1.074268e+00 4.315922e-04
3.651316e+01 1.066544e+00 4.280539e-04
3.684211e+01 1.059000e+00 4.246000e-04
3.947369e+01 1.001863e+00 3.987969e-04
4.078947e+01 9.755678e-01 3.870660e-04
4.144737e+01 9.630858e-01 3.815202e-04
4.177631e+01 9.570276e-01 3.788312e-04
4.210526e+01 9.511000e-01 3.762000e-04
4.473684e+01 9.060951e-01 3.561045e-04
4.605263e+01 8.852481e-01 3.467601e-04
4.671053e+01 8.752997e-01 3.422996e-04
4.703947e+01 8.704543e-01 3.401284e-04
4.736842e+01 8.657000e-01 3.380000e-04
5.000000e+01 8.292660e-01 3.217730e-04
5.131579e+01 8.122079e-01 3.142158e-04
5.197369e+01 8.040239e-01 3.105983e-04
5.263158e+01 7.961000e-01 3.071000e-04
5.526316e+01 7.658864e-01 2.937660e-04
5.657895e+01 7.517232e-01 2.875185e-04
5.723685e+01 7.449123e-01 2.845151e-04
5.789474e+01 7.383000e-01 2.816000e-04
6.052631e+01 7.129136e-01 2.704064e-04
6.184210e+01 7.009230e-01 2.651243e-04
6.250000e+01 6.951343e-01 2.625769e-04
6.315789e+01 6.895000e-01 2.601000e-04
6.578947e+01 6.678114e-01 2.505904e-04
6.710526e+01 6.575287e-01 2.460930e-04
6.776315e+01 6.525526e-01 2.439189e-04
6.842105e+01 6.477000e-01 2.418000e-04
7.105263e+01 6.289619e-01 2.336209e-04
7.236842e+01 6.200456e-01 2.297297e-04
7.302631e+01 6.157221e-01 2.278428e-04
7.368421e+01 6.115000e-01 2.260000e-04
7.631579e+01 5.951829e-01 2.188679e-04
7.763158e+01 5.873944e-01 2.154659e-04
7.828948e+01 5.836075e-01 2.138142e-04
7.894737e+01 5.799000e-01 2.122000e-04
8.157895e+01 5.654791e-01 2.059594e-04
8.289474e+01 5.585632e-01 2.029762e-04
8.355264e+01 5.551964e-01 2.015237e-04
8.421053e+01 5.519000e-01 2.001000e-04
8.684211e+01 5.391326e-01 1.945526e-04
8.815789e+01 5.330132e-01 1.918826e-04
8.881579e+01 5.300290e-01 1.905792e-04
8.947368e+01 5.271000e-01 1.893000e-04
9.210526e+01 5.156602e-01 1.843156e-04
9.342105e+01 5.101421e-01 1.819175e-04
9.407895e+01 5.074463e-01 1.807475e-04
9.473684e+01 5.048000e-01 1.796000e-04
1.052632e+02 4.666000e-01 1.631000e-04
