2.222222e-03 1.222000e+00 2.627000e+00
2.444444e-03 1.322000e+00 2.568000e+00
2.555555e-03 1.365600e+00 2.539200e+00
2.611111e-03 1.385809e+00 2.525017e+00
2.638889e-03 1.395527e+00 2.517986e+00
2.666667e-03 1.405000e+00 2.511000e+00
2.777778e-03 1.442060e+00 2.483199e+00
2.833334e-03 1.459871e+00 2.469492e+00
2.861111e-03 1.468534e+00 2.462713e+00
2.888889e-03 1.477000e+00 2.456000e+00
3.000000e-03 1.509458e+00 2.429643e+00
3.055556e-03 1.524960e+00 2.416732e+00
3.111111e-03 1.540000e+00 2.404000e+00
3.222222e-03 1.569520e+00 2.378759e+00
3.277778e-03 1.583917e+00 2.366303e+00
3.333333e-03 1.598000e+00 2.354000e+00
3.444445e-03 1.625479e+00 2.329723e+00
3.500000e-03 1.638868e+00 2.317781e+00
3.555556e-03 1.652000e+00 2.306000e+00
3.666667e-03 1.677754e+00 2.282734e+00
3.722223e-03 1.690430e+00 2.271288e+00
3.777778e-03 1.703000e+00 2.260000e+00
3.888889e-03 1.728138e+00 2.237725e+00
3.944444e-03 1.740625e+00 2.226780e+00
4.000000e-03 1.753000e+00 2.216000e+00
4.222222e-03 1.801312e+00 2.174000e+00
4.333333e-03 1.824853e+00 2.153717e+00
4.388889e-03 1.836474e+00 2.143782e+00
4.444444e-03 1.848000e+00 2.134000e+00
4.722222e-03 1.905114e+00 2.086286e+00
4.861111e-03 1.933249e+00 2.063284e+00
4.930555e-03 1.947180e+00 2.052043e+00
5.000000e-03 1.961000e+00 2.041000e+00
5.277778e-03 2.015653e+00 1.997979e+00
5.416667e-03 2.042524e+00 1.977202e+00
5.486111e-03 2.055817e+00 1.967024e+00
5.555556e-03 2.069000e+00 1.957000e+00
5.833333e-03 2.121140e+00 1.917641e+00
5.972222e-03 2.146765e+00 1.898551e+00
6.041667e-03 2.159438e+00 1.889199e+00
6.111111e-03 2.172000e+00 1.880000e+00
6.388889e-03 2.221644e+00 1.844143e+00
6.527778e-03 2.246018e+00 1.826827e+00
6.597222e-03 2.258064e+00 1.818347e+00
6.666667e-03 2.270000e+00 1.810000e+00
6.944445e-03 2.316967e+00 1.777258e+00
7.083333e-03 2.340086e+00 1.761397e+00
7.222222e-03 2.363000e+00 1.746000e+00
7.500000e-03 2.408770e+00 1.716364e+00
7.638889e-03 2.431489e+00 1.702036e+00
7.777778e-03 2.454000e+00 1.688000e+00
8.055556e-03 2.498443e+00 1.660045e+00
8.194444e-03 2.520345e+00 1.646348e+00
8.333333e-03 2.542000e+00 1.633000e+00
8.611111e-03 2.584837e+00 1.607365e+00
8.750000e-03 2.606011e+00 1.595026e+00
8.888889e-03 2.627000e+00 1.583000e+00
9.444444e-03 2.709844e+00 1.536065e+00
9.722222e-03 2.750640e+00 1.513575e+00
9.861111e-03 2.770876e+00 1.502656e+00
1.000000e-02 2.791000e+00 1.492000e+00
1.055556e-02 2.871015e+00 1.451094e+00
1.083333e-02 2.910664e+00 1.431667e+00
1.097222e-02 2.930376e+00 1.422234e+00
1.111111e-02 2.950000e+00 1.413000e+00
1.166666e-02 3.028014e+00 1.376987e+00
1.194444e-02 3.066664e+00 1.359682e+00
1.208333e-02 3.085876e+00 1.351253e+00
1.222222e-02 3.105000e+00 1.343000e+00
1.277777e-02 3.180897e+00 1.311082e+00
1.305555e-02 3.218543e+00 1.295790e+00
1.319444e-02 3.237294e+00 1.288329e+00
1.333333e-02 3.256000e+00 1.281000e+00
1.388889e-02 3.330650e+00 1.252279e+00
1.416666e-02 3.367867e+00 1.238410e+00
1.430555e-02 3.386444e+00 1.231639e+00
1.444444e-02 3.405000e+00 1.225000e+00
1.500000e-02 3.479161e+00 1.199308e+00
1.527778e-02 3.516140e+00 1.186968e+00
1.541667e-02 3.534588e+00 1.180935e+00
1.555556e-02 3.553000e+00 1.175000e+00
1.666667e-02 3.699319e+00 1.129112e+00
1.722223e-02 3.771876e+00 1.107474e+00
1.750000e-02 3.807993e+00 1.097072e+00
1.777778e-02 3.844000e+00 1.087000e+00
1.888889e-02 3.987523e+00 1.048872e+00
1.944444e-02 4.058919e+00 1.031015e+00
1.972222e-02 4.094504e+00 1.022401e+00
2.000000e-02 4.130000e+00 1.014000e+00
2.111111e-02 4.271570e+00 9.812544e-01
2.166667e-02 4.341972e+00 9.655951e-01
2.194444e-02 4.377041e+00 9.580020e-01
2.222222e-02 4.412000e+00 9.506000e-01
2.333333e-02 4.551110e+00 9.222107e-01
2.388888e-02 4.620223e+00 9.087680e-01
2.416666e-02 4.654655e+00 9.022578e-01
2.444444e-02 4.689000e+00 8.959000e-01
2.555556e-02 4.825981e+00 8.712530e-01
2.611111e-02 4.894143e+00 8.594592e-01
2.638889e-02 4.928116e+00 8.537201e-01
2.666667e-02 4.962000e+00 8.481000e-01
2.777778e-02 5.097143e+00 8.262646e-01
2.833334e-02 5.164292e+00 8.157948e-01
2.861111e-02 5.197712e+00 8.106956e-01
2.888889e-02 5.231000e+00 8.057000e-01
3.000000e-02 5.363199e+00 7.863147e-01
3.055555e-02 5.428777e+00 7.770058e-01
3.083333e-02 5.461433e+00 7.724621e-01
3.111111e-02 5.494000e+00 7.680000e-01
3.222222e-02 5.624068e+00 7.505622e-01
3.277778e-02 5.688745e+00 7.421480e-01
3.305555e-02 5.720938e+00 7.380366e-01
3.333333e-02 5.753000e+00 7.340000e-01
3.444445e-02 5.880343e+00 7.183037e-01
3.500000e-02 5.943414e+00 7.107406e-01
3.527778e-02 5.974773e+00 7.070405e-01
3.555556e-02 6.006000e+00 7.034000e-01
3.666667e-02 6.130188e+00 6.891373e-01
3.722222e-02 6.191795e+00 6.822242e-01
3.777778e-02 6.253000e+00 6.755000e-01
3.888889e-02 6.374719e+00 6.624404e-01
3.944444e-02 6.435086e+00 6.561315e-01
4.000000e-02 6.495000e+00 6.500000e-01
4.222222e-02 6.731576e+00 6.265860e-01
4.333333e-02 6.847702e+00 6.155737e-01
4.388889e-02 6.905104e+00 6.102649e-01
4.444444e-02 6.962000e+00 6.051000e-01
4.722222e-02 7.242407e+00 5.804199e-01
4.861111e-02 7.379538e+00 5.688508e-01
4.930556e-02 7.447143e+00 5.632916e-01
5.000000e-02 7.514000e+00 5.579000e-01
5.277778e-02 7.777362e+00 5.372634e-01
5.416667e-02 7.906011e+00 5.275444e-01
5.486112e-02 7.969379e+00 5.228582e-01
5.555556e-02 8.032000e+00 5.183000e-01
5.833334e-02 8.278144e+00 5.007498e-01
5.972222e-02 8.398278e+00 4.924357e-01
6.041667e-02 8.457470e+00 4.884161e-01
6.111111e-02 8.516000e+00 4.845000e-01
6.388889e-02 8.746819e+00 4.694257e-01
6.527778e-02 8.859604e+00 4.622649e-01
6.597222e-02 8.915142e+00 4.587927e-01
6.666667e-02 8.970000e+00 4.554000e-01
6.944444e-02 9.185254e+00 4.422433e-01
7.083333e-02 9.290191e+00 4.359519e-01
7.152778e-02 9.341882e+00 4.328929e-01
7.222222e-02 9.393000e+00 4.299000e-01
7.500000e-02 9.594761e+00 4.183006e-01
7.638889e-02 9.693413e+00 4.127493e-01
7.777778e-02 9.790000e+00 4.074000e-01
8.055556e-02 9.978293e+00 3.970941e-01
8.194444e-02 1.007001e+01 3.921608e-01
8.333333e-02 1.016000e+01 3.874000e-01
8.611111e-02 1.033774e+01 3.781985e-01
8.750000e-02 1.042477e+01 3.737776e-01
8.888889e-02 1.051000e+01 3.695000e-01
9.444445e-02 1.083639e+01 3.532725e-01
9.722222e-02 1.099121e+01 3.457179e-01
9.861111e-02 1.106638e+01 3.421004e-01
1.000000e-01 1.114000e+01 3.386000e-01
1.055555e-01 1.142759e+01 3.252335e-01
1.083333e-01 1.156613e+01 3.189567e-01
1.097222e-01 1.163372e+01 3.159353e-01
1.111111e-01 1.170000e+01 3.130000e-01
1.166667e-01 1.195718e+01 3.017177e-01
1.194444e-01 1.208063e+01 2.963837e-01
1.222222e-01 1.220000e+01 2.913000e-01
1.277777e-01 1.243156e+01 2.816269e-01
1.305555e-01 1.254275e+01 2.770597e-01
1.333333e-01 1.265000e+01 2.727000e-01
1.388889e-01 1.285612e+01 2.643639e-01
1.416666e-01 1.295474e+01 2.604028e-01
1.444444e-01 1.305000e+01 2.566000e-01
1.500000e-01 1.323443e+01 2.492701e-01
1.527778e-01 1.332343e+01 2.457680e-01
1.555556e-01 1.341000e+01 2.424000e-01
1.666667e-01 1.374267e+01 2.298302e-01
1.722223e-01 1.389998e+01 2.240729e-01
1.750000e-01 1.397598e+01 2.213366e-01
1.777778e-01 1.405000e+01 2.187000e-01
1.888889e-01 1.433503e+01 2.086346e-01
1.944445e-01 1.447037e+01 2.039310e-01
2.000000e-01 1.460000e+01 1.995000e-01
2.111111e-01 1.484856e+01 1.912032e-01
2.166667e-01 1.496673e+01 1.873452e-01
2.222222e-01 1.508000e+01 1.837000e-01
2.333333e-01 1.529664e+01 1.767649e-01
2.388889e-01 1.540005e+01 1.735010e-01
2.444444e-01 1.550000e+01 1.704000e-01
2.555555e-01 1.569435e+01 1.645182e-01
2.611111e-01 1.578840e+01 1.617460e-01
2.666667e-01 1.588000e+01 1.591000e-01
2.777778e-01 1.605892e+01 1.540270e-01
2.833333e-01 1.614564e+01 1.516144e-01
2.888889e-01 1.623000e+01 1.493000e-01
3.000000e-01 1.639343e+01 1.448553e-01
3.111111e-01 1.655000e+01 1.407000e-01
3.222222e-01 1.670339e+01 1.367660e-01
3.333333e-01 1.685000e+01 1.331000e-01
3.444445e-01 1.698806e+01 1.296376e-01
3.555556e-01 1.712000e+01 1.264000e-01
3.666667e-01 1.725108e+01 1.233173e-01
3.777778e-01 1.738000e+01 1.204000e-01
3.888889e-01 1.750697e+01 1.175778e-01
4.000000e-01 1.763000e+01 1.149000e-01
4.222222e-01 1.786314e+01 1.099399e-01
4.333333e-01 1.797363e+01 1.076524e-01
4.444444e-01 1.808000e+01 1.055000e-01
4.722222e-01 1.833722e+01 1.004239e-01
4.861111e-01 1.846066e+01 9.806598e-02
5.000000e-01 1.858000e+01 9.585000e-02
5.277778e-01 1.881155e+01 9.169139e-02
5.416667e-01 1.892274e+01 8.975648e-02
5.555556e-01 1.903000e+01 8.793000e-02
5.833333e-01 1.923550e+01 8.446801e-02
5.972222e-01 1.933411e+01 8.284277e-02
6.111111e-01 1.943000e+01 8.130000e-02
6.388889e-01 1.961982e+01 7.836924e-02
6.666667e-01 1.980000e+01 7.567000e-02
6.944444e-01 1.996549e+01 7.314129e-02
7.222222e-01 2.012000e+01 7.081000e-02
7.500000e-01 2.027297e+01 6.862064e-02
7.777778e-01 2.042000e+01 6.659000e-02
8.055556e-01 2.055951e+01 6.466578e-02
8.333333e-01 2.069000e+01 6.287000e-02
8.611111e-01 2.081364e+01 6.116990e-02
8.888889e-01 2.093000e+01 5.958000e-02
9.444444e-01 2.115131e+01 5.662505e-02
1.000000e+00 2.135000e+01 5.399000e-02
1.055556e+00 2.152666e+01 5.158158e-02
1.111111e+00 2.168000e+01 4.942000e-02
1.166666e+00 2.181818e+01 4.742297e-02
1.222222e+00 2.194000e+01 4.561000e-02
1.333333e+00 2.215000e+01 4.238000e-02
1.444444e+00 2.230000e+01 3.960000e-02
1.555556e+00 2.241000e+01 3.719000e-02
1.777778e+00 2.251000e+01 3.319000e-02
2.000000e+00 2.250000e+01 3.002000e-02
2.222222e+00 2.235000e+01 2.743000e-02
2.333333e+00 2.216200e+01 2.629800e-02
2.444444e+00 2.195000e+01 2.528000e-02
2.555555e+00 2.178539e+01 2.432552e-02
2.666667e+00 2.164000e+01 2.345000e-02
2.777778e+00 2.147640e+01 2.263614e-02
2.888889e+00 2.130000e+01 2.189000e-02
3.000000e+00 2.112074e+01 2.118954e-02
3.111111e+00 2.094000e+01 2.054000e-02
3.222222e+00 2.076053e+01 1.992430e-02
3.333333e+00 2.058000e+01 1.935000e-02
3.444445e+00 2.039660e+01 1.880742e-02
3.555556e+00 2.021000e+01 1.830000e-02
3.666667e+00 2.002001e+01 1.781553e-02
3.777778e+00 1.983000e+01 1.736000e-02
3.888889e+00 1.964345e+01 1.692709e-02
4.000000e+00 1.946000e+01 1.652000e-02
4.222222e+00 1.909691e+01 1.575712e-02
4.333333e+00 1.891757e+01 1.540312e-02
4.444444e+00 1.874000e+01 1.507000e-02
4.722222e+00 1.829900e+01 1.429232e-02
4.861111e+00 1.808235e+01 1.393444e-02
4.930556e+00 1.797552e+01 1.376413e-02
5.000000e+00 1.787000e+01 1.360000e-02
5.277778e+00 1.745727e+01 1.297657e-02
5.416667e+00 1.725653e+01 1.268539e-02
5.486111e+00 1.715771e+01 1.254560e-02
5.555556e+00 1.706000e+01 1.241000e-02
5.833334e+00 1.667343e+01 1.188812e-02
5.972222e+00 1.648450e+01 1.164240e-02
6.041667e+00 1.639159e+01 1.152433e-02
6.111111e+00 1.630000e+01 1.141000e-02
6.388889e+00 1.594188e+01 1.097671e-02
6.527778e+00 1.576855e+01 1.077360e-02
6.597223e+00 1.568361e+01 1.067559e-02
6.666667e+00 1.560000e+01 1.058000e-02
6.944445e+00 1.527301e+01 1.020749e-02
7.083333e+00 1.511448e+01 1.002943e-02
7.152778e+00 1.503669e+01 9.943116e-03
7.222222e+00 1.496000e+01 9.859000e-03
7.500000e+00 1.465876e+01 9.536686e-03
7.638889e+00 1.451245e+01 9.384112e-03
7.777778e+00 1.437000e+01 9.238000e-03
8.055556e+00 1.409378e+01 8.957007e-03
8.194444e+00 1.396020e+01 8.822936e-03
8.333333e+00 1.383000e+01 8.694000e-03
8.611111e+00 1.357500e+01 8.445793e-03
8.750000e+00 1.345099e+01 8.327189e-03
8.888889e+00 1.333000e+01 8.213000e-03
9.444444e+00 1.286701e+01 7.784538e-03
9.722222e+00 1.264852e+01 7.587374e-03
9.861111e+00 1.254293e+01 7.493507e-03
1.000000e+01 1.244000e+01 7.403000e-03
1.055556e+01 1.204104e+01 7.058149e-03
1.083333e+01 1.185123e+01 6.897026e-03
1.097222e+01 1.175941e+01 6.819778e-03
1.111111e+01 1.167000e+01 6.745000e-03
1.166667e+01 1.132696e+01 6.459617e-03
1.194444e+01 1.116479e+01 6.325792e-03
1.208333e+01 1.108640e+01 6.261447e-03
1.222222e+01 1.101000e+01 6.199000e-03
1.277778e+01 1.071546e+01 5.959509e-03
1.305555e+01 1.057507e+01 5.846532e-03
1.319444e+01 1.050683e+01 5.792027e-03
1.333333e+01 1.044000e+01 5.739000e-03
1.388889e+01 1.017957e+01 5.535063e-03
1.416666e+01 1.005452e+01 5.438411e-03
1.430555e+01 9.993622e+00 5.391632e-03
1.444444e+01 9.934000e+00 5.346000e-03
1.500000e+01 9.703140e+00 5.169623e-03
1.527778e+01 9.592614e+00 5.085591e-03
1.541667e+01 9.538776e+00 5.044821e-03
1.555556e+01 9.486000e+00 5.005000e-03
1.666667e+01 9.085158e+00 4.706387e-03
1.722223e+01 8.899062e+00 4.570216e-03
1.750000e+01 8.810062e+00 4.505793e-03
1.777778e+01 8.724000e+00 4.444000e-03
1.888889e+01 8.395567e+00 4.210834e-03
1.944445e+01 8.241370e+00 4.103023e-03
1.972222e+01 8.167136e+00 4.051606e-03
2.000000e+01 8.095000e+00 4.002000e-03
2.111111e+01 7.817897e+00 3.813127e-03
2.166667e+01 7.686608e+00 3.725010e-03
2.194444e+01 7.623043e+00 3.682810e-03
2.222222e+01 7.561000e+00 3.642000e-03
2.333333e+01 7.321104e+00 3.486659e-03
2.388889e+01 7.206461e+00 3.413924e-03
2.416666e+01 7.150668e+00 3.378954e-03
2.444444e+01 7.096000e+00 3.345000e-03
2.555555e+01 6.883432e+00 3.214431e-03
2.611111e+01 6.781127e+00 3.152732e-03
2.638889e+01 6.731133e+00 3.122958e-03
2.666667e+01 6.682000e+00 3.094000e-03
2.777778e+01 6.489557e+00 2.982817e-03
2.833333e+01 6.396712e+00 2.930222e-03
2.861111e+01 6.351406e+00 2.904791e-03
2.888889e+01 6.307000e+00 2.880000e-03
3.000000e+01 6.134317e+00 2.784278e-03
3.055555e+01 6.051885e+00 2.738709e-03
3.083333e+01 6.011937e+00 2.716601e-03
3.111111e+01 5.973000e+00 2.695000e-03
3.222222e+01 5.823938e+00 2.611308e-03
3.277777e+01 5.753158e+00 2.571358e-03
3.305555e+01 5.718746e+00 2.551959e-03
3.333333e+01 5.685000e+00 2.533000e-03
3.444445e+01 5.552793e+00 2.459761e-03
3.500000e+01 5.488895e+00 2.424758e-03
3.527778e+01 5.457662e+00 2.407714e-03
3.555556e+01 5.427000e+00 2.391000e-03
3.666667e+01 5.307900e+00 2.325736e-03
3.722222e+01 5.250583e+00 2.294325e-03
3.750000e+01 5.222560e+00 2.279008e-03
3.777778e+01 5.195000e+00 2.264000e-03
3.888889e+01 5.087029e+00 2.205859e-03
3.944445e+01 5.034754e+00 2.177969e-03
3.972222e+01 5.009161e+00 2.164361e-03
4.000000e+01 4.984000e+00 2.151000e-03
4.222222e+01 4.792299e+00 2.048780e-03
4.333333e+01 4.702753e+00 2.001021e-03
4.388889e+01 4.659742e+00 1.978135e-03
4.444444e+01 4.618000e+00 1.956000e-03
4.722222e+01 4.419151e+00 1.851853e-03
4.861111e+01 4.326394e+00 1.803877e-03
4.930555e+01 4.281969e+00 1.781030e-03
4.965278e+01 4.260293e+00 1.769909e-03
5.000000e+01 4.239000e+00 1.759000e-03
5.277778e+01 4.076097e+00 1.675187e-03
5.416667e+01 3.999339e+00 1.635949e-03
5.486111e+01 3.962227e+00 1.617155e-03
5.555556e+01 3.926000e+00 1.599000e-03
5.833333e+01 3.784733e+00 1.530384e-03
5.972222e+01 3.717320e+00 1.498372e-03
6.041667e+01 3.684710e+00 1.482975e-03
6.111111e+01 3.653000e+00 1.468000e-03
6.388889e+01 3.532076e+00 1.409848e-03
6.527778e+01 3.475194e+00 1.382238e-03
6.597222e+01 3.447743e+00 1.368921e-03
6.666667e+01 3.421000e+00 1.356000e-03
6.944445e+01 3.317516e+00 1.306979e-03
7.083333e+01 3.268224e+00 1.283965e-03
7.152778e+01 3.244326e+00 1.272850e-03
7.222222e+01 3.221000e+00 1.262000e-03
7.500000e+01 3.130938e+00 1.219739e-03
7.638889e+01 3.088082e+00 1.199481e-03
7.708334e+01 3.067298e+00 1.189631e-03
7.777778e+01 3.047000e+00 1.180000e-03
8.055555e+01 2.968543e+00 1.142763e-03
8.194444e+01 2.931076e+00 1.125020e-03
8.263889e+01 2.912850e+00 1.116411e-03
8.333333e+01 2.895000e+00 1.108000e-03
8.611111e+01 2.825542e+00 1.075476e-03
8.750000e+01 2.792186e+00 1.059944e-03
8.819445e+01 2.775929e+00 1.052392e-03
8.888889e+01 2.760000e+00 1.045000e-03
9.444445e+01 2.639607e+00 9.891454e-04
9.722222e+01 2.584047e+00 9.633931e-04
9.861111e+01 2.557559e+00 9.511267e-04
1.000000e+02 2.532000e+00 9.393000e-04
1.055555e+02 2.434527e+00 8.942817e-04
1.083333e+02 2.388970e+00 8.732822e-04
1.097222e+02 2.367132e+00 8.632257e-04
1.111111e+02 2.346000e+00 8.535000e-04
1.166667e+02 2.265476e+00 8.164586e-04
1.194444e+02 2.227749e+00 7.991180e-04
1.208333e+02 2.209610e+00 7.907854e-04
1.222222e+02 2.192000e+00 7.827000e-04
1.277777e+02 2.124357e+00 7.516754e-04
1.305555e+02 2.092412e+00 7.370352e-04
1.319444e+02 2.076997e+00 7.299717e-04
1.333333e+02 2.062000e+00 7.231000e-04
1.388888e+02 2.004359e+00 6.966670e-04
1.416666e+02 1.977068e+00 6.841501e-04
1.430555e+02 1.963869e+00 6.780979e-04
1.444444e+02 1.951000e+00 6.722000e-04
1.500000e+02 1.901320e+00 6.494612e-04
1.527778e+02 1.877672e+00 6.386529e-04
1.541667e+02 1.866202e+00 6.334141e-04
1.555556e+02 1.855000e+00 6.283000e-04
1.666667e+02 1.770902e+00 5.899712e-04
1.722223e+02 1.732538e+00 5.724981e-04
1.750000e+02 1.714393e+00 5.642311e-04
1.763889e+02 1.705599e+00 5.602222e-04
1.777778e+02 1.697000e+00 5.563000e-04
1.888889e+02 1.631668e+00 5.263880e-04
1.944445e+02 1.601391e+00 5.125024e-04
1.972222e+02 1.586942e+00 5.058800e-04
2.000000e+02 1.573000e+00 4.995000e-04
2.222222e+02 1.472000e+00 4.537000e-04
