6.250000e-03 1.298000e+00 3.598000e-01
6.875000e-03 1.344000e+00 3.422000e-01
7.187500e-03 1.366725e+00 3.340375e-01
7.343750e-03 1.377937e+00 3.301472e-01
7.500000e-03 1.389000e+00 3.264000e-01
7.812500e-03 1.410781e+00 3.191514e-01
7.968750e-03 1.421472e+00 3.156688e-01
8.125000e-03 1.432000e+00 3.123000e-01
8.437500e-03 1.452639e+00 3.057906e-01
8.593750e-03 1.462835e+00 3.026527e-01
8.750000e-03 1.473000e+00 2.996000e-01
9.062500e-03 1.493457e+00 2.936174e-01
9.218750e-03 1.503724e+00 2.907167e-01
9.375000e-03 1.514000e+00 2.879000e-01
9.687500e-03 1.534576e+00 2.824604e-01
9.843750e-03 1.544821e+00 2.798423e-01
1.000000e-02 1.555000e+00 2.773000e-01
1.031250e-02 1.575090e+00 2.723476e-01
1.046875e-02 1.585055e+00 2.699450e-01
1.062500e-02 1.595000e+00 2.676000e-01
1.093750e-02 1.614991e+00 2.630089e-01
1.109375e-02 1.625001e+00 2.607769e-01
1.125000e-02 1.635000e+00 2.586000e-01
1.187500e-02 1.674591e+00 2.502732e-01
1.218750e-02 1.694286e+00 2.463457e-01
1.234375e-02 1.704135e+00 2.444486e-01
1.250000e-02 1.714000e+00 2.426000e-01
1.328125e-02 1.763748e+00 2.337414e-01
1.367188e-02 1.788821e+00 2.295686e-01
1.386719e-02 1.801399e+00 2.275567e-01
1.406250e-02 1.814000e+00 2.256000e-01
1.484375e-02 1.864473e+00 2.180764e-01
1.523437e-02 1.889733e+00 2.145105e-01
1.542969e-02 1.902367e+00 2.127843e-01
1.562500e-02 1.915000e+00 2.111000e-01
1.640625e-02 1.965451e+00 2.045774e-01
1.679688e-02 1.990695e+00 2.014717e-01
1.699219e-02 2.003337e+00 1.999672e-01
1.718750e-02 2.016000e+00 1.985000e-01
1.796875e-02 2.066902e+00 1.928561e-01
1.835937e-02 2.092440e+00 1.901741e-01
1.855469e-02 2.105220e+00 1.888727e-01
1.875000e-02 2.118000e+00 1.876000e-01
1.953125e-02 2.169034e+00 1.826596e-01
1.992187e-02 2.194521e+00 1.802893e-01
2.011719e-02 2.207261e+00 1.791336e-01
2.031250e-02 2.220000e+00 1.780000e-01
2.109375e-02 2.270930e+00 1.735813e-01
2.148438e-02 2.296432e+00 1.714551e-01
2.167969e-02 2.309205e+00 1.704176e-01
2.187500e-02 2.322000e+00 1.694000e-01
2.265625e-02 2.373527e+00 1.654411e-01
2.304688e-02 2.399315e+00 1.635386e-01
2.324219e-02 2.412179e+00 1.626105e-01
2.343750e-02 2.425000e+00 1.617000e-01
2.421875e-02 2.475716e+00 1.581606e-01
2.460938e-02 2.500882e+00 1.564551e-01
2.480469e-02 2.513441e+00 1.556208e-01
2.500000e-02 2.526000e+00 1.548000e-01
2.656250e-02 2.627416e+00 1.484826e-01
2.734375e-02 2.678296e+00 1.455119e-01
2.773437e-02 2.703691e+00 1.440839e-01
2.812500e-02 2.729000e+00 1.427000e-01
2.968750e-02 2.829223e+00 1.374255e-01
3.046875e-02 2.878792e+00 1.349505e-01
3.085938e-02 2.903440e+00 1.337587e-01
3.125000e-02 2.928000e+00 1.326000e-01
3.281250e-02 3.026059e+00 1.281356e-01
3.359375e-02 3.074740e+00 1.260197e-01
3.398438e-02 3.098936e+00 1.249966e-01
3.437500e-02 3.123000e+00 1.240000e-01
3.593750e-02 3.218287e+00 1.201667e-01
3.671875e-02 3.265356e+00 1.183461e-01
3.710938e-02 3.288733e+00 1.174631e-01
3.750000e-02 3.312000e+00 1.166000e-01
3.906250e-02 3.404652e+00 1.132520e-01
3.984375e-02 3.450547e+00 1.116477e-01
4.023438e-02 3.473339e+00 1.108661e-01
4.062500e-02 3.496000e+00 1.101000e-01
4.218750e-02 3.585849e+00 1.071141e-01
4.296875e-02 3.630184e+00 1.056806e-01
4.335937e-02 3.652165e+00 1.049828e-01
4.375000e-02 3.674000e+00 1.043000e-01
4.687500e-02 3.845815e+00 9.918428e-02
4.843750e-02 3.929422e+00 9.684067e-02
4.921875e-02 3.970497e+00 9.572573e-02
4.960938e-02 3.990826e+00 9.518291e-02
5.000000e-02 4.011000e+00 9.465000e-02
5.312500e-02 4.169731e+00 9.053820e-02
5.468750e-02 4.246870e+00 8.860197e-02
5.546875e-02 4.284721e+00 8.767135e-02
5.625000e-02 4.322000e+00 8.677000e-02
5.937500e-02 4.467826e+00 8.334289e-02
6.093750e-02 4.538404e+00 8.173939e-02
6.171875e-02 4.572977e+00 8.096854e-02
6.250000e-02 4.607000e+00 8.022000e-02
6.562500e-02 4.740119e+00 7.734126e-02
6.718750e-02 4.804503e+00 7.597914e-02
6.796875e-02 4.836015e+00 7.532097e-02
6.875000e-02 4.867000e+00 7.468000e-02
7.187500e-02 4.987901e+00 7.221137e-02
7.343750e-02 5.046295e+00 7.104016e-02
7.421875e-02 5.074879e+00 7.047313e-02
7.500000e-02 5.103000e+00 6.992000e-02
7.812500e-02 5.213132e+00 6.778421e-02
7.968750e-02 5.266380e+00 6.676680e-02
8.125000e-02 5.318000e+00 6.579000e-02
8.437500e-02 5.417685e+00 6.391410e-02
8.593750e-02 5.465589e+00 6.301983e-02
8.750000e-02 5.512000e+00 6.216000e-02
9.062500e-02 5.602330e+00 6.050509e-02
9.218750e-02 5.645871e+00 5.971353e-02
9.375000e-02 5.688000e+00 5.895000e-02
9.687500e-02 5.769189e+00 5.747323e-02
9.843750e-02 5.808187e+00 5.676451e-02
1.000000e-01 5.846000e+00 5.608000e-02
1.031250e-01 5.919844e+00 5.475899e-02
1.046875e-01 5.955499e+00 5.412452e-02
1.062500e-01 5.990000e+00 5.351000e-02
1.093750e-01 6.056449e+00 5.231559e-02
1.109375e-01 6.088272e+00 5.173916e-02
1.125000e-01 6.119000e+00 5.118000e-02
1.187500e-01 6.235464e+00 4.905744e-02
1.218750e-01 6.289448e+00 4.806665e-02
1.250000e-01 6.340000e+00 4.713000e-02
1.328125e-01 6.456660e+00 4.493329e-02
1.367188e-01 6.509452e+00 4.391604e-02
1.406250e-01 6.558000e+00 4.296000e-02
1.484375e-01 6.647399e+00 4.115760e-02
1.523438e-01 6.687851e+00 4.031595e-02
1.562500e-01 6.725000e+00 3.952000e-02
1.640625e-01 6.793137e+00 3.801140e-02
1.718750e-01 6.852000e+00 3.663000e-02
1.796875e-01 6.903858e+00 3.534653e-02
1.875000e-01 6.948000e+00 3.417000e-02
1.953125e-01 6.986961e+00 3.306310e-02
2.031250e-01 7.020000e+00 3.204000e-02
2.187500e-01 7.073000e+00 3.019000e-02
2.343750e-01 7.111000e+00 2.855000e-02
2.500000e-01 7.137000e+00 2.709000e-02
2.812500e-01 7.163000e+00 2.461000e-02
3.125000e-01 7.165000e+00 2.258000e-02
3.437500e-01 7.152000e+00 2.088000e-02
3.750000e-01 7.130000e+00 1.944000e-02
4.062500e-01 7.101000e+00 1.819000e-02
4.375000e-01 7.069000e+00 1.711000e-02
5.000000e-01 7.000000e+00 1.531000e-02
5.312500e-01 6.964150e+00 1.454275e-02
5.625000e-01 6.928000e+00 1.387000e-02
5.937500e-01 6.892231e+00 1.325410e-02
6.250000e-01 6.857000e+00 1.270000e-02
6.562500e-01 6.822214e+00 1.218666e-02
6.875000e-01 6.788000e+00 1.172000e-02
7.500000e-01 6.721000e+00 1.089000e-02
8.125000e-01 6.655000e+00 1.018000e-02
8.750000e-01 6.591000e+00 9.558000e-03
9.375000e-01 6.529000e+00 9.014000e-03
1.000000e+00 6.468000e+00 8.533000e-03
1.062500e+00 6.408000e+00 8.103000e-03
1.125000e+00 6.349000e+00 7.717000e-03
1.187500e+00 6.291005e+00 7.365861e-03
1.250000e+00 6.234000e+00 7.052000e-03
1.328125e+00 6.163458e+00 6.693421e-03
1.367188e+00 6.128569e+00 6.528886e-03
1.406250e+00 6.094000e+00 6.375000e-03
1.484375e+00 6.025528e+00 6.084807e-03
1.523438e+00 5.991637e+00 5.949542e-03
1.562500e+00 5.958000e+00 5.822000e-03
1.640625e+00 5.891119e+00 5.581667e-03
1.679688e+00 5.857943e+00 5.469360e-03
1.718750e+00 5.825000e+00 5.363000e-03
1.796875e+00 5.759404e+00 5.160882e-03
1.835938e+00 5.726987e+00 5.065670e-03
1.875000e+00 5.695000e+00 4.975000e-03
1.953125e+00 5.632944e+00 4.802040e-03
1.992188e+00 5.602137e+00 4.720207e-03
2.031250e+00 5.571000e+00 4.642000e-03
2.109375e+00 5.507869e+00 4.492272e-03
2.148438e+00 5.474816e+00 4.421159e-03
2.187500e+00 5.440000e+00 4.353000e-03
2.265625e+00 5.363404e+00 4.222233e-03
2.304688e+00 5.323593e+00 4.159920e-03
2.343750e+00 5.284000e+00 4.100000e-03
2.421875e+00 5.208885e+00 3.984473e-03
2.460938e+00 5.173270e+00 3.929216e-03
2.500000e+00 5.139000e+00 3.876000e-03
2.656250e+00 5.009849e+00 3.676605e-03
2.734375e+00 4.948929e+00 3.584871e-03
2.773438e+00 4.919251e+00 3.541172e-03
2.812500e+00 4.890000e+00 3.499000e-03
2.968750e+00 4.773440e+00 3.337763e-03
3.046875e+00 4.716126e+00 3.262259e-03
3.085938e+00 4.687877e+00 3.226046e-03
3.125000e+00 4.660000e+00 3.191000e-03
3.281250e+00 4.551153e+00 3.057589e-03
3.359375e+00 4.498418e+00 2.995142e-03
3.398438e+00 4.472532e+00 2.965129e-03
3.437500e+00 4.447000e+00 2.936000e-03
3.593750e+00 4.346659e+00 2.824206e-03
3.671875e+00 4.297777e+00 2.771379e-03
3.710938e+00 4.273734e+00 2.745859e-03
3.750000e+00 4.250000e+00 2.721000e-03
3.906250e+00 4.156713e+00 2.625085e-03
3.984375e+00 4.111310e+00 2.579541e-03
4.023438e+00 4.089001e+00 2.557495e-03
4.062500e+00 4.067000e+00 2.536000e-03
4.218750e+00 3.980793e+00 2.453137e-03
4.296875e+00 3.938898e+00 2.413745e-03
4.335938e+00 3.918311e+00 2.394647e-03
4.375000e+00 3.898000e+00 2.376000e-03
4.687500e+00 3.740840e+00 2.236103e-03
4.843750e+00 3.666247e+00 2.172248e-03
4.921875e+00 3.630161e+00 2.142016e-03
5.000000e+00 3.595000e+00 2.113000e-03
5.312500e+00 3.459655e+00 2.003380e-03
5.468750e+00 3.395443e+00 1.952619e-03
5.546875e+00 3.364346e+00 1.928390e-03
5.625000e+00 3.334000e+00 1.905000e-03
5.937500e+00 3.216583e+00 1.815835e-03
6.093750e+00 3.160635e+00 1.774208e-03
6.171875e+00 3.133498e+00 1.754273e-03
6.250000e+00 3.107000e+00 1.735000e-03
6.562500e+00 3.004627e+00 1.661716e-03
6.718750e+00 2.955842e+00 1.627445e-03
6.796875e+00 2.932156e+00 1.610980e-03
6.875000e+00 2.909000e+00 1.595000e-03
7.187500e+00 2.819188e+00 1.533621e-03
7.343750e+00 2.776259e+00 1.504623e-03
7.421875e+00 2.755398e+00 1.490624e-03
7.500000e+00 2.735000e+00 1.477000e-03
7.812500e+00 2.656071e+00 1.424614e-03
7.968750e+00 2.618343e+00 1.399774e-03
8.046875e+00 2.599984e+00 1.387744e-03
8.125000e+00 2.582000e+00 1.376000e-03
8.437500e+00 2.512014e+00 1.330519e-03
8.593750e+00 2.478414e+00 1.308821e-03
8.671875e+00 2.462042e+00 1.298290e-03
8.750000e+00 2.446000e+00 1.288000e-03
9.062500e+00 2.383766e+00 1.248166e-03
9.218750e+00 2.353891e+00 1.229186e-03
9.296875e+00 2.339313e+00 1.219983e-03
9.375000e+00 2.325000e+00 1.211000e-03
9.687500e+00 2.269081e+00 1.176406e-03
9.843750e+00 2.242110e+00 1.159907e-03
9.921875e+00 2.228934e+00 1.151876e-03
1.000000e+01 2.216000e+00 1.144000e-03
1.031250e+01 2.165645e+00 1.113225e-03
1.046875e+01 2.141423e+00 1.098378e-03
1.054688e+01 2.129601e+00 1.091123e-03
1.062500e+01 2.118000e+00 1.084000e-03
1.093750e+01 2.072847e+00 1.056264e-03
1.109375e+01 2.051091e+00 1.042915e-03
1.117188e+01 2.040455e+00 1.036397e-03
1.125000e+01 2.030000e+00 1.030000e-03
1.187500e+01 1.949961e+00 9.813318e-04
1.218750e+01 1.912468e+00 9.587007e-04
1.234375e+01 1.894459e+00 9.478718e-04
1.250000e+01 1.877000e+00 9.374000e-04
1.328125e+01 1.794348e+00 8.879753e-04
1.367188e+01 1.756015e+00 8.651552e-04
1.386719e+01 1.737699e+00 8.542822e-04
1.396484e+01 1.728769e+00 8.489902e-04
1.406250e+01 1.720000e+00 8.438000e-04
1.484375e+01 1.652624e+00 8.040472e-04
1.523438e+01 1.620970e+00 7.854499e-04
1.542969e+01 1.605754e+00 7.765317e-04
1.562500e+01 1.591000e+00 7.679000e-04
1.640625e+01 1.534711e+00 7.349987e-04
1.679688e+01 1.508227e+00 7.195892e-04
1.699219e+01 1.495448e+00 7.121842e-04
1.718750e+01 1.483000e+00 7.050000e-04
1.796875e+01 1.434871e+00 6.774556e-04
1.835938e+01 1.411956e+00 6.644646e-04
1.855469e+01 1.400846e+00 6.581974e-04
1.875000e+01 1.390000e+00 6.521000e-04
1.953125e+01 1.348220e+00 6.286393e-04
1.992188e+01 1.328268e+00 6.175222e-04
2.011719e+01 1.318546e+00 6.121438e-04
2.031250e+01 1.309000e+00 6.069000e-04
2.109375e+01 1.271558e+00 5.866620e-04
2.148438e+01 1.253476e+00 5.770326e-04
2.167969e+01 1.244650e+00 5.723623e-04
2.187500e+01 1.236000e+00 5.678000e-04
2.265625e+01 1.202616e+00 5.501366e-04
2.304688e+01 1.186585e+00 5.417037e-04
2.324219e+01 1.178737e+00 5.376067e-04
2.343750e+01 1.171000e+00 5.336000e-04
2.421875e+01 1.140491e+00 5.180789e-04
2.460938e+01 1.125585e+00 5.106530e-04
2.480469e+01 1.118247e+00 5.070391e-04
2.500000e+01 1.111000e+00 5.035000e-04
2.656250e+01 1.054750e+00 4.767156e-04
2.734375e+01 1.028159e+00 4.643569e-04
2.773438e+01 1.015373e+00 4.584714e-04
2.792969e+01 1.009130e+00 4.556078e-04
2.812500e+01 1.003000e+00 4.528000e-04
2.968750e+01 9.557743e-01 4.313176e-04
3.046875e+01 9.339250e-01 4.212755e-04
3.085938e+01 9.236101e-01 4.164606e-04
3.105469e+01 9.186354e-01 4.141099e-04
3.125000e+01 9.138000e-01 4.118000e-04
3.281250e+01 8.784568e-01 3.940525e-04
3.359375e+01 8.625254e-01 3.857088e-04
3.398438e+01 8.549497e-01 3.816949e-04
3.437500e+01 8.476000e-01 3.778000e-04
3.593750e+01 8.187137e-01 3.628940e-04
3.671875e+01 8.048206e-01 3.558751e-04
3.710938e+01 7.980748e-01 3.524912e-04
3.750000e+01 7.915000e-01 3.492000e-04
3.906250e+01 7.663764e-01 3.365294e-04
3.984375e+01 7.545230e-01 3.305278e-04
4.023438e+01 7.487918e-01 3.276264e-04
4.062500e+01 7.432000e-01 3.248000e-04
4.218750e+01 7.215198e-01 3.139214e-04
4.296875e+01 7.111579e-01 3.087534e-04
4.335938e+01 7.061228e-01 3.062477e-04
4.375000e+01 7.012000e-01 3.038000e-04
4.687500e+01 6.642210e-01 2.853643e-04
4.843750e+01 6.473121e-01 2.769272e-04
4.921875e+01 6.392980e-01 2.729319e-04
4.960938e+01 6.354082e-01 2.709947e-04
5.000000e+01 6.316000e-01 2.691000e-04
5.312500e+01 6.025316e-01 2.546997e-04
5.468750e+01 5.890045e-01 2.480346e-04
5.546875e+01 5.825398e-01 2.448589e-04
5.585938e+01 5.793902e-01 2.433140e-04
5.625000e+01 5.763000e-01 2.418000e-04
5.937500e+01 5.526711e-01 2.302582e-04
6.093750e+01 5.416265e-01 2.248768e-04
6.171875e+01 5.363295e-01 2.222975e-04
6.250000e+01 5.312000e-01 2.198000e-04
6.562500e+01 5.116130e-01 2.102379e-04
6.718750e+01 5.024191e-01 2.057486e-04
6.796875e+01 4.979956e-01 2.035912e-04
6.875000e+01 4.937000e-01 2.015000e-04
7.187500e+01 4.772116e-01 1.935200e-04
7.343750e+01 4.694229e-01 1.897686e-04
7.421875e+01 4.656618e-01 1.879600e-04
7.500000e+01 4.620000e-01 1.862000e-04
7.812500e+01 4.478886e-01 1.794067e-04
7.968750e+01 4.411955e-01 1.761816e-04
8.046875e+01 4.379570e-01 1.746210e-04
8.125000e+01 4.348000e-01 1.731000e-04
8.437500e+01 4.226390e-01 1.672459e-04
8.593750e+01 4.168541e-01 1.644654e-04
8.671875e+01 4.140462e-01 1.631173e-04
8.750000e+01 4.113000e-01 1.618000e-04
9.062500e+01 4.006192e-01 1.566899e-04
9.218750e+01 3.955082e-01 1.542474e-04
9.296875e+01 3.930255e-01 1.530605e-04
9.375000e+01 3.906000e-01 1.519000e-04
9.687500e+01 3.812553e-01 1.474093e-04
9.843750e+01 3.767975e-01 1.452641e-04
9.921875e+01 3.746278e-01 1.442210e-04
1.000000e+02 3.725000e-01 1.432000e-04
1.031250e+02 3.641848e-01 1.392373e-04
1.046875e+02 3.601763e-01 1.373362e-04
1.054688e+02 3.582194e-01 1.364093e-04
1.062500e+02 3.563000e-01 1.355000e-04
1.093750e+02 3.488448e-01 1.319564e-04
1.109375e+02 3.452632e-01 1.302503e-04
1.117188e+02 3.435154e-01 1.294173e-04
1.125000e+02 3.418000e-01 1.286000e-04
1.187500e+02 3.287260e-01 1.223919e-04
1.218750e+02 3.226363e-01 1.195099e-04
1.234375e+02 3.197204e-01 1.181320e-04
1.250000e+02 3.169000e-01 1.168000e-04
1.328125e+02 3.035897e-01 1.105154e-04
1.367188e+02 2.974464e-01 1.076145e-04
1.386719e+02 2.945202e-01 1.062324e-04
1.406250e+02 2.917000e-01 1.049000e-04
1.484375e+02 2.809851e-01 9.983463e-05
1.523438e+02 2.759957e-01 9.747380e-05
1.542969e+02 2.736082e-01 9.634337e-05
1.562500e+02 2.713000e-01 9.525000e-05
1.640625e+02 2.625135e-01 9.108074e-05
1.679688e+02 2.583990e-01 8.912804e-05
1.699219e+02 2.564208e-01 8.818990e-05
1.718750e+02 2.545000e-01 8.728000e-05
1.796875e+02 2.471071e-01 8.379472e-05
1.835938e+02 2.436163e-01 8.215239e-05
1.855469e+02 2.419339e-01 8.136038e-05
1.875000e+02 2.403000e-01 8.059000e-05
1.953125e+02 2.340556e-01 7.762500e-05
1.992188e+02 2.311108e-01 7.622062e-05
2.011719e+02 2.296877e-01 7.554160e-05
2.031250e+02 2.283000e-01 7.488000e-05
2.109375e+02 2.229193e-01 7.233124e-05
2.148438e+02 2.203548e-01 7.112033e-05
2.167969e+02 2.191120e-01 7.053332e-05
2.187500e+02 2.179000e-01 6.996000e-05
2.265625e+02 2.132435e-01 6.773923e-05
2.304688e+02 2.110295e-01 6.667882e-05
2.324219e+02 2.099537e-01 6.616368e-05
2.343750e+02 2.089000e-01 6.566000e-05
2.421875e+02 2.047831e-01 6.370989e-05
2.460938e+02 2.028045e-01 6.277755e-05
2.500000e+02 2.009000e-01 6.188000e-05
2.656250e+02 1.938672e-01 5.851674e-05
2.734375e+02 1.906731e-01 5.697205e-05
2.773438e+02 1.891588e-01 5.623754e-05
2.812500e+02 1.877000e-01 5.553000e-05
2.968750e+02 1.820963e-01 5.283828e-05
3.046875e+02 1.794703e-01 5.158291e-05
3.085938e+02 1.782132e-01 5.098164e-05
3.125000e+02 1.770000e-01 5.040000e-05
3.281250e+02 1.724266e-01 4.818148e-05
3.359375e+02 1.703036e-01 4.714262e-05
3.398438e+02 1.692863e-01 4.664370e-05
3.437500e+02 1.683000e-01 4.616000e-05
3.593750e+02 1.644967e-01 4.431017e-05
3.671875e+02 1.627015e-01 4.343907e-05
3.710938e+02 1.618375e-01 4.301891e-05
3.750000e+02 1.610000e-01 4.261000e-05
3.906250e+02 1.578128e-01 4.103228e-05
3.984375e+02 1.563188e-01 4.028404e-05
4.062500e+02 1.549000e-01 3.957000e-05
4.218750e+02 1.521962e-01 3.821335e-05
4.296875e+02 1.509187e-01 3.757252e-05
4.375000e+02 1.497000e-01 3.696000e-05
4.687500e+02 1.451930e-01 3.467529e-05
4.843750e+02 1.431626e-01 3.363420e-05
4.921875e+02 1.422092e-01 3.314194e-05
5.000000e+02 1.413000e-01 3.267000e-05
5.312500e+02 1.379010e-01 3.088989e-05
5.468750e+02 1.363460e-01 3.006819e-05
5.546875e+02 1.356086e-01 2.967692e-05
5.625000e+02 1.349000e-01 2.930000e-05
6.250000e+02 1.298000e-01 2.658000e-05
