9.090909e-04 3.743000e-01 4.260000e-01
1.000000e-03 3.925000e-01 4.137000e-01
1.045455e-03 4.013625e-01 4.078450e-01
1.068182e-03 4.057137e-01 4.049958e-01
1.079545e-03 4.078656e-01 4.035913e-01
1.090909e-03 4.100000e-01 4.022000e-01
1.136363e-03 4.184379e-01 3.966766e-01
1.159091e-03 4.225936e-01 3.939628e-01
1.181818e-03 4.267000e-01 3.913000e-01
1.227272e-03 4.348219e-01 3.861061e-01
1.250000e-03 4.388314e-01 3.835777e-01
1.272727e-03 4.428000e-01 3.811000e-01
1.318182e-03 4.506718e-01 3.762237e-01
1.340909e-03 4.545588e-01 3.738385e-01
1.363636e-03 4.584000e-01 3.715000e-01
1.409091e-03 4.659706e-01 3.669308e-01
1.431818e-03 4.697032e-01 3.646977e-01
1.454545e-03 4.734000e-01 3.625000e-01
1.500000e-03 4.807547e-01 3.581449e-01
1.522727e-03 4.843958e-01 3.560039e-01
1.545455e-03 4.880000e-01 3.539000e-01
1.590909e-03 4.951125e-01 3.497816e-01
1.613637e-03 4.986225e-01 3.477716e-01
1.636364e-03 5.021000e-01 3.458000e-01
1.727273e-03 5.161837e-01 3.381454e-01
1.772728e-03 5.229623e-01 3.344650e-01
1.795455e-03 5.262048e-01 3.326670e-01
1.818182e-03 5.293000e-01 3.309000e-01
1.931818e-03 5.435181e-01 3.223005e-01
1.988637e-03 5.492943e-01 3.181753e-01
2.045455e-03 5.537000e-01 3.142000e-01
2.159091e-03 5.571403e-01 3.065686e-01
2.272727e-03 5.595000e-01 2.994000e-01
2.386364e-03 5.677577e-01 2.925553e-01
2.443182e-03 5.736058e-01 2.892736e-01
2.471591e-03 5.768701e-01 2.876725e-01
2.500000e-03 5.803000e-01 2.861000e-01
2.613637e-03 5.940754e-01 2.799482e-01
2.670455e-03 6.011305e-01 2.769774e-01
2.698864e-03 6.047314e-01 2.755255e-01
2.727273e-03 6.084000e-01 2.741000e-01
2.840909e-03 6.236986e-01 2.685565e-01
2.897727e-03 6.315978e-01 2.658874e-01
2.926136e-03 6.355908e-01 2.645827e-01
2.954545e-03 6.396000e-01 2.633000e-01
3.068181e-03 6.556213e-01 2.582941e-01
3.125000e-03 6.635884e-01 2.558678e-01
3.153409e-03 6.675529e-01 2.546762e-01
3.181818e-03 6.715000e-01 2.535000e-01
3.295454e-03 6.872166e-01 2.488596e-01
3.352273e-03 6.949689e-01 2.465999e-01
3.380682e-03 6.988031e-01 2.454912e-01
3.409091e-03 7.026000e-01 2.444000e-01
3.522727e-03 7.175626e-01 2.401518e-01
3.579546e-03 7.248639e-01 2.380988e-01
3.636364e-03 7.320000e-01 2.361000e-01
3.863636e-03 7.594527e-01 2.284096e-01
3.977273e-03 7.723756e-01 2.247703e-01
4.034091e-03 7.785857e-01 2.230120e-01
4.090909e-03 7.846000e-01 2.213000e-01
4.318182e-03 8.075454e-01 2.147220e-01
4.431819e-03 8.182458e-01 2.115983e-01
4.488637e-03 8.233621e-01 2.100826e-01
4.545455e-03 8.283000e-01 2.086000e-01
4.772728e-03 8.470532e-01 2.028251e-01
4.886364e-03 8.557541e-01 2.000583e-01
5.000000e-03 8.639000e-01 1.974000e-01
5.227272e-03 8.790792e-01 1.923333e-01
5.340909e-03 8.860687e-01 1.899232e-01
5.454545e-03 8.926000e-01 1.876000e-01
5.681818e-03 9.048344e-01 1.830822e-01
5.795454e-03 9.104948e-01 1.809056e-01
5.909091e-03 9.158000e-01 1.788000e-01
6.136364e-03 9.257477e-01 1.747358e-01
6.363636e-03 9.347000e-01 1.709000e-01
6.818181e-03 9.503387e-01 1.637383e-01
7.045454e-03 9.571137e-01 1.604216e-01
7.272727e-03 9.632000e-01 1.573000e-01
7.727273e-03 9.743307e-01 1.513954e-01
7.954545e-03 9.793908e-01 1.486271e-01
8.181818e-03 9.841000e-01 1.460000e-01
8.636364e-03 9.928483e-01 1.409990e-01
9.090909e-03 1.001000e+00 1.364000e-01
9.545454e-03 1.009099e+00 1.321298e-01
1.000000e-02 1.017000e+00 1.282000e-01
1.045454e-02 1.024514e+00 1.244780e-01
1.090909e-02 1.032000e+00 1.210000e-01
1.136364e-02 1.039827e+00 1.176886e-01
1.181818e-02 1.048000e+00 1.146000e-01
1.227272e-02 1.056365e+00 1.117001e-01
1.272727e-02 1.065000e+00 1.090000e-01
1.318181e-02 1.073789e+00 1.064291e-01
1.363636e-02 1.083000e+00 1.040000e-01
1.409091e-02 1.092702e+00 1.016588e-01
1.454545e-02 1.103000e+00 9.944000e-02
1.500000e-02 1.113788e+00 9.732626e-02
1.522727e-02 1.119345e+00 9.631238e-02
1.545455e-02 1.125000e+00 9.533000e-02
1.590909e-02 1.136368e+00 9.341654e-02
1.613637e-02 1.142136e+00 9.249051e-02
1.636364e-02 1.148000e+00 9.159000e-02
1.727273e-02 1.172247e+00 8.815413e-02
1.772728e-02 1.184904e+00 8.654108e-02
1.795455e-02 1.191392e+00 8.576454e-02
1.818182e-02 1.198000e+00 8.501000e-02
1.931819e-02 1.232031e+00 8.141653e-02
1.988637e-02 1.249733e+00 7.973722e-02
2.017046e-02 1.258790e+00 7.893125e-02
2.045455e-02 1.268000e+00 7.815000e-02
2.159091e-02 1.305799e+00 7.515672e-02
2.215909e-02 1.325222e+00 7.374777e-02
2.244318e-02 1.335067e+00 7.306918e-02
2.272727e-02 1.345000e+00 7.241000e-02
2.386364e-02 1.385109e+00 6.988259e-02
2.443182e-02 1.405436e+00 6.868879e-02
2.471591e-02 1.415685e+00 6.811200e-02
2.500000e-02 1.426000e+00 6.755000e-02
2.613637e-02 1.467674e+00 6.538032e-02
2.670455e-02 1.488751e+00 6.434843e-02
2.698864e-02 1.499353e+00 6.384827e-02
2.727273e-02 1.510000e+00 6.336000e-02
2.840909e-02 1.552825e+00 6.147320e-02
2.897727e-02 1.574368e+00 6.057379e-02
2.926136e-02 1.585173e+00 6.013704e-02
2.954545e-02 1.596000e+00 5.971000e-02
3.068182e-02 1.639388e+00 5.805489e-02
3.125000e-02 1.661156e+00 5.726292e-02
3.153409e-02 1.672067e+00 5.687749e-02
3.181818e-02 1.683000e+00 5.650000e-02
3.295455e-02 1.726924e+00 5.503352e-02
3.352273e-02 1.748954e+00 5.432969e-02
3.380682e-02 1.759977e+00 5.398654e-02
3.409091e-02 1.771000e+00 5.365000e-02
3.522728e-02 1.815084e+00 5.233997e-02
3.579546e-02 1.837076e+00 5.170967e-02
3.607955e-02 1.848049e+00 5.140197e-02
3.636364e-02 1.859000e+00 5.110000e-02
3.863637e-02 1.946114e+00 4.880357e-02
3.977273e-02 1.989249e+00 4.773573e-02
4.034091e-02 2.010680e+00 4.722458e-02
4.062500e-02 2.021355e+00 4.697514e-02
4.090909e-02 2.032000e+00 4.673000e-02
4.318182e-02 2.116630e+00 4.484261e-02
4.431819e-02 2.158509e+00 4.395353e-02
4.488637e-02 2.179310e+00 4.352549e-02
4.545455e-02 2.200000e+00 4.311000e-02
4.772727e-02 2.282324e+00 4.152129e-02
4.886364e-02 2.322951e+00 4.077286e-02
4.943182e-02 2.343063e+00 4.041168e-02
5.000000e-02 2.363000e+00 4.006000e-02
5.227273e-02 2.441542e+00 3.870170e-02
5.340909e-02 2.480061e+00 3.805653e-02
5.397727e-02 2.499108e+00 3.774430e-02
5.454545e-02 2.518000e+00 3.744000e-02
5.681818e-02 2.592851e+00 3.626907e-02
5.795455e-02 2.629694e+00 3.571301e-02
5.852273e-02 2.647924e+00 3.544342e-02
5.909091e-02 2.666000e+00 3.518000e-02
6.136363e-02 2.737473e+00 3.415890e-02
6.250000e-02 2.772542e+00 3.367035e-02
6.306818e-02 2.789859e+00 3.343266e-02
6.363636e-02 2.807000e+00 3.320000e-02
6.818182e-02 2.940419e+00 3.144248e-02
7.045454e-02 3.004366e+00 3.063397e-02
7.159091e-02 3.035503e+00 3.024970e-02
7.215909e-02 3.050836e+00 3.006295e-02
7.272727e-02 3.066000e+00 2.988000e-02
7.727273e-02 3.184299e+00 2.848348e-02
7.954545e-02 3.241138e+00 2.783265e-02
8.068182e-02 3.268844e+00 2.752114e-02
8.181818e-02 3.296000e+00 2.722000e-02
8.636363e-02 3.401629e+00 2.607367e-02
8.863636e-02 3.452258e+00 2.553742e-02
8.977273e-02 3.476893e+00 2.527985e-02
9.090909e-02 3.501000e+00 2.503000e-02
9.545455e-02 3.594397e+00 2.407185e-02
9.772727e-02 3.639043e+00 2.361997e-02
9.886364e-02 3.660753e+00 2.340201e-02
1.000000e-01 3.682000e+00 2.319000e-02
1.045455e-01 3.764458e+00 2.237497e-02
1.068182e-01 3.803950e+00 2.198892e-02
1.079545e-01 3.823173e+00 2.180214e-02
1.090909e-01 3.842000e+00 2.162000e-02
1.136363e-01 3.915208e+00 2.091579e-02
1.159091e-01 3.950272e+00 2.058073e-02
1.181818e-01 3.984000e+00 2.026000e-02
1.227272e-01 4.048614e+00 1.964838e-02
1.250000e-01 4.079391e+00 1.935830e-02
1.272727e-01 4.109000e+00 1.908000e-02
1.318181e-01 4.166242e+00 1.854397e-02
1.340909e-01 4.193638e+00 1.828747e-02
1.363636e-01 4.220000e+00 1.804000e-02
1.409090e-01 4.270681e+00 1.756064e-02
1.431818e-01 4.294826e+00 1.733099e-02
1.454545e-01 4.318000e+00 1.711000e-02
1.500000e-01 4.362462e+00 1.668763e-02
1.545455e-01 4.404000e+00 1.629000e-02
1.590910e-01 4.443354e+00 1.590538e-02
1.636364e-01 4.480000e+00 1.554000e-02
1.727273e-01 4.547458e+00 1.486020e-02
1.772728e-01 4.577978e+00 1.454587e-02
1.818182e-01 4.606000e+00 1.425000e-02
1.931818e-01 4.669169e+00 1.355450e-02
1.988637e-01 4.696981e+00 1.323233e-02
2.045455e-01 4.722000e+00 1.293000e-02
2.159091e-01 4.767322e+00 1.236321e-02
2.272727e-01 4.805000e+00 1.185000e-02
2.386363e-01 4.836411e+00 1.137287e-02
2.500000e-01 4.861000e+00 1.094000e-02
2.727273e-01 4.896000e+00 1.018000e-02
2.954545e-01 4.917000e+00 9.518000e-03
3.181818e-01 4.925000e+00 8.944000e-03
3.409091e-01 4.924000e+00 8.440000e-03
3.636364e-01 4.916000e+00 7.993000e-03
4.090909e-01 4.884000e+00 7.236000e-03
4.545455e-01 4.838000e+00 6.618000e-03
4.772728e-01 4.811625e+00 6.346850e-03
5.000000e-01 4.783000e+00 6.103000e-03
5.227272e-01 4.753088e+00 5.875553e-03
5.454545e-01 4.722000e+00 5.667000e-03
5.681818e-01 4.690255e+00 5.471784e-03
5.909091e-01 4.658000e+00 5.292000e-03
6.136363e-01 4.625620e+00 5.123195e-03
6.363636e-01 4.593000e+00 4.967000e-03
6.818182e-01 4.526752e+00 4.680653e-03
7.045454e-01 4.493381e+00 4.550599e-03
7.272727e-01 4.460000e+00 4.430000e-03
7.727272e-01 4.393560e+00 4.204638e-03
7.954545e-01 4.360632e+00 4.100533e-03
8.181818e-01 4.328000e+00 4.003000e-03
8.636363e-01 4.263497e+00 3.820046e-03
8.863636e-01 4.231617e+00 3.735058e-03
9.090909e-01 4.200000e+00 3.655000e-03
9.545455e-01 4.137004e+00 3.503783e-03
9.772727e-01 4.105823e+00 3.433025e-03
1.000000e+00 4.075000e+00 3.366000e-03
1.045454e+00 4.014339e+00 3.238863e-03
1.068182e+00 3.984496e+00 3.179014e-03
1.090909e+00 3.955000e+00 3.122000e-03
1.136363e+00 3.896440e+00 3.012993e-03
1.159091e+00 3.867534e+00 2.961355e-03
1.181818e+00 3.839000e+00 2.912000e-03
1.227272e+00 3.782858e+00 2.817635e-03
1.250000e+00 3.755258e+00 2.772871e-03
1.272727e+00 3.728000e+00 2.730000e-03
1.318182e+00 3.673933e+00 2.647752e-03
1.340909e+00 3.647280e+00 2.608598e-03
1.363636e+00 3.621000e+00 2.571000e-03
1.409091e+00 3.569360e+00 2.498826e-03
1.431818e+00 3.544009e+00 2.464323e-03
1.454545e+00 3.519000e+00 2.431000e-03
1.500000e+00 3.469495e+00 2.366214e-03
1.522728e+00 3.445092e+00 2.335061e-03
1.545455e+00 3.421000e+00 2.305000e-03
1.590909e+00 3.373442e+00 2.247274e-03
1.613637e+00 3.350054e+00 2.219664e-03
1.636364e+00 3.327000e+00 2.193000e-03
1.727273e+00 3.236678e+00 2.091719e-03
1.772727e+00 3.193099e+00 2.044507e-03
1.795455e+00 3.171836e+00 2.021889e-03
1.818182e+00 3.151000e+00 2.000000e-03
1.931818e+00 3.050958e+00 1.896621e-03
1.988637e+00 3.003512e+00 1.848816e-03
2.017046e+00 2.980502e+00 1.826011e-03
2.045455e+00 2.958000e+00 1.804000e-03
2.159091e+00 2.871592e+00 1.720098e-03
2.215909e+00 2.829635e+00 1.680919e-03
2.244318e+00 2.808815e+00 1.662151e-03
2.272727e+00 2.788000e+00 1.644000e-03
2.386363e+00 2.701849e+00 1.574912e-03
2.443182e+00 2.659108e+00 1.542590e-03
2.471591e+00 2.638251e+00 1.527063e-03
2.500000e+00 2.618000e+00 1.512000e-03
2.613637e+00 2.543366e+00 1.454284e-03
2.670455e+00 2.508926e+00 1.427022e-03
2.698864e+00 2.492305e+00 1.413846e-03
2.727273e+00 2.476000e+00 1.401000e-03
2.840909e+00 2.411071e+00 1.351287e-03
2.897727e+00 2.379185e+00 1.327630e-03
2.926136e+00 2.363483e+00 1.316172e-03
2.954545e+00 2.348000e+00 1.305000e-03
3.068181e+00 2.287531e+00 1.261959e-03
3.125000e+00 2.258329e+00 1.241535e-03
3.153409e+00 2.244043e+00 1.231646e-03
3.181818e+00 2.230000e+00 1.222000e-03
3.295454e+00 2.175162e+00 1.184805e-03
3.352273e+00 2.148684e+00 1.167070e-03
3.380682e+00 2.135732e+00 1.158447e-03
3.409091e+00 2.123000e+00 1.150000e-03
3.522728e+00 2.073359e+00 1.117081e-03
3.579546e+00 2.049356e+00 1.101261e-03
3.607955e+00 2.037591e+00 1.093552e-03
3.636364e+00 2.026000e+00 1.086000e-03
3.863637e+00 1.936463e+00 1.029080e-03
3.977273e+00 1.894168e+00 1.002890e-03
4.034091e+00 1.873787e+00 9.904216e-04
4.062500e+00 1.863814e+00 9.843533e-04
4.090909e+00 1.854000e+00 9.784000e-04
4.318182e+00 1.778460e+00 9.326782e-04
4.431819e+00 1.742845e+00 9.112415e-04
4.488637e+00 1.725680e+00 9.009556e-04
4.545455e+00 1.709000e+00 8.910000e-04
4.772728e+00 1.645036e+00 8.531133e-04
4.886364e+00 1.614821e+00 8.353853e-04
4.943182e+00 1.600223e+00 8.268668e-04
5.000000e+00 1.586000e+00 8.186000e-04
5.227272e+00 1.531085e+00 7.868623e-04
5.340909e+00 1.504982e+00 7.718747e-04
5.397727e+00 1.492337e+00 7.646403e-04
5.454545e+00 1.480000e+00 7.576000e-04
5.681818e+00 1.432356e+00 7.305042e-04
5.795454e+00 1.409697e+00 7.176648e-04
5.852273e+00 1.398716e+00 7.114541e-04
5.909091e+00 1.388000e+00 7.054000e-04
6.136363e+00 1.346616e+00 6.820519e-04
6.250000e+00 1.326906e+00 6.709462e-04
6.306818e+00 1.317343e+00 6.655603e-04
6.363636e+00 1.308000e+00 6.603000e-04
6.818181e+00 1.237915e+00 6.207871e-04
7.045454e+00 1.205855e+00 6.027399e-04
7.159091e+00 1.190640e+00 5.941965e-04
7.215909e+00 1.183246e+00 5.900533e-04
7.272727e+00 1.176000e+00 5.860000e-04
7.727272e+00 1.120378e+00 5.551377e-04
7.954545e+00 1.094398e+00 5.408190e-04
8.068182e+00 1.081978e+00 5.339871e-04
8.125000e+00 1.075930e+00 5.306613e-04
8.181818e+00 1.070000e+00 5.274000e-04
8.636363e+00 1.024911e+00 5.024923e-04
8.863636e+00 1.003916e+00 4.908659e-04
8.977273e+00 9.938524e-01 4.852936e-04
9.090909e+00 9.841000e-01 4.799000e-04
9.545454e+00 9.466984e-01 4.593037e-04
9.772727e+00 9.290662e-01 4.496455e-04
9.886364e+00 9.205651e-01 4.450033e-04
1.000000e+01 9.123000e-01 4.405000e-04
1.045454e+01 8.805635e-01 4.232573e-04
1.068182e+01 8.655458e-01 4.151322e-04
1.079545e+01 8.582824e-01 4.112131e-04
1.090909e+01 8.512000e-01 4.074000e-04
1.136364e+01 8.238405e-01 3.927114e-04
1.159091e+01 8.108075e-01 3.857488e-04
1.170454e+01 8.044821e-01 3.823814e-04
1.181818e+01 7.983000e-01 3.791000e-04
1.227273e+01 7.743713e-01 3.664638e-04
1.250000e+01 7.629278e-01 3.604588e-04
1.261363e+01 7.573576e-01 3.575463e-04
1.272727e+01 7.519000e-01 3.547000e-04
1.318182e+01 7.306602e-01 3.436608e-04
1.340909e+01 7.204552e-01 3.383806e-04
1.352272e+01 7.154791e-01 3.358127e-04
1.363636e+01 7.106000e-01 3.333000e-04
1.409090e+01 6.916449e-01 3.235521e-04
1.431818e+01 6.825292e-01 3.188882e-04
1.443181e+01 6.780760e-01 3.166199e-04
1.454545e+01 6.737000e-01 3.144000e-04
1.500000e+01 6.565922e-01 3.058015e-04
1.522727e+01 6.483238e-01 3.016808e-04
1.534091e+01 6.442778e-01 2.996716e-04
1.545455e+01 6.403000e-01 2.977000e-04
1.590910e+01 6.247792e-01 2.900016e-04
1.613637e+01 6.172813e-01 2.862904e-04
1.625000e+01 6.136108e-01 2.844782e-04
1.636364e+01 6.100000e-01 2.827000e-04
1.727273e+01 5.823052e-01 2.692265e-04
1.772727e+01 5.693074e-01 2.629790e-04
1.795455e+01 5.630594e-01 2.599909e-04
1.806818e+01 5.600048e-01 2.585329e-04
1.818182e+01 5.570000e-01 2.571000e-04
1.931818e+01 5.282918e-01 2.434172e-04
1.988637e+01 5.149629e-01 2.370584e-04
2.017046e+01 5.086114e-01 2.340241e-04
2.031250e+01 5.055237e-01 2.325474e-04
2.045455e+01 5.025000e-01 2.311000e-04
2.159091e+01 4.794601e-01 2.200737e-04
2.215909e+01 4.688111e-01 2.149387e-04
2.244318e+01 4.637531e-01 2.124796e-04
2.258523e+01 4.612992e-01 2.112794e-04
2.272727e+01 4.589000e-01 2.101000e-04
2.386364e+01 4.406700e-01 2.010218e-04
2.443182e+01 4.323087e-01 1.967493e-04
2.471591e+01 4.283630e-01 1.946938e-04
2.500000e+01 4.246000e-01 1.927000e-04
2.613636e+01 4.105717e-01 1.850871e-04
2.670455e+01 4.042802e-01 1.815065e-04
2.698864e+01 4.013553e-01 1.797800e-04
2.727273e+01 3.986000e-01 1.781000e-04
2.840909e+01 3.890468e-01 1.716182e-04
2.897727e+01 3.846787e-01 1.685410e-04
2.926136e+01 3.825111e-01 1.670518e-04
2.954545e+01 3.803000e-01 1.656000e-04
3.068182e+01 3.704344e-01 1.600034e-04
3.125000e+01 3.651858e-01 1.573450e-04
3.153409e+01 3.625350e-01 1.560571e-04
3.181818e+01 3.599000e-01 1.548000e-04
3.295455e+01 3.497571e-01 1.499432e-04
3.352273e+01 3.449332e-01 1.476268e-04
3.380682e+01 3.425912e-01 1.465013e-04
3.409091e+01 3.403000e-01 1.454000e-04
3.522727e+01 3.313962e-01 1.411229e-04
3.579546e+01 3.271233e-01 1.390736e-04
3.607955e+01 3.250409e-01 1.380763e-04
3.636364e+01 3.230000e-01 1.371000e-04
3.863636e+01 3.075431e-01 1.297457e-04
3.977273e+01 3.003974e-01 1.263631e-04
4.034091e+01 2.969891e-01 1.247528e-04
4.062500e+01 2.953290e-01 1.239690e-04
4.090909e+01 2.937000e-01 1.232000e-04
4.318182e+01 2.811947e-01 1.172868e-04
4.431818e+01 2.753337e-01 1.145145e-04
4.488637e+01 2.725217e-01 1.131852e-04
4.545455e+01 2.698000e-01 1.119000e-04
4.772727e+01 2.594409e-01 1.070276e-04
4.886364e+01 2.545922e-01 1.047532e-04
4.943182e+01 2.522619e-01 1.036607e-04
5.000000e+01 2.500000e-01 1.026000e-04
5.227273e+01 2.413132e-01 9.851292e-05
5.340909e+01 2.372095e-01 9.657967e-05
5.397727e+01 2.352283e-01 9.564684e-05
5.454545e+01 2.333000e-01 9.474000e-05
5.681818e+01 2.258803e-01 9.126585e-05
5.795454e+01 2.223629e-01 8.962536e-05
5.852273e+01 2.206605e-01 8.883264e-05
5.909091e+01 2.190000e-01 8.806000e-05
6.136364e+01 2.125849e-01 8.507434e-05
6.250000e+01 2.095297e-01 8.365265e-05
6.306818e+01 2.080476e-01 8.296317e-05
6.363636e+01 2.066000e-01 8.229000e-05
6.818182e+01 1.957496e-01 7.725033e-05
7.045454e+01 1.907978e-01 7.495566e-05
7.159091e+01 1.884525e-01 7.387062e-05
7.215909e+01 1.873143e-01 7.334459e-05
7.272727e+01 1.862000e-01 7.283000e-05
7.727273e+01 1.776813e-01 6.890706e-05
7.954545e+01 1.737170e-01 6.708597e-05
8.068182e+01 1.718244e-01 6.621722e-05
8.125000e+01 1.709031e-01 6.579444e-05
8.181818e+01 1.700000e-01 6.538000e-05
8.636364e+01 1.631182e-01 6.221928e-05
8.863636e+01 1.599150e-01 6.074676e-05
8.977273e+01 1.583821e-01 6.004180e-05
9.090909e+01 1.569000e-01 5.936000e-05
9.545454e+01 1.512518e-01 5.676001e-05
9.772727e+01 1.486060e-01 5.554232e-05
9.886364e+01 1.473342e-01 5.495733e-05
1.000000e+02 1.461000e-01 5.439000e-05
1.045455e+02 1.413650e-01 5.221742e-05
1.068182e+02 1.391296e-01 5.119379e-05
1.079545e+02 1.380505e-01 5.070017e-05
1.090909e+02 1.370000e-01 5.022000e-05
1.136363e+02 1.329507e-01 4.837173e-05
1.159091e+02 1.310314e-01 4.749609e-05
1.170454e+02 1.301036e-01 4.707264e-05
1.181818e+02 1.292000e-01 4.666000e-05
1.227272e+02 1.257288e-01 4.506964e-05
1.250000e+02 1.240810e-01 4.431397e-05
1.261363e+02 1.232817e-01 4.394768e-05
1.272727e+02 1.225000e-01 4.359000e-05
1.318182e+02 1.194593e-01 4.220573e-05
1.340909e+02 1.180022e-01 4.154499e-05
1.352272e+02 1.172934e-01 4.122397e-05
1.363636e+02 1.166000e-01 4.091000e-05
1.409090e+02 1.139160e-01 3.969284e-05
1.431818e+02 1.126338e-01 3.911058e-05
1.443181e+02 1.120103e-01 3.882731e-05
1.454545e+02 1.114000e-01 3.855000e-05
1.500000e+02 1.090310e-01 3.747404e-05
1.522728e+02 1.078954e-01 3.695810e-05
1.534091e+02 1.073422e-01 3.670663e-05
1.545455e+02 1.068000e-01 3.646000e-05
1.590910e+02 1.046913e-01 3.549943e-05
1.613637e+02 1.036783e-01 3.503713e-05
1.636364e+02 1.027000e-01 3.459000e-05
1.818182e+02 9.573000e-02 3.139000e-05
