1.587302e-03 6.059000e-01 4.330000e+00
1.746032e-03 6.355000e-01 4.279000e+00
1.825397e-03 6.462925e-01 4.253150e+00
1.865079e-03 6.535060e-01 4.240117e+00
1.884921e-03 6.581076e-01 4.233569e+00
1.904762e-03 6.637000e-01 4.227000e+00
1.984127e-03 6.939695e-01 4.200563e+00
2.023810e-03 7.138870e-01 4.187288e+00
2.043651e-03 7.251705e-01 4.180644e+00
2.053571e-03 7.311633e-01 4.177322e+00
2.063492e-03 7.374000e-01 4.174000e+00
2.142857e-03 7.946337e-01 4.147477e+00
2.182539e-03 8.247989e-01 4.134236e+00
2.202381e-03 8.396320e-01 4.127618e+00
2.212301e-03 8.468645e-01 4.124309e+00
2.222222e-03 8.539000e-01 4.121000e+00
2.301587e-03 9.034607e-01 4.094508e+00
2.341269e-03 9.247120e-01 4.081255e+00
2.361111e-03 9.345398e-01 4.074627e+00
2.371031e-03 9.392733e-01 4.071314e+00
2.380952e-03 9.439000e-01 4.068000e+00
2.460317e-03 9.800385e-01 4.041385e+00
2.500000e-03 9.970698e-01 4.028130e+00
2.519842e-03 1.005200e+00 4.021543e+00
2.539683e-03 1.013000e+00 4.015000e+00
2.619048e-03 1.041825e+00 3.989311e+00
2.658731e-03 1.054890e+00 3.976634e+00
2.678572e-03 1.061067e+00 3.970316e+00
2.698413e-03 1.067000e+00 3.964000e+00
2.777778e-03 1.089657e+00 3.938514e+00
2.817460e-03 1.100183e+00 3.925737e+00
2.857143e-03 1.110000e+00 3.913000e+00
3.015873e-03 1.143570e+00 3.862806e+00
3.095238e-03 1.157598e+00 3.838203e+00
3.134920e-03 1.163985e+00 3.826048e+00
3.174603e-03 1.170000e+00 3.814000e+00
3.373016e-03 1.198166e+00 3.754595e+00
3.472223e-03 1.211042e+00 3.725523e+00
3.571429e-03 1.223000e+00 3.697000e+00
3.769842e-03 1.244791e+00 3.641051e+00
3.869048e-03 1.255010e+00 3.613746e+00
3.968254e-03 1.265000e+00 3.587000e+00
4.166667e-03 1.285245e+00 3.534689e+00
4.265873e-03 1.295544e+00 3.509130e+00
4.365079e-03 1.306000e+00 3.484000e+00
4.563492e-03 1.327228e+00 3.434248e+00
4.662699e-03 1.338034e+00 3.409867e+00
4.761905e-03 1.349000e+00 3.386000e+00
4.960318e-03 1.371171e+00 3.339629e+00
5.059524e-03 1.382474e+00 3.317093e+00
5.158730e-03 1.394000e+00 3.295000e+00
5.357143e-03 1.417638e+00 3.251391e+00
5.456349e-03 1.429729e+00 3.230004e+00
5.555556e-03 1.442000e+00 3.209000e+00
5.753968e-03 1.466698e+00 3.167811e+00
5.853175e-03 1.479241e+00 3.147704e+00
5.952381e-03 1.492000e+00 3.128000e+00
6.150793e-03 1.518136e+00 3.089402e+00
6.250000e-03 1.531480e+00 3.070535e+00
6.349206e-03 1.545000e+00 3.052000e+00
6.746031e-03 1.599867e+00 2.979597e+00
6.944444e-03 1.627763e+00 2.944715e+00
7.043651e-03 1.641837e+00 2.927692e+00
7.142857e-03 1.656000e+00 2.911000e+00
7.539683e-03 1.713027e+00 2.846237e+00
7.738095e-03 1.741862e+00 2.815124e+00
7.837302e-03 1.756387e+00 2.799929e+00
7.936508e-03 1.771000e+00 2.785000e+00
8.333333e-03 1.830147e+00 2.726591e+00
8.531746e-03 1.860009e+00 2.698366e+00
8.630953e-03 1.874993e+00 2.684562e+00
8.730159e-03 1.890000e+00 2.671000e+00
9.126985e-03 1.949949e+00 2.618259e+00
9.325397e-03 1.979944e+00 2.592792e+00
9.424604e-03 1.994961e+00 2.580308e+00
9.523810e-03 2.010000e+00 2.568000e+00
9.920635e-03 2.070461e+00 2.519486e+00
1.011905e-02 2.100751e+00 2.495907e+00
1.021825e-02 2.115886e+00 2.484355e+00
1.031746e-02 2.131000e+00 2.473000e+00
1.071429e-02 2.191118e+00 2.428937e+00
1.091270e-02 2.221069e+00 2.407685e+00
1.101190e-02 2.236033e+00 2.397269e+00
1.111111e-02 2.251000e+00 2.387000e+00
1.190476e-02 2.371496e+00 2.307161e+00
1.230159e-02 2.431845e+00 2.269194e+00
1.250000e-02 2.461965e+00 2.250844e+00
1.259920e-02 2.476997e+00 2.241853e+00
1.269841e-02 2.492000e+00 2.233000e+00
1.349206e-02 2.611126e+00 2.165002e+00
1.388889e-02 2.670208e+00 2.132824e+00
1.408730e-02 2.699637e+00 2.117235e+00
1.418650e-02 2.714327e+00 2.109572e+00
1.428571e-02 2.729000e+00 2.102000e+00
1.507937e-02 2.846341e+00 2.042789e+00
1.547619e-02 2.904807e+00 2.014357e+00
1.567461e-02 2.933947e+00 2.000525e+00
1.587302e-02 2.963000e+00 1.987000e+00
1.666667e-02 3.078516e+00 1.934844e+00
1.706350e-02 3.135890e+00 1.909964e+00
1.726191e-02 3.164478e+00 1.897860e+00
1.746032e-02 3.193000e+00 1.886000e+00
1.825397e-02 3.306841e+00 1.839727e+00
1.865080e-02 3.363533e+00 1.817474e+00
1.884921e-02 3.391799e+00 1.806627e+00
1.904762e-02 3.420000e+00 1.796000e+00
1.984127e-02 3.532402e+00 1.754884e+00
2.023810e-02 3.588320e+00 1.735144e+00
2.043651e-02 3.616193e+00 1.725494e+00
2.063492e-02 3.644000e+00 1.716000e+00
2.142857e-02 3.754939e+00 1.678616e+00
2.182540e-02 3.810117e+00 1.660511e+00
2.202381e-02 3.837603e+00 1.651668e+00
2.222222e-02 3.865000e+00 1.643000e+00
2.301587e-02 3.973924e+00 1.609596e+00
2.341270e-02 4.028059e+00 1.593573e+00
2.361111e-02 4.055052e+00 1.585731e+00
2.380952e-02 4.082000e+00 1.578000e+00
2.460317e-02 4.189758e+00 1.547447e+00
2.500000e-02 4.243482e+00 1.532538e+00
2.519842e-02 4.270274e+00 1.525214e+00
2.539683e-02 4.297000e+00 1.518000e+00
2.619048e-02 4.403430e+00 1.489825e+00
2.658730e-02 4.456338e+00 1.476213e+00
2.678572e-02 4.482702e+00 1.469552e+00
2.698413e-02 4.509000e+00 1.463000e+00
2.777778e-02 4.613820e+00 1.437451e+00
2.817460e-02 4.666000e+00 1.425074e+00
2.837302e-02 4.692024e+00 1.418997e+00
2.857143e-02 4.718000e+00 1.413000e+00
3.015873e-02 4.925146e+00 1.366399e+00
3.095238e-02 5.027966e+00 1.344207e+00
3.134921e-02 5.079101e+00 1.333465e+00
3.154762e-02 5.104583e+00 1.328195e+00
3.174603e-02 5.130000e+00 1.323000e+00
3.373016e-02 5.382047e+00 1.273368e+00
3.472223e-02 5.506600e+00 1.250098e+00
3.521826e-02 5.568454e+00 1.238894e+00
3.546627e-02 5.599268e+00 1.233407e+00
3.571429e-02 5.630000e+00 1.228000e+00
3.769841e-02 5.874645e+00 1.185998e+00
3.869048e-02 5.995853e+00 1.166034e+00
3.918651e-02 6.056080e+00 1.156385e+00
3.968254e-02 6.116000e+00 1.147000e+00
4.166667e-02 6.353855e+00 1.111176e+00
4.265873e-02 6.471482e+00 1.094241e+00
4.315476e-02 6.529895e+00 1.086032e+00
4.365079e-02 6.588000e+00 1.078000e+00
4.563492e-02 6.818665e+00 1.046591e+00
4.662699e-02 6.932816e+00 1.031503e+00
4.712302e-02 6.989540e+00 1.024167e+00
4.761905e-02 7.046000e+00 1.017000e+00
4.960317e-02 7.270619e+00 9.894307e-01
5.059524e-02 7.381836e+00 9.763137e-01
5.109127e-02 7.437072e+00 9.699405e-01
5.158730e-02 7.492000e+00 9.637000e-01
5.357143e-02 7.709747e+00 9.393938e-01
5.456350e-02 7.817367e+00 9.277022e-01
5.505953e-02 7.870816e+00 9.219971e-01
5.555556e-02 7.924000e+00 9.164000e-01
5.753969e-02 8.135473e+00 8.946138e-01
5.853175e-02 8.240198e+00 8.841348e-01
5.902778e-02 8.292231e+00 8.790200e-01
5.952381e-02 8.344000e+00 8.740000e-01
6.150793e-02 8.549598e+00 8.544497e-01
6.250000e-02 8.651289e+00 8.450291e-01
6.299603e-02 8.701783e+00 8.404245e-01
6.349206e-02 8.752000e+00 8.359000e-01
6.746031e-02 9.147882e+00 8.013394e-01
6.944444e-02 9.341640e+00 7.851799e-01
7.043651e-02 9.437283e+00 7.774219e-01
7.093254e-02 9.484764e+00 7.736301e-01
7.142857e-02 9.532000e+00 7.699000e-01
7.539683e-02 9.906367e+00 7.411316e-01
7.738095e-02 1.008997e+01 7.275376e-01
7.837302e-02 1.018051e+01 7.209785e-01
7.936508e-02 1.027000e+01 7.146000e-01
8.333334e-02 1.062099e+01 6.901168e-01
8.531746e-02 1.079216e+01 6.785429e-01
8.630953e-02 1.087652e+01 6.729498e-01
8.730159e-02 1.096000e+01 6.675000e-01
9.126985e-02 1.128927e+01 6.464737e-01
9.325397e-02 1.145085e+01 6.364768e-01
9.424604e-02 1.153076e+01 6.316311e-01
9.523810e-02 1.161000e+01 6.269000e-01
9.920635e-02 1.192430e+01 6.086154e-01
1.011905e-01 1.207862e+01 5.998907e-01
1.021825e-01 1.215475e+01 5.956501e-01
1.031746e-01 1.223000e+01 5.915000e-01
1.071429e-01 1.252499e+01 5.753773e-01
1.091270e-01 1.266886e+01 5.676484e-01
1.101190e-01 1.273979e+01 5.638852e-01
1.111111e-01 1.281000e+01 5.602000e-01
1.190476e-01 1.335918e+01 5.323944e-01
1.230158e-01 1.362390e+01 5.195857e-01
1.250000e-01 1.375316e+01 5.134845e-01
1.269841e-01 1.388000e+01 5.076000e-01
1.349206e-01 1.437297e+01 4.851650e-01
1.388889e-01 1.461017e+01 4.746834e-01
1.408730e-01 1.472608e+01 4.696601e-01
1.428571e-01 1.484000e+01 4.648000e-01
1.507937e-01 1.528492e+01 4.462940e-01
1.547619e-01 1.550031e+01 4.376230e-01
1.567461e-01 1.560592e+01 4.334519e-01
1.587302e-01 1.571000e+01 4.294000e-01
1.666667e-01 1.611927e+01 4.138085e-01
1.706350e-01 1.631765e+01 4.064316e-01
1.726191e-01 1.641470e+01 4.028684e-01
1.746032e-01 1.651000e+01 3.994000e-01
1.825397e-01 1.687947e+01 3.860629e-01
1.865080e-01 1.705729e+01 3.797427e-01
1.884921e-01 1.714431e+01 3.766838e-01
1.904762e-01 1.723000e+01 3.737000e-01
1.984127e-01 1.756594e+01 3.621650e-01
2.023810e-01 1.772962e+01 3.566701e-01
2.063492e-01 1.789000e+01 3.514000e-01
2.142857e-01 1.820581e+01 3.413149e-01
2.182540e-01 1.835979e+01 3.365154e-01
2.222222e-01 1.851000e+01 3.319000e-01
2.301587e-01 1.880073e+01 3.229860e-01
2.341270e-01 1.894175e+01 3.187164e-01
2.380952e-01 1.908000e+01 3.146000e-01
2.460317e-01 1.935412e+01 3.066730e-01
2.500000e-01 1.948851e+01 3.028739e-01
2.539683e-01 1.962000e+01 2.992000e-01
2.619048e-01 1.987512e+01 2.920630e-01
2.658730e-01 1.999888e+01 2.886259e-01
2.698413e-01 2.012000e+01 2.853000e-01
2.777778e-01 2.035835e+01 2.788781e-01
2.817460e-01 2.047516e+01 2.757912e-01
2.857143e-01 2.059000e+01 2.728000e-01
3.015873e-01 2.103684e+01 2.613903e-01
3.095238e-01 2.125186e+01 2.560489e-01
3.174603e-01 2.146000e+01 2.510000e-01
3.373016e-01 2.196097e+01 2.392328e-01
3.472222e-01 2.220000e+01 2.338030e-01
3.521826e-01 2.231621e+01 2.312094e-01
3.571429e-01 2.243000e+01 2.287000e-01
3.769841e-01 2.287118e+01 2.190468e-01
3.869048e-01 2.308358e+01 2.145016e-01
3.968254e-01 2.329000e+01 2.102000e-01
4.166667e-01 2.369446e+01 2.021367e-01
4.265873e-01 2.389027e+01 1.983731e-01
4.365079e-01 2.408000e+01 1.948000e-01
4.563492e-01 2.444424e+01 1.879510e-01
4.662698e-01 2.461940e+01 1.847030e-01
4.761905e-01 2.479000e+01 1.816000e-01
4.960317e-01 2.512655e+01 1.756797e-01
5.059524e-01 2.529049e+01 1.728780e-01
5.158730e-01 2.545000e+01 1.702000e-01
5.357143e-01 2.575663e+01 1.650797e-01
5.456349e-01 2.590481e+01 1.626435e-01
5.555556e-01 2.605000e+01 1.603000e-01
5.753968e-01 2.633947e+01 1.557657e-01
5.853175e-01 2.648147e+01 1.535931e-01
5.952381e-01 2.662000e+01 1.515000e-01
6.150794e-01 2.688658e+01 1.474751e-01
6.349206e-01 2.714000e+01 1.437000e-01
6.746032e-01 2.762609e+01 1.367124e-01
6.944444e-01 2.785757e+01 1.335033e-01
7.142857e-01 2.808000e+01 1.305000e-01
7.539683e-01 2.850872e+01 1.248421e-01
7.738095e-01 2.871337e+01 1.222000e-01
7.936508e-01 2.891000e+01 1.197000e-01
8.333333e-01 2.928769e+01 1.149500e-01
8.531746e-01 2.946749e+01 1.127179e-01
8.730159e-01 2.964000e+01 1.106000e-01
9.126984e-01 2.997125e+01 1.065842e-01
9.325397e-01 3.012887e+01 1.046960e-01
9.523810e-01 3.028000e+01 1.029000e-01
9.920635e-01 3.056932e+01 9.947950e-02
1.031746e+00 3.084000e+01 9.631000e-02
1.071429e+00 3.109853e+01 9.331857e-02
1.111111e+00 3.134000e+01 9.054000e-02
1.190476e+00 3.178073e+01 8.544509e-02
1.230158e+00 3.197877e+01 8.312940e-02
1.269841e+00 3.216000e+01 8.098000e-02
1.349206e+00 3.249249e+01 7.695655e-02
1.428571e+00 3.278000e+01 7.335000e-02
1.507937e+00 3.303529e+01 7.006354e-02
1.587302e+00 3.325000e+01 6.712000e-02
1.746032e+00 3.358000e+01 6.193000e-02
1.904762e+00 3.381000e+01 5.753000e-02
2.063492e+00 3.396000e+01 5.375000e-02
2.222222e+00 3.393000e+01 5.047000e-02
2.380952e+00 3.365000e+01 4.758000e-02
2.539683e+00 3.346000e+01 4.503000e-02
2.698413e+00 3.326000e+01 4.276000e-02
2.857143e+00 3.303000e+01 4.071000e-02
3.015873e+00 3.278062e+01 3.884974e-02
3.174603e+00 3.251000e+01 3.719000e-02
3.373016e+00 3.214965e+01 3.529353e-02
3.472222e+00 3.196190e+01 3.442347e-02
3.571429e+00 3.177000e+01 3.361000e-02
3.769842e+00 3.138280e+01 3.207764e-02
3.869048e+00 3.118721e+01 3.136358e-02
3.968254e+00 3.099000e+01 3.069000e-02
4.166666e+00 3.059140e+01 2.941821e-02
4.265873e+00 3.039086e+01 2.882333e-02
4.365079e+00 3.019000e+01 2.826000e-02
4.563492e+00 2.978895e+01 2.719146e-02
4.662698e+00 2.958911e+01 2.668867e-02
4.761905e+00 2.939000e+01 2.621000e-02
4.960318e+00 2.899232e+01 2.529629e-02
5.059524e+00 2.879512e+01 2.486367e-02
5.158730e+00 2.860000e+01 2.445000e-02
5.357143e+00 2.821556e+01 2.365691e-02
5.456349e+00 2.802654e+01 2.328036e-02
5.555556e+00 2.784000e+01 2.292000e-02
5.753969e+00 2.747173e+01 2.223170e-02
5.853175e+00 2.729000e+01 2.190452e-02
5.952381e+00 2.711000e+01 2.159000e-02
6.150793e+00 2.675145e+01 2.098231e-02
6.250000e+00 2.657442e+01 2.069101e-02
6.349206e+00 2.640000e+01 2.041000e-02
6.746031e+00 2.572597e+01 1.935285e-02
6.944444e+00 2.540288e+01 1.886561e-02
7.043651e+00 2.524511e+01 1.863361e-02
7.142857e+00 2.509000e+01 1.841000e-02
7.539682e+00 2.448081e+01 1.755985e-02
7.738095e+00 2.418585e+01 1.716349e-02
7.837302e+00 2.404161e+01 1.697366e-02
7.936508e+00 2.390000e+01 1.679000e-02
8.333334e+00 2.335089e+01 1.609010e-02
8.531746e+00 2.308663e+01 1.576175e-02
8.630953e+00 2.295732e+01 1.560367e-02
8.730159e+00 2.283000e+01 1.545000e-02
9.126984e+00 2.232872e+01 1.485748e-02
9.325397e+00 2.208563e+01 1.457701e-02
9.424604e+00 2.196672e+01 1.444163e-02
9.523810e+00 2.185000e+01 1.431000e-02
9.920635e+00 2.139776e+01 1.380629e-02
1.011905e+01 2.118052e+01 1.356807e-02
1.031746e+01 2.097000e+01 1.334000e-02
1.071429e+01 2.056014e+01 1.290023e-02
1.091270e+01 2.036214e+01 1.269068e-02
1.111111e+01 2.017000e+01 1.249000e-02
1.190476e+01 1.944201e+01 1.175190e-02
1.230158e+01 1.910211e+01 1.141861e-02
1.250000e+01 1.893873e+01 1.126120e-02
1.269841e+01 1.878000e+01 1.111000e-02
1.349206e+01 1.816740e+01 1.053240e-02
1.388889e+01 1.787697e+01 1.026296e-02
1.408730e+01 1.773661e+01 1.013419e-02
1.428571e+01 1.760000e+01 1.001000e-02
1.507936e+01 1.707514e+01 9.540757e-03
1.547619e+01 1.682688e+01 9.322984e-03
1.567461e+01 1.670690e+01 9.218802e-03
1.587302e+01 1.659000e+01 9.118000e-03
1.666667e+01 1.614056e+01 8.732224e-03
1.706349e+01 1.592643e+01 8.550917e-03
1.726191e+01 1.582222e+01 8.463680e-03
1.746032e+01 1.572000e+01 8.379000e-03
1.825397e+01 1.531942e+01 8.054513e-03
1.865079e+01 1.512630e+01 7.901548e-03
1.884921e+01 1.503216e+01 7.827771e-03
1.904762e+01 1.494000e+01 7.756000e-03
1.984127e+01 1.458483e+01 7.479911e-03
2.023810e+01 1.441479e+01 7.349067e-03
2.043651e+01 1.433173e+01 7.285751e-03
2.063492e+01 1.425000e+01 7.224000e-03
2.142857e+01 1.392813e+01 6.985460e-03
2.182540e+01 1.377181e+01 6.871894e-03
2.202381e+01 1.369525e+01 6.816808e-03
2.222222e+01 1.362000e+01 6.763000e-03
2.301587e+01 1.332816e+01 6.554884e-03
2.341269e+01 1.318732e+01 6.455537e-03
2.361111e+01 1.311822e+01 6.407250e-03
2.380952e+01 1.305000e+01 6.360000e-03
2.460318e+01 1.278103e+01 6.176562e-03
2.500000e+01 1.264933e+01 6.088682e-03
2.519842e+01 1.258433e+01 6.045900e-03
2.539683e+01 1.252000e+01 6.004000e-03
2.619048e+01 1.226618e+01 5.841366e-03
2.658731e+01 1.214192e+01 5.763347e-03
2.678572e+01 1.208063e+01 5.725310e-03
2.698413e+01 1.202000e+01 5.688000e-03
2.777778e+01 1.178031e+01 5.542678e-03
2.817460e+01 1.166354e+01 5.472711e-03
2.857143e+01 1.155000e+01 5.405000e-03
3.015873e+01 1.112361e+01 5.149243e-03
3.095238e+01 1.092619e+01 5.030602e-03
3.134920e+01 1.083165e+01 4.973867e-03
3.174603e+01 1.074000e+01 4.919000e-03
3.373016e+01 1.030242e+01 4.659461e-03
3.472222e+01 1.009760e+01 4.539411e-03
3.521826e+01 9.999279e+00 4.482179e-03
3.571429e+01 9.904000e+00 4.427000e-03
3.769841e+01 9.539815e+00 4.217490e-03
3.869048e+01 9.368607e+00 4.119915e-03
3.918651e+01 9.286145e+00 4.073196e-03
3.968254e+01 9.206000e+00 4.028000e-03
4.166667e+01 8.897923e+00 3.855514e-03
4.265873e+01 8.752135e+00 3.774631e-03
4.315476e+01 8.681663e+00 3.735742e-03
4.365079e+01 8.613000e+00 3.698000e-03
4.563492e+01 8.348187e+00 3.553291e-03
4.662699e+01 8.222392e+00 3.485015e-03
4.712302e+01 8.161458e+00 3.452067e-03
4.761905e+01 8.102000e+00 3.420000e-03
4.960318e+01 7.872442e+00 3.296460e-03
5.059524e+01 7.763062e+00 3.237905e-03
5.109127e+01 7.709947e+00 3.209589e-03
5.158730e+01 7.658000e+00 3.182000e-03
5.357143e+01 7.456408e+00 3.075767e-03
5.456350e+01 7.359908e+00 3.025322e-03
5.505953e+01 7.312958e+00 3.000874e-03
5.555556e+01 7.267000e+00 2.977000e-03
5.753968e+01 7.088727e+00 2.884642e-03
5.853175e+01 7.003332e+00 2.840506e-03
5.902778e+01 6.961747e+00 2.819032e-03
5.952381e+01 6.921000e+00 2.798000e-03
6.150794e+01 6.762635e+00 2.716136e-03
6.250000e+01 6.686546e+00 2.676852e-03
6.299603e+01 6.649423e+00 2.657725e-03
6.349206e+01 6.613000e+00 2.639000e-03
6.746031e+01 6.335960e+00 2.498092e-03
6.944444e+01 6.207184e+00 2.433396e-03
7.043651e+01 6.145577e+00 2.402634e-03
7.142857e+01 6.086000e+00 2.373000e-03
7.539683e+01 5.859074e+00 2.260228e-03
7.738095e+01 5.752469e+00 2.207607e-03
7.837302e+01 5.701060e+00 2.182396e-03
7.936508e+01 5.651000e+00 2.158000e-03
8.333334e+01 5.457170e+00 2.064946e-03
8.531746e+01 5.365010e+00 2.021325e-03
8.630953e+01 5.320422e+00 2.000354e-03
8.730159e+01 5.277000e+00 1.980000e-03
9.126985e+01 5.110213e+00 1.901907e-03
9.325397e+01 5.031313e+00 1.865062e-03
9.424604e+01 4.993171e+00 1.847289e-03
9.523810e+01 4.956000e+00 1.830000e-03
9.920635e+01 4.812468e+00 1.763554e-03
1.011905e+02 4.744255e+00 1.732082e-03
1.021825e+02 4.711220e+00 1.716854e-03
1.031746e+02 4.679000e+00 1.702000e-03
1.071428e+02 4.554780e+00 1.644557e-03
1.091270e+02 4.495683e+00 1.617203e-03
1.101190e+02 4.467013e+00 1.603941e-03
1.111111e+02 4.439000e+00 1.591000e-03
1.190476e+02 4.228151e+00 1.494510e-03
1.230159e+02 4.131636e+00 1.450666e-03
1.250000e+02 4.085901e+00 1.429924e-03
1.259920e+02 4.063712e+00 1.419858e-03
1.269841e+02 4.042000e+00 1.410000e-03
1.349206e+02 3.876728e+00 1.334310e-03
1.388888e+02 3.800001e+00 1.299025e-03
1.408730e+02 3.763361e+00 1.282193e-03
1.428571e+02 3.728000e+00 1.266000e-03
1.587302e+02 3.472000e+00 1.151000e-03
