1.923077e-03 1.074000e+00 3.274000e+00
2.115385e-03 1.139000e+00 3.215000e+00
2.211539e-03 1.173775e+00 3.185850e+00
2.259615e-03 1.191411e+00 3.171383e+00
2.283654e-03 1.200226e+00 3.164181e+00
2.307692e-03 1.209000e+00 3.157000e+00
2.403846e-03 1.243484e+00 3.128320e+00
2.451923e-03 1.260370e+00 3.114091e+00
2.475962e-03 1.268718e+00 3.107023e+00
2.500000e-03 1.277000e+00 3.100000e+00
2.596154e-03 1.309911e+00 3.072216e+00
2.644231e-03 1.326100e+00 3.058527e+00
2.668269e-03 1.334094e+00 3.051741e+00
2.692308e-03 1.342000e+00 3.045000e+00
2.788462e-03 1.373051e+00 3.018311e+00
2.836538e-03 1.388186e+00 3.005109e+00
2.860577e-03 1.395637e+00 2.998544e+00
2.884615e-03 1.403000e+00 2.992000e+00
2.980769e-03 1.431943e+00 2.965834e+00
3.028846e-03 1.446096e+00 2.952849e+00
3.076923e-03 1.460000e+00 2.940000e+00
3.173077e-03 1.487390e+00 2.914700e+00
3.221154e-03 1.500813e+00 2.902267e+00
3.269231e-03 1.514000e+00 2.890000e+00
3.365385e-03 1.539875e+00 2.865777e+00
3.413461e-03 1.552542e+00 2.853827e+00
3.461538e-03 1.565000e+00 2.842000e+00
3.653846e-03 1.613736e+00 2.795254e+00
3.750000e-03 1.637252e+00 2.772383e+00
3.798077e-03 1.648735e+00 2.761121e+00
3.846154e-03 1.660000e+00 2.750000e+00
4.086539e-03 1.714238e+00 2.695730e+00
4.206731e-03 1.740086e+00 2.669500e+00
4.266827e-03 1.752665e+00 2.656651e+00
4.326923e-03 1.765000e+00 2.644000e+00
4.567307e-03 1.813244e+00 2.594440e+00
4.687500e-03 1.836509e+00 2.570403e+00
4.747596e-03 1.847864e+00 2.558614e+00
4.807692e-03 1.859000e+00 2.547000e+00
5.048077e-03 1.902243e+00 2.501540e+00
5.168269e-03 1.922983e+00 2.479489e+00
5.228366e-03 1.933091e+00 2.468668e+00
5.288462e-03 1.943000e+00 2.458000e+00
5.528847e-03 1.981511e+00 2.416179e+00
5.649039e-03 2.000042e+00 2.395849e+00
5.769231e-03 2.018000e+00 2.376000e+00
6.009616e-03 2.052791e+00 2.337263e+00
6.129808e-03 2.069608e+00 2.318425e+00
6.250000e-03 2.086000e+00 2.300000e+00
6.490384e-03 2.118133e+00 2.263787e+00
6.610577e-03 2.133761e+00 2.246166e+00
6.730769e-03 2.149000e+00 2.229000e+00
6.971154e-03 2.178557e+00 2.195792e+00
7.091346e-03 2.192915e+00 2.179717e+00
7.211538e-03 2.207000e+00 2.164000e+00
7.451923e-03 2.234840e+00 2.133029e+00
7.572116e-03 2.248527e+00 2.117867e+00
7.692308e-03 2.262000e+00 2.103000e+00
8.173077e-03 2.313989e+00 2.045622e+00
8.413462e-03 2.339181e+00 2.018279e+00
8.533654e-03 2.351625e+00 2.004996e+00
8.653846e-03 2.364000e+00 1.992000e+00
9.134616e-03 2.413617e+00 1.941575e+00
9.375000e-03 2.438371e+00 1.917380e+00
9.495193e-03 2.450707e+00 1.905580e+00
9.615385e-03 2.463000e+00 1.894000e+00
1.009615e-02 2.511630e+00 1.848762e+00
1.033654e-02 2.535805e+00 1.826995e+00
1.057692e-02 2.560000e+00 1.806000e+00
1.105769e-02 2.608660e+00 1.765815e+00
1.129808e-02 2.633218e+00 1.746601e+00
1.153846e-02 2.658000e+00 1.728000e+00
1.201923e-02 2.708141e+00 1.691637e+00
1.225962e-02 2.733481e+00 1.674049e+00
1.250000e-02 2.759000e+00 1.657000e+00
1.298077e-02 2.810135e+00 1.624117e+00
1.322115e-02 2.835929e+00 1.608316e+00
1.346154e-02 2.862000e+00 1.593000e+00
1.442308e-02 2.968971e+00 1.534583e+00
1.490385e-02 3.023960e+00 1.507124e+00
1.514423e-02 3.051847e+00 1.493885e+00
1.538462e-02 3.080000e+00 1.481000e+00
1.634616e-02 3.193508e+00 1.431184e+00
1.682692e-02 3.251241e+00 1.407542e+00
1.706731e-02 3.280467e+00 1.396117e+00
1.730769e-02 3.310000e+00 1.385000e+00
1.826923e-02 3.430267e+00 1.342439e+00
1.875000e-02 3.491667e+00 1.322297e+00
1.899039e-02 3.522712e+00 1.312538e+00
1.923077e-02 3.554000e+00 1.303000e+00
2.019231e-02 3.680312e+00 1.265868e+00
2.067308e-02 3.744301e+00 1.248085e+00
2.091346e-02 3.776551e+00 1.239443e+00
2.115385e-02 3.809000e+00 1.231000e+00
2.211539e-02 3.939911e+00 1.198451e+00
2.259615e-02 4.006136e+00 1.182934e+00
2.283654e-02 4.039480e+00 1.175390e+00
2.307692e-02 4.073000e+00 1.168000e+00
2.403846e-02 4.208168e+00 1.139210e+00
2.451923e-02 4.276366e+00 1.125368e+00
2.475962e-02 4.310628e+00 1.118618e+00
2.500000e-02 4.345000e+00 1.112000e+00
2.596154e-02 4.482922e+00 1.086293e+00
2.644231e-02 4.552273e+00 1.073944e+00
2.668269e-02 4.587082e+00 1.067917e+00
2.692308e-02 4.622000e+00 1.062000e+00
2.788462e-02 4.762451e+00 1.038926e+00
2.836538e-02 4.833090e+00 1.027795e+00
2.860577e-02 4.868511e+00 1.022351e+00
2.884615e-02 4.904000e+00 1.017000e+00
2.980769e-02 5.046230e+00 9.961183e-01
3.028846e-02 5.117535e+00 9.860210e-01
3.052885e-02 5.153245e+00 9.810730e-01
3.076923e-02 5.189000e+00 9.762000e-01
3.173077e-02 5.332364e+00 9.570897e-01
3.221154e-02 5.404167e+00 9.478198e-01
3.245193e-02 5.440083e+00 9.432747e-01
3.269231e-02 5.476000e+00 9.388000e-01
3.365385e-02 5.619588e+00 9.213141e-01
3.413461e-02 5.691321e+00 9.128452e-01
3.437500e-02 5.727168e+00 9.086919e-01
3.461538e-02 5.763000e+00 9.046000e-01
3.653846e-02 6.049635e+00 8.730864e-01
3.750000e-02 6.192580e+00 8.581940e-01
3.798077e-02 6.263875e+00 8.510019e-01
3.822116e-02 6.299462e+00 8.474758e-01
3.846154e-02 6.335000e+00 8.440000e-01
4.086539e-02 6.689142e+00 8.106333e-01
4.206731e-02 6.864804e+00 7.949579e-01
4.266827e-02 6.952121e+00 7.874176e-01
4.296875e-02 6.995622e+00 7.837294e-01
4.326923e-02 7.039000e+00 7.801000e-01
4.567308e-02 7.384026e+00 7.521206e-01
4.687500e-02 7.554519e+00 7.388964e-01
4.747596e-02 7.639056e+00 7.325122e-01
4.777644e-02 7.681110e+00 7.293833e-01
4.807692e-02 7.723000e+00 7.263000e-01
5.048077e-02 8.055174e+00 7.024568e-01
5.168270e-02 8.218740e+00 6.911330e-01
5.228366e-02 8.299700e+00 6.856493e-01
5.288462e-02 8.380000e+00 6.803000e-01
5.528846e-02 8.697482e+00 6.596559e-01
5.649039e-02 8.853454e+00 6.498289e-01
5.709135e-02 8.930568e+00 6.450604e-01
5.769231e-02 9.007000e+00 6.404000e-01
6.009615e-02 9.308873e+00 6.223387e-01
6.129808e-02 9.457088e+00 6.137050e-01
6.189904e-02 9.530363e+00 6.095073e-01
6.250000e-02 9.603000e+00 6.054000e-01
6.490385e-02 9.890650e+00 5.894812e-01
6.610577e-02 1.003170e+01 5.818564e-01
6.670673e-02 1.010126e+01 5.781418e-01
6.730769e-02 1.017000e+01 5.745000e-01
6.971154e-02 1.043956e+01 5.603143e-01
7.091346e-02 1.057104e+01 5.534922e-01
7.151442e-02 1.063585e+01 5.501642e-01
7.211538e-02 1.070000e+01 5.469000e-01
7.451923e-02 1.095367e+01 5.342124e-01
7.572116e-02 1.107801e+01 5.281092e-01
7.632212e-02 1.113935e+01 5.251281e-01
7.692308e-02 1.120000e+01 5.222000e-01
8.173077e-02 1.166969e+01 4.998282e-01
8.413461e-02 1.189397e+01 4.893738e-01
8.533654e-02 1.200309e+01 4.843586e-01
8.653846e-02 1.211000e+01 4.795000e-01
9.134615e-02 1.252723e+01 4.609181e-01
9.375000e-02 1.272746e+01 4.521853e-01
9.495193e-02 1.282483e+01 4.479820e-01
9.615385e-02 1.292000e+01 4.439000e-01
1.009615e-01 1.328750e+01 4.282504e-01
1.033654e-01 1.346238e+01 4.208565e-01
1.045673e-01 1.354718e+01 4.172830e-01
1.057692e-01 1.363000e+01 4.138000e-01
1.105769e-01 1.394950e+01 4.003328e-01
1.129808e-01 1.410230e+01 3.939275e-01
1.141827e-01 1.417681e+01 3.908252e-01
1.153846e-01 1.425000e+01 3.878000e-01
1.201923e-01 1.453769e+01 3.761584e-01
1.225962e-01 1.467643e+01 3.706209e-01
1.250000e-01 1.481000e+01 3.653000e-01
1.298077e-01 1.506374e+01 3.550341e-01
1.322116e-01 1.518414e+01 3.501246e-01
1.346154e-01 1.530000e+01 3.454000e-01
1.442308e-01 1.574159e+01 3.277426e-01
1.490385e-01 1.594717e+01 3.196498e-01
1.514424e-01 1.604535e+01 3.158041e-01
1.538462e-01 1.614000e+01 3.121000e-01
1.634616e-01 1.649730e+01 2.979962e-01
1.682692e-01 1.666332e+01 2.914109e-01
1.730769e-01 1.682000e+01 2.852000e-01
1.826923e-01 1.711772e+01 2.735070e-01
1.875000e-01 1.725751e+01 2.680535e-01
1.923077e-01 1.739000e+01 2.629000e-01
2.019231e-01 1.763999e+01 2.531483e-01
2.067308e-01 1.775761e+01 2.485647e-01
2.115385e-01 1.787000e+01 2.442000e-01
2.211538e-01 1.808745e+01 2.358427e-01
2.259615e-01 1.819104e+01 2.318824e-01
2.307692e-01 1.829000e+01 2.281000e-01
2.403846e-01 1.847635e+01 2.208838e-01
2.500000e-01 1.865000e+01 2.142000e-01
2.596154e-01 1.881881e+01 2.079317e-01
2.692308e-01 1.898000e+01 2.021000e-01
2.788462e-01 1.913365e+01 1.965231e-01
2.884615e-01 1.928000e+01 1.913000e-01
2.980769e-01 1.942334e+01 1.863919e-01
3.076923e-01 1.956000e+01 1.818000e-01
3.173077e-01 1.968807e+01 1.773789e-01
3.269231e-01 1.981000e+01 1.732000e-01
3.365385e-01 1.993131e+01 1.692333e-01
3.461538e-01 2.005000e+01 1.655000e-01
3.653846e-01 2.027665e+01 1.584741e-01
3.750000e-01 2.038499e+01 1.551972e-01
3.846154e-01 2.049000e+01 1.521000e-01
4.086538e-01 2.074633e+01 1.448269e-01
4.206731e-01 2.087011e+01 1.414597e-01
4.326923e-01 2.099000e+01 1.383000e-01
4.567307e-01 2.122119e+01 1.323701e-01
4.687500e-01 2.133228e+01 1.296091e-01
4.807692e-01 2.144000e+01 1.270000e-01
5.048077e-01 2.164948e+01 1.220454e-01
5.288462e-01 2.185000e+01 1.175000e-01
5.528846e-01 2.204351e+01 1.132668e-01
5.769231e-01 2.223000e+01 1.094000e-01
6.009616e-01 2.241337e+01 1.058109e-01
6.250000e-01 2.259000e+01 1.025000e-01
6.490384e-01 2.275874e+01 9.933948e-02
6.730769e-01 2.292000e+01 9.639000e-02
6.971154e-01 2.307764e+01 9.362590e-02
7.211538e-01 2.323000e+01 9.106000e-02
7.451923e-01 2.337795e+01 8.861936e-02
7.692308e-01 2.352000e+01 8.633000e-02
8.173077e-01 2.379040e+01 8.207907e-02
8.413461e-01 2.391810e+01 8.012247e-02
8.653846e-01 2.404000e+01 7.829000e-02
9.134615e-01 2.427345e+01 7.483814e-02
9.615385e-01 2.449000e+01 7.171000e-02
1.009615e+00 2.469418e+01 6.883004e-02
1.057692e+00 2.488000e+01 6.622000e-02
1.105769e+00 2.504801e+01 6.378772e-02
1.153846e+00 2.520000e+01 6.156000e-02
1.201923e+00 2.534586e+01 5.947797e-02
1.250000e+00 2.548000e+01 5.756000e-02
1.346154e+00 2.571000e+01 5.408000e-02
1.442308e+00 2.590114e+01 5.099352e-02
1.538462e+00 2.605000e+01 4.831000e-02
1.730769e+00 2.626000e+01 4.371000e-02
1.923077e+00 2.636000e+01 3.997000e-02
2.115385e+00 2.639000e+01 3.685000e-02
2.307692e+00 2.617000e+01 3.421000e-02
2.403846e+00 2.601150e+01 3.302475e-02
2.500000e+00 2.585000e+01 3.194000e-02
2.692308e+00 2.561000e+01 2.997000e-02
2.788462e+00 2.547450e+01 2.907125e-02
2.884615e+00 2.533000e+01 2.824000e-02
2.980769e+00 2.518181e+01 2.745452e-02
3.076923e+00 2.503000e+01 2.672000e-02
3.173077e+00 2.487634e+01 2.601930e-02
3.269231e+00 2.472000e+01 2.536000e-02
3.365385e+00 2.456103e+01 2.473185e-02
3.461538e+00 2.440000e+01 2.414000e-02
3.653846e+00 2.407652e+01 2.303020e-02
3.750000e+00 2.391374e+01 2.251496e-02
3.846154e+00 2.375000e+01 2.203000e-02
4.086538e+00 2.333587e+01 2.089833e-02
4.206731e+00 2.312779e+01 2.037734e-02
4.326923e+00 2.292000e+01 1.989000e-02
4.567308e+00 2.250611e+01 1.897508e-02
4.687500e+00 2.230163e+01 1.855008e-02
4.807692e+00 2.210000e+01 1.815000e-02
5.048077e+00 2.170418e+01 1.739621e-02
5.168270e+00 2.151045e+01 1.704387e-02
5.288462e+00 2.132000e+01 1.671000e-02
5.528847e+00 2.094477e+01 1.607494e-02
5.649039e+00 2.076081e+01 1.577545e-02
5.769231e+00 2.058000e+01 1.549000e-02
6.009616e+00 2.022522e+01 1.494477e-02
6.129808e+00 2.005133e+01 1.468665e-02
6.250000e+00 1.988000e+01 1.444000e-02
6.490384e+00 1.953996e+01 1.396792e-02
6.610577e+00 1.937318e+01 1.374408e-02
6.730769e+00 1.921000e+01 1.353000e-02
6.971153e+00 1.889341e+01 1.312109e-02
7.091346e+00 1.873997e+01 1.292675e-02
7.211538e+00 1.859000e+01 1.274000e-02
7.451923e+00 1.829533e+01 1.237928e-02
7.572115e+00 1.815127e+01 1.220651e-02
7.692308e+00 1.801000e+01 1.204000e-02
8.173077e+00 1.746252e+01 1.141608e-02
8.413462e+00 1.720109e+01 1.112893e-02
8.533654e+00 1.707411e+01 1.099210e-02
8.653846e+00 1.695000e+01 1.086000e-02
9.134615e+00 1.647030e+01 1.035433e-02
9.375000e+00 1.624102e+01 1.011744e-02
9.495193e+00 1.612941e+01 1.000386e-02
9.615385e+00 1.602000e+01 9.894000e-03
1.009615e+01 1.559277e+01 9.476719e-03
1.033654e+01 1.538755e+01 9.281683e-03
1.045673e+01 1.528767e+01 9.187972e-03
1.057692e+01 1.519000e+01 9.097000e-03
1.105769e+01 1.481308e+01 8.747113e-03
1.129808e+01 1.463323e+01 8.581657e-03
1.141827e+01 1.454573e+01 8.501759e-03
1.153846e+01 1.446000e+01 8.424000e-03
1.201923e+01 1.412586e+01 8.124950e-03
1.225962e+01 1.396517e+01 7.983307e-03
1.237981e+01 1.388682e+01 7.914793e-03
1.250000e+01 1.381000e+01 7.848000e-03
1.298077e+01 1.351201e+01 7.590248e-03
1.322115e+01 1.336877e+01 7.467593e-03
1.334135e+01 1.329878e+01 7.408103e-03
1.346154e+01 1.323000e+01 7.350000e-03
1.442308e+01 1.270185e+01 6.913935e-03
1.490385e+01 1.245413e+01 6.714811e-03
1.514423e+01 1.233519e+01 6.620516e-03
1.538462e+01 1.222000e+01 6.530000e-03
1.634615e+01 1.178092e+01 6.187729e-03
1.682692e+01 1.157510e+01 6.029328e-03
1.706731e+01 1.147612e+01 5.953807e-03
1.730769e+01 1.138000e+01 5.881000e-03
1.826923e+01 1.101144e+01 5.604787e-03
1.875000e+01 1.083697e+01 5.476185e-03
1.899038e+01 1.075249e+01 5.414599e-03
1.923077e+01 1.067000e+01 5.355000e-03
2.019231e+01 1.035005e+01 5.127221e-03
2.067308e+01 1.019708e+01 5.020307e-03
2.091346e+01 1.012272e+01 4.968893e-03
2.115385e+01 1.005000e+01 4.919000e-03
2.211538e+01 9.768685e+00 4.727875e-03
2.259615e+01 9.634024e+00 4.637771e-03
2.283654e+01 9.568394e+00 4.594301e-03
2.307692e+01 9.504000e+00 4.552000e-03
2.403846e+01 9.252826e+00 4.389107e-03
2.451923e+01 9.131608e+00 4.311854e-03
2.475962e+01 9.072308e+00 4.274464e-03
2.500000e+01 9.014000e+00 4.238000e-03
2.596154e+01 8.786372e+00 4.097178e-03
2.644231e+01 8.676220e+00 4.030182e-03
2.668269e+01 8.622213e+00 3.997706e-03
2.692308e+01 8.569000e+00 3.966000e-03
2.788462e+01 8.359866e+00 3.843577e-03
2.836538e+01 8.258450e+00 3.785181e-03
2.860577e+01 8.208797e+00 3.756792e-03
2.884615e+01 8.160000e+00 3.729000e-03
2.980769e+01 7.969498e+00 3.620858e-03
3.028846e+01 7.878020e+00 3.568984e-03
3.052885e+01 7.833516e+00 3.543728e-03
3.076923e+01 7.790000e+00 3.519000e-03
3.173077e+01 7.622549e+00 3.423166e-03
3.221154e+01 7.542500e+00 3.377270e-03
3.245193e+01 7.503429e+00 3.354915e-03
3.269231e+01 7.465000e+00 3.333000e-03
3.365385e+01 7.313917e+00 3.247740e-03
3.413461e+01 7.240487e+00 3.206712e-03
3.461538e+01 7.169000e+00 3.167000e-03
3.653846e+01 6.897298e+00 3.016625e-03
3.750000e+01 6.770261e+00 2.946749e-03
3.798077e+01 6.709228e+00 2.913322e-03
3.846154e+01 6.650000e+00 2.881000e-03
4.086539e+01 6.368277e+00 2.728449e-03
4.206731e+01 6.236904e+00 2.657985e-03
4.266827e+01 6.173948e+00 2.624396e-03
4.326923e+01 6.113000e+00 2.592000e-03
4.567307e+01 5.880051e+00 2.468699e-03
4.687500e+01 5.770678e+00 2.411185e-03
4.747596e+01 5.718067e+00 2.383640e-03
4.807692e+01 5.667000e+00 2.357000e-03
5.048077e+01 5.471202e+00 2.255495e-03
5.168269e+01 5.378866e+00 2.207975e-03
5.228366e+01 5.334326e+00 2.185145e-03
5.288462e+01 5.291000e+00 2.163000e-03
5.528847e+01 5.124379e+00 2.078161e-03
5.649039e+01 5.045439e+00 2.038137e-03
5.709135e+01 5.007245e+00 2.018815e-03
5.769231e+01 4.970000e+00 2.000000e-03
6.009615e+01 4.826611e+00 1.927349e-03
6.129808e+01 4.758144e+00 1.892883e-03
6.189904e+01 4.724773e+00 1.876221e-03
6.250000e+01 4.692000e+00 1.860000e-03
6.490384e+01 4.563286e+00 1.797747e-03
6.610577e+01 4.501092e+00 1.768250e-03
6.670673e+01 4.470739e+00 1.753959e-03
6.730769e+01 4.441000e+00 1.740000e-03
6.971153e+01 4.325880e+00 1.685858e-03
7.091346e+01 4.270891e+00 1.659948e-03
7.151442e+01 4.244159e+00 1.647342e-03
7.211538e+01 4.218000e+00 1.635000e-03
7.451923e+01 4.116553e+00 1.587077e-03
7.572115e+01 4.067926e+00 1.564117e-03
7.632212e+01 4.044230e+00 1.552941e-03
7.692308e+01 4.021000e+00 1.542000e-03
8.173077e+01 3.844510e+00 1.459453e-03
8.413461e+01 3.762713e+00 1.421474e-03
8.533654e+01 3.723672e+00 1.403406e-03
8.593750e+01 3.704657e+00 1.394617e-03
8.653846e+01 3.686000e+00 1.386000e-03
9.134616e+01 3.543142e+00 1.320038e-03
9.375000e+01 3.476245e+00 1.289167e-03
9.495193e+01 3.444126e+00 1.274352e-03
9.615385e+01 3.413000e+00 1.260000e-03
1.009615e+02 3.293936e+00 1.205065e-03
1.033654e+02 3.238010e+00 1.179314e-03
1.045673e+02 3.211108e+00 1.166959e-03
1.057692e+02 3.185000e+00 1.155000e-03
1.105769e+02 3.084988e+00 1.109595e-03
1.129808e+02 3.037851e+00 1.088294e-03
1.141827e+02 3.015117e+00 1.078017e-03
1.153846e+02 2.993000e+00 1.068000e-03
1.201923e+02 2.907951e+00 1.029048e-03
1.225961e+02 2.867614e+00 1.010466e-03
1.237981e+02 2.848075e+00 1.001467e-03
1.250000e+02 2.829000e+00 9.927000e-04
1.298077e+02 2.755104e+00 9.591000e-04
1.322115e+02 2.719838e+00 9.432024e-04
1.334135e+02 2.702720e+00 9.355082e-04
1.346154e+02 2.686000e+00 9.280000e-04
1.442308e+02 2.560809e+00 8.715446e-04
1.490385e+02 2.503804e+00 8.457391e-04
1.514424e+02 2.476849e+00 8.335211e-04
1.526443e+02 2.463782e+00 8.275960e-04
1.538462e+02 2.451000e+00 8.218000e-04
1.634615e+02 2.353604e+00 7.776891e-04
1.682692e+02 2.308387e+00 7.572427e-04
1.706731e+02 2.286808e+00 7.474939e-04
1.730769e+02 2.266000e+00 7.381000e-04
1.923077e+02 2.116000e+00 6.705000e-04
