1.250000e-03 7.951000e-01 6.012000e+00
1.375000e-03 8.339000e-01 5.958000e+00
1.437500e-03 8.526975e-01 5.929875e+00
1.468750e-03 8.619161e-01 5.915529e+00
1.484375e-03 8.664758e-01 5.908287e+00
1.500000e-03 8.710000e-01 5.901000e+00
1.562500e-03 8.889179e-01 5.871775e+00
1.593750e-03 8.977575e-01 5.856992e+00
1.625000e-03 9.065000e-01 5.842000e+00
1.687500e-03 9.238150e-01 5.811191e+00
1.718750e-03 9.323581e-01 5.795593e+00
1.750000e-03 9.408000e-01 5.780000e+00
1.812500e-03 9.574459e-01 5.749453e+00
1.843750e-03 9.656592e-01 5.734270e+00
1.875000e-03 9.738000e-01 5.719000e+00
1.937500e-03 9.892704e-01 5.687677e+00
1.968750e-03 9.972992e-01 5.671834e+00
2.000000e-03 1.006000e+00 5.656000e+00
2.062500e-03 1.026913e+00 5.624770e+00
2.093750e-03 1.038061e+00 5.609334e+00
2.109375e-03 1.043604e+00 5.601656e+00
2.125000e-03 1.049000e+00 5.594000e+00
2.187500e-03 1.068300e+00 5.563444e+00
2.218750e-03 1.076924e+00 5.548207e+00
2.250000e-03 1.085000e+00 5.533000e+00
2.375000e-03 1.115992e+00 5.472190e+00
2.437500e-03 1.130753e+00 5.441969e+00
2.468750e-03 1.137942e+00 5.426944e+00
2.500000e-03 1.145000e+00 5.412000e+00
2.656250e-03 1.179363e+00 5.338158e+00
2.734375e-03 1.195926e+00 5.301836e+00
2.773437e-03 1.204029e+00 5.283852e+00
2.812500e-03 1.212000e+00 5.266000e+00
2.968750e-03 1.242947e+00 5.195194e+00
3.046875e-03 1.258049e+00 5.160334e+00
3.085938e-03 1.265536e+00 5.143090e+00
3.125000e-03 1.273000e+00 5.126000e+00
3.281250e-03 1.303076e+00 5.058567e+00
3.359375e-03 1.318096e+00 5.025506e+00
3.398438e-03 1.325570e+00 5.009176e+00
3.437500e-03 1.333000e+00 4.993000e+00
3.593750e-03 1.362262e+00 4.929170e+00
3.671875e-03 1.376685e+00 4.897843e+00
3.710937e-03 1.383854e+00 4.882355e+00
3.750000e-03 1.391000e+00 4.867000e+00
3.906250e-03 1.419582e+00 4.806190e+00
3.984375e-03 1.433825e+00 4.776331e+00
4.062500e-03 1.448000e+00 4.747000e+00
4.218750e-03 1.476150e+00 4.689584e+00
4.296875e-03 1.490117e+00 4.661541e+00
4.375000e-03 1.504000e+00 4.634000e+00
4.531250e-03 1.531629e+00 4.579792e+00
4.609375e-03 1.545354e+00 4.553193e+00
4.687500e-03 1.559000e+00 4.527000e+00
4.843750e-03 1.586139e+00 4.475327e+00
4.921875e-03 1.599611e+00 4.449959e+00
5.000000e-03 1.613000e+00 4.425000e+00
5.312500e-03 1.666149e+00 4.327945e+00
5.468750e-03 1.692295e+00 4.281241e+00
5.546875e-03 1.705213e+00 4.258422e+00
5.625000e-03 1.718000e+00 4.236000e+00
5.937500e-03 1.768315e+00 4.148443e+00
6.093750e-03 1.792897e+00 4.106120e+00
6.171875e-03 1.805015e+00 4.085395e+00
6.250000e-03 1.817000e+00 4.065000e+00
6.562500e-03 1.864198e+00 3.985173e+00
6.718750e-03 1.887301e+00 3.946536e+00
6.796875e-03 1.898706e+00 3.927614e+00
6.875000e-03 1.910000e+00 3.909000e+00
7.187500e-03 1.954683e+00 3.836384e+00
7.343750e-03 1.976566e+00 3.801238e+00
7.421875e-03 1.987349e+00 3.783998e+00
7.500000e-03 1.998000e+00 3.767000e+00
7.812500e-03 2.039803e+00 3.700155e+00
7.968750e-03 2.060140e+00 3.667655e+00
8.125000e-03 2.080000e+00 3.636000e+00
8.437500e-03 2.118682e+00 3.574611e+00
8.593750e-03 2.137519e+00 3.544925e+00
8.750000e-03 2.156000e+00 3.516000e+00
9.375000e-03 2.228225e+00 3.404495e+00
9.687500e-03 2.263127e+00 3.351581e+00
9.843750e-03 2.280207e+00 3.325971e+00
1.000000e-02 2.297000e+00 3.301000e+00
1.062500e-02 2.362361e+00 3.204716e+00
1.093750e-02 2.394032e+00 3.158921e+00
1.109375e-02 2.409604e+00 3.136707e+00
1.125000e-02 2.425000e+00 3.115000e+00
1.187500e-02 2.485621e+00 3.030888e+00
1.218750e-02 2.515455e+00 2.990682e+00
1.234375e-02 2.530261e+00 2.971131e+00
1.250000e-02 2.545000e+00 2.952000e+00
1.312500e-02 2.603804e+00 2.877790e+00
1.343750e-02 2.633010e+00 2.842251e+00
1.359375e-02 2.647538e+00 2.824949e+00
1.375000e-02 2.662000e+00 2.808000e+00
1.437500e-02 2.719121e+00 2.742229e+00
1.468750e-02 2.747526e+00 2.710619e+00
1.484375e-02 2.761742e+00 2.695177e+00
1.500000e-02 2.776000e+00 2.680000e+00
1.562500e-02 2.833670e+00 2.620535e+00
1.593750e-02 2.862773e+00 2.591807e+00
1.609375e-02 2.877375e+00 2.577772e+00
1.625000e-02 2.892000e+00 2.564000e+00
1.687500e-02 2.950383e+00 2.510605e+00
1.718750e-02 2.979629e+00 2.484923e+00
1.750000e-02 3.009000e+00 2.460000e+00
1.812500e-02 3.068060e+00 2.411414e+00
1.843750e-02 3.097882e+00 2.387887e+00
1.875000e-02 3.128000e+00 2.365000e+00
1.937500e-02 3.189059e+00 2.320431e+00
1.968750e-02 3.219930e+00 2.298898e+00
2.000000e-02 3.251000e+00 2.278000e+00
2.062500e-02 3.313160e+00 2.237613e+00
2.093750e-02 3.344443e+00 2.218083e+00
2.125000e-02 3.376000e+00 2.199000e+00
2.187500e-02 3.439968e+00 2.161346e+00
2.218750e-02 3.472349e+00 2.142956e+00
2.250000e-02 3.505000e+00 2.125000e+00
2.375000e-02 3.636632e+00 2.056705e+00
2.437500e-02 3.703370e+00 2.024607e+00
2.468750e-02 3.737055e+00 2.009110e+00
2.500000e-02 3.771000e+00 1.994000e+00
2.656250e-02 3.943257e+00 1.921187e+00
2.734375e-02 4.031006e+00 1.886759e+00
2.773437e-02 4.075337e+00 1.870148e+00
2.792969e-02 4.097626e+00 1.862012e+00
2.812500e-02 4.120000e+00 1.854000e+00
2.968750e-02 4.300311e+00 1.792164e+00
3.046875e-02 4.391620e+00 1.762900e+00
3.085938e-02 4.437656e+00 1.748762e+00
3.105469e-02 4.460786e+00 1.741832e+00
3.125000e-02 4.484000e+00 1.735000e+00
3.281250e-02 4.671394e+00 1.682229e+00
3.359375e-02 4.766245e+00 1.657119e+00
3.398438e-02 4.814001e+00 1.644927e+00
3.437500e-02 4.862000e+00 1.633000e+00
3.593750e-02 5.055210e+00 1.586594e+00
3.671875e-02 5.152713e+00 1.564367e+00
3.710938e-02 5.201747e+00 1.553563e+00
3.750000e-02 5.251000e+00 1.543000e+00
3.906250e-02 5.449391e+00 1.502258e+00
3.984375e-02 5.549398e+00 1.482791e+00
4.023438e-02 5.599621e+00 1.473307e+00
4.062500e-02 5.650000e+00 1.464000e+00
4.218750e-02 5.852231e+00 1.427545e+00
4.296875e-02 5.953881e+00 1.409968e+00
4.335937e-02 6.004874e+00 1.401396e+00
4.375000e-02 6.056000e+00 1.393000e+00
4.531250e-02 6.261286e+00 1.360562e+00
4.609375e-02 6.364439e+00 1.345027e+00
4.648438e-02 6.416164e+00 1.337447e+00
4.687500e-02 6.468000e+00 1.330000e+00
4.843750e-02 6.676021e+00 1.300813e+00
4.921875e-02 6.780391e+00 1.286692e+00
4.960938e-02 6.832666e+00 1.279785e+00
5.000000e-02 6.885000e+00 1.273000e+00
5.312500e-02 7.304727e+00 1.221573e+00
5.468750e-02 7.515177e+00 1.197643e+00
5.546875e-02 7.620544e+00 1.186155e+00
5.585938e-02 7.673261e+00 1.180535e+00
5.625000e-02 7.726000e+00 1.175000e+00
5.937500e-02 8.148548e+00 1.131990e+00
6.093750e-02 8.359877e+00 1.111529e+00
6.171875e-02 8.465482e+00 1.101633e+00
6.210938e-02 8.518255e+00 1.096781e+00
6.250000e-02 8.571000e+00 1.092000e+00
6.562500e-02 8.992670e+00 1.055120e+00
6.718750e-02 9.202786e+00 1.037660e+00
6.796875e-02 9.307535e+00 1.029221e+00
6.835938e-02 9.359808e+00 1.025082e+00
6.875000e-02 9.412000e+00 1.021000e+00
7.187500e-02 9.827510e+00 9.893916e-01
7.343750e-02 1.003412e+01 9.743391e-01
7.421875e-02 1.013715e+01 9.670358e-01
7.460938e-02 1.018860e+01 9.634457e-01
7.500000e-02 1.024000e+01 9.599000e-01
7.812500e-02 1.065149e+01 9.323108e-01
7.968750e-02 1.085641e+01 9.191056e-01
8.046875e-02 1.095842e+01 9.126834e-01
8.125000e-02 1.106000e+01 9.064000e-01
8.437500e-02 1.146302e+01 8.820624e-01
8.593750e-02 1.166238e+01 8.704181e-01
8.671875e-02 1.176143e+01 8.647507e-01
8.750000e-02 1.186000e+01 8.592000e-01
9.375000e-02 1.264064e+01 8.171915e-01
9.687500e-02 1.302374e+01 7.977842e-01
9.843750e-02 1.321286e+01 7.885297e-01
9.921875e-02 1.330670e+01 7.840228e-01
1.000000e-01 1.340000e+01 7.796000e-01
1.062500e-01 1.413705e+01 7.456460e-01
1.093750e-01 1.449734e+01 7.297299e-01
1.109375e-01 1.467477e+01 7.220927e-01
1.117188e-01 1.476269e+01 7.183638e-01
1.125000e-01 1.485000e+01 7.147000e-01
1.187500e-01 1.553656e+01 6.866156e-01
1.218750e-01 1.587155e+01 6.734221e-01
1.234375e-01 1.603666e+01 6.670706e-01
1.242188e-01 1.611856e+01 6.639616e-01
1.250000e-01 1.620000e+01 6.609000e-01
1.312500e-01 1.684558e+01 6.372322e-01
1.343750e-01 1.716144e+01 6.260105e-01
1.359375e-01 1.731682e+01 6.205848e-01
1.375000e-01 1.747000e+01 6.153000e-01
1.437500e-01 1.806749e+01 5.949624e-01
1.468750e-01 1.835713e+01 5.853199e-01
1.484375e-01 1.849945e+01 5.806526e-01
1.500000e-01 1.864000e+01 5.761000e-01
1.562500e-01 1.919394e+01 5.585135e-01
1.593750e-01 1.946470e+01 5.501371e-01
1.609375e-01 1.959812e+01 5.460722e-01
1.625000e-01 1.973000e+01 5.421000e-01
1.687500e-01 2.024961e+01 5.267226e-01
1.718750e-01 2.050286e+01 5.193737e-01
1.734375e-01 2.062731e+01 5.157994e-01
1.750000e-01 2.075000e+01 5.123000e-01
1.812500e-01 2.122936e+01 4.987117e-01
1.843750e-01 2.146221e+01 4.921930e-01
1.859375e-01 2.157677e+01 4.890157e-01
1.875000e-01 2.169000e+01 4.859000e-01
1.937500e-01 2.213715e+01 4.737730e-01
1.968750e-01 2.235586e+01 4.679405e-01
2.000000e-01 2.257000e+01 4.623000e-01
2.062500e-01 2.298832e+01 4.514048e-01
2.093750e-01 2.319158e+01 4.461698e-01
2.125000e-01 2.339000e+01 4.411000e-01
2.187500e-01 2.377712e+01 4.312530e-01
2.218750e-01 2.396553e+01 4.265041e-01
2.250000e-01 2.415000e+01 4.219000e-01
2.375000e-01 2.486628e+01 4.044449e-01
2.437500e-01 2.520942e+01 3.963014e-01
2.468750e-01 2.537645e+01 3.923922e-01
2.500000e-01 2.554000e+01 3.886000e-01
2.656250e-01 2.632762e+01 3.705400e-01
2.734375e-01 2.670161e+01 3.621227e-01
2.773438e-01 2.688290e+01 3.580941e-01
2.812500e-01 2.706000e+01 3.542000e-01
2.968750e-01 2.774658e+01 3.393852e-01
3.046875e-01 2.807467e+01 3.324567e-01
3.085938e-01 2.823410e+01 3.291286e-01
3.125000e-01 2.839000e+01 3.259000e-01
3.281250e-01 2.899348e+01 3.135096e-01
3.359375e-01 2.928203e+01 3.076632e-01
3.437500e-01 2.956000e+01 3.021000e-01
3.593750e-01 3.009461e+01 2.915309e-01
3.671875e-01 3.035117e+01 2.865491e-01
3.750000e-01 3.060000e+01 2.818000e-01
3.906250e-01 3.108629e+01 2.727317e-01
3.984375e-01 3.132163e+01 2.684282e-01
4.062500e-01 3.155000e+01 2.643000e-01
4.218750e-01 3.199106e+01 2.563422e-01
4.296875e-01 3.220350e+01 2.525452e-01
4.375000e-01 3.241000e+01 2.489000e-01
4.531250e-01 3.281325e+01 2.419212e-01
4.609375e-01 3.300903e+01 2.385978e-01
4.687500e-01 3.320000e+01 2.354000e-01
4.843750e-01 3.357255e+01 2.292217e-01
4.921875e-01 3.375345e+01 2.262592e-01
5.000000e-01 3.393000e+01 2.234000e-01
5.312500e-01 3.460878e+01 2.126354e-01
5.468750e-01 3.493102e+01 2.076628e-01
5.625000e-01 3.524000e+01 2.030000e-01
5.937500e-01 3.583387e+01 1.942374e-01
6.093750e-01 3.611727e+01 1.901556e-01
6.250000e-01 3.639000e+01 1.863000e-01
6.562500e-01 3.691637e+01 1.789972e-01
6.718750e-01 3.716799e+01 1.755651e-01
6.875000e-01 3.741000e+01 1.723000e-01
7.187500e-01 3.787476e+01 1.660549e-01
7.343750e-01 3.809651e+01 1.631055e-01
7.500000e-01 3.831000e+01 1.603000e-01
7.812500e-01 3.872237e+01 1.549973e-01
7.968750e-01 3.891980e+01 1.524961e-01
8.125000e-01 3.911000e+01 1.501000e-01
8.437500e-01 3.947602e+01 1.454574e-01
8.750000e-01 3.982000e+01 1.411000e-01
9.375000e-01 4.046199e+01 1.331838e-01
9.687500e-01 4.075657e+01 1.296096e-01
1.000000e+00 4.103000e+01 1.263000e-01
1.062500e+00 4.153609e+01 1.200889e-01
1.093750e+00 4.176673e+01 1.172076e-01
1.125000e+00 4.198000e+01 1.145000e-01
1.187500e+00 4.237539e+01 1.094074e-01
1.250000e+00 4.272000e+01 1.048000e-01
1.312500e+00 4.302276e+01 1.005594e-01
1.375000e+00 4.328000e+01 9.672000e-02
1.500000e+00 4.370000e+01 8.988000e-02
1.625000e+00 4.398000e+01 8.400000e-02
1.750000e+00 4.416000e+01 7.889000e-02
1.875000e+00 4.425000e+01 7.440000e-02
2.000000e+00 4.426000e+01 7.043000e-02
2.125000e+00 4.444000e+01 6.688000e-02
2.250000e+00 4.438000e+01 6.370000e-02
2.375000e+00 4.418162e+01 6.080257e-02
2.500000e+00 4.392000e+01 5.821000e-02
2.656250e+00 4.366551e+01 5.524786e-02
2.812500e+00 4.343000e+01 5.262000e-02
2.968750e+00 4.314205e+01 5.022101e-02
3.125000e+00 4.281000e+01 4.807000e-02
3.281250e+00 4.245913e+01 4.608309e-02
3.437500e+00 4.209000e+01 4.428000e-02
3.593750e+00 4.170893e+01 4.260312e-02
3.750000e+00 4.132000e+01 4.107000e-02
3.906250e+00 4.093090e+01 3.963743e-02
4.062500e+00 4.054000e+01 3.832000e-02
4.218750e+00 4.014516e+01 3.708416e-02
4.375000e+00 3.975000e+01 3.594000e-02
4.531250e+00 3.935758e+01 3.485767e-02
4.687500e+00 3.897000e+01 3.385000e-02
4.843750e+00 3.858678e+01 3.289831e-02
5.000000e+00 3.821000e+01 3.201000e-02
5.312500e+00 3.747161e+01 3.035960e-02
5.468750e+00 3.711183e+01 2.960030e-02
5.625000e+00 3.676000e+01 2.889000e-02
5.937500e+00 3.607158e+01 2.755548e-02
6.093750e+00 3.573682e+01 2.693486e-02
6.250000e+00 3.541000e+01 2.635000e-02
6.562500e+00 3.477159e+01 2.524507e-02
6.718750e+00 3.446182e+01 2.472852e-02
6.875000e+00 3.416000e+01 2.424000e-02
7.187500e+00 3.357284e+01 2.331699e-02
7.343750e+00 3.328808e+01 2.288329e-02
7.500000e+00 3.301000e+01 2.247000e-02
7.812500e+00 3.246471e+01 2.167648e-02
7.968750e+00 3.219923e+01 2.129985e-02
8.125000e+00 3.194000e+01 2.094000e-02
8.437500e+00 3.143510e+01 2.025457e-02
8.593750e+00 3.118983e+01 1.993023e-02
8.750000e+00 3.095000e+01 1.962000e-02
9.375000e+00 3.002102e+01 1.846479e-02
9.687500e+00 2.957706e+01 1.793837e-02
9.843750e+00 2.936122e+01 1.768921e-02
1.000000e+01 2.915000e+01 1.745000e-02
1.062500e+01 2.833160e+01 1.654401e-02
1.093750e+01 2.793922e+01 1.612393e-02
1.109375e+01 2.774784e+01 1.592344e-02
1.125000e+01 2.756000e+01 1.573000e-02
1.187500e+01 2.682715e+01 1.499520e-02
1.218750e+01 2.647336e+01 1.465276e-02
1.234375e+01 2.630025e+01 1.448873e-02
1.250000e+01 2.613000e+01 1.433000e-02
1.312500e+01 2.546542e+01 1.372342e-02
1.343750e+01 2.514360e+01 1.343903e-02
1.359375e+01 2.498570e+01 1.330242e-02
1.375000e+01 2.483000e+01 1.317000e-02
1.437500e+01 2.421773e+01 1.266482e-02
1.468750e+01 2.392002e+01 1.242693e-02
1.484375e+01 2.377391e+01 1.231203e-02
1.500000e+01 2.363000e+01 1.220000e-02
1.562500e+01 2.306751e+01 1.176507e-02
1.593750e+01 2.279513e+01 1.155789e-02
1.609375e+01 2.266157e+01 1.145763e-02
1.625000e+01 2.253000e+01 1.136000e-02
1.687500e+01 2.201374e+01 1.098673e-02
1.718750e+01 2.176338e+01 1.080989e-02
1.734375e+01 2.164070e+01 1.072406e-02
1.750000e+01 2.152000e+01 1.064000e-02
1.812500e+01 2.104948e+01 1.031033e-02
1.843750e+01 2.082183e+01 1.015194e-02
1.859375e+01 2.071014e+01 1.007501e-02
1.875000e+01 2.060000e+01 1.000000e-02
1.937500e+01 2.016652e+01 9.713594e-03
1.968750e+01 1.995558e+01 9.577797e-03
1.984375e+01 1.985202e+01 9.511777e-03
2.000000e+01 1.975000e+01 9.447000e-03
2.062500e+01 1.934964e+01 9.192411e-03
2.093750e+01 1.915644e+01 9.069215e-03
2.125000e+01 1.897000e+01 8.950000e-03
2.187500e+01 1.861352e+01 8.721088e-03
2.218750e+01 1.844366e+01 8.611646e-03
2.250000e+01 1.828000e+01 8.506000e-03
2.375000e+01 1.765476e+01 8.105254e-03
2.437500e+01 1.736623e+01 7.918708e-03
2.468750e+01 1.722990e+01 7.829398e-03
2.500000e+01 1.710000e+01 7.743000e-03
2.656250e+01 1.651985e+01 7.334955e-03
2.734375e+01 1.626464e+01 7.146448e-03
2.773438e+01 1.614497e+01 7.056612e-03
2.812500e+01 1.603000e+01 6.970000e-03
2.968750e+01 1.559687e+01 6.640905e-03
3.046875e+01 1.538528e+01 6.487531e-03
3.085938e+01 1.527860e+01 6.414074e-03
3.125000e+01 1.517000e+01 6.343000e-03
3.281250e+01 1.469939e+01 6.071721e-03
3.359375e+01 1.445726e+01 5.944511e-03
3.398438e+01 1.433735e+01 5.883351e-03
3.437500e+01 1.422000e+01 5.824000e-03
3.593750e+01 1.378325e+01 5.596492e-03
3.671875e+01 1.358146e+01 5.489177e-03
3.710938e+01 1.348450e+01 5.437394e-03
3.750000e+01 1.339000e+01 5.387000e-03
3.906250e+01 1.302025e+01 5.192913e-03
3.984375e+01 1.284205e+01 5.100900e-03
4.023438e+01 1.275515e+01 5.056388e-03
4.062500e+01 1.267000e+01 5.013000e-03
4.218750e+01 1.234011e+01 4.845708e-03
4.296875e+01 1.218221e+01 4.766190e-03
4.335938e+01 1.210533e+01 4.727643e-03
4.375000e+01 1.203000e+01 4.690000e-03
4.531250e+01 1.173689e+01 4.544316e-03
4.609375e+01 1.159605e+01 4.474792e-03
4.648438e+01 1.152737e+01 4.441021e-03
4.687500e+01 1.146000e+01 4.408000e-03
4.843750e+01 1.119804e+01 4.280131e-03
4.921875e+01 1.107200e+01 4.218952e-03
4.960938e+01 1.101045e+01 4.189172e-03
5.000000e+01 1.095000e+01 4.160000e-03
5.312500e+01 1.048798e+01 3.938837e-03
5.468750e+01 1.027259e+01 3.836631e-03
5.546875e+01 1.016954e+01 3.787933e-03
5.625000e+01 1.007000e+01 3.741000e-03
5.937500e+01 9.692404e+00 3.562974e-03
6.093750e+01 9.516036e+00 3.480096e-03
6.171875e+01 9.431291e+00 3.440408e-03
6.250000e+01 9.349000e+00 3.402000e-03
6.562500e+01 9.031989e+00 3.255170e-03
6.718750e+01 8.881947e+00 3.186262e-03
6.796875e+01 8.809493e+00 3.153135e-03
6.875000e+01 8.739000e+00 3.121000e-03
7.187500e+01 8.468301e+00 2.997985e-03
7.343750e+01 8.340250e+00 2.940064e-03
7.421875e+01 8.278342e+00 2.912146e-03
7.500000e+01 8.218000e+00 2.885000e-03
7.812500e+01 7.985116e+00 2.780644e-03
7.968750e+01 7.874288e+00 2.731222e-03
8.046875e+01 7.820527e+00 2.707313e-03
8.125000e+01 7.768000e+00 2.684000e-03
8.437500e+01 7.564743e+00 2.593962e-03
8.593750e+01 7.467575e+00 2.551096e-03
8.671875e+01 7.420297e+00 2.530304e-03
8.750000e+01 7.374000e+00 2.510000e-03
9.375000e+01 7.023568e+00 2.357795e-03
9.687500e+01 6.861672e+00 2.288380e-03
9.843750e+01 6.784478e+00 2.255527e-03
9.921875e+01 6.746886e+00 2.239592e-03
1.000000e+02 6.710000e+00 2.224000e-03
1.062500e+02 6.426498e+00 2.105003e-03
1.093750e+02 6.293819e+00 2.049741e-03
1.109375e+02 6.230309e+00 2.023386e-03
1.125000e+02 6.169000e+00 1.998000e-03
1.250000e+02 5.728000e+00 1.816000e-03
