2.500000e-03 1.353000e+00 2.259000e+00
2.750000e-03 1.412000e+00 2.187000e+00
2.875000e-03 1.442000e+00 2.152825e+00
2.937500e-03 1.457024e+00 2.136238e+00
2.968750e-03 1.464523e+00 2.128074e+00
3.000000e-03 1.472000e+00 2.120000e+00
3.125000e-03 1.501849e+00 2.087983e+00
3.187500e-03 1.516562e+00 2.072310e+00
3.250000e-03 1.531000e+00 2.057000e+00
3.375000e-03 1.559156e+00 2.027408e+00
3.437500e-03 1.572775e+00 2.013063e+00
3.500000e-03 1.586000e+00 1.999000e+00
3.625000e-03 1.611675e+00 1.971094e+00
3.687500e-03 1.624037e+00 1.957403e+00
3.750000e-03 1.636000e+00 1.944000e+00
3.875000e-03 1.659107e+00 1.917986e+00
3.937500e-03 1.670220e+00 1.905361e+00
4.000000e-03 1.681000e+00 1.893000e+00
4.125000e-03 1.702077e+00 1.868694e+00
4.187500e-03 1.712227e+00 1.856763e+00
4.250000e-03 1.722000e+00 1.845000e+00
4.375000e-03 1.740635e+00 1.821678e+00
4.500000e-03 1.758000e+00 1.799000e+00
4.750000e-03 1.790209e+00 1.755997e+00
4.875000e-03 1.805056e+00 1.735615e+00
5.000000e-03 1.819000e+00 1.716000e+00
5.312500e-03 1.851682e+00 1.668595e+00
5.468750e-03 1.866802e+00 1.645893e+00
5.625000e-03 1.881000e+00 1.624000e+00
5.937500e-03 1.907724e+00 1.581679e+00
6.093750e-03 1.920197e+00 1.561444e+00
6.250000e-03 1.932000e+00 1.542000e+00
6.562500e-03 1.954276e+00 1.504841e+00
6.718750e-03 1.964825e+00 1.487117e+00
6.875000e-03 1.975000e+00 1.470000e+00
7.187500e-03 1.994838e+00 1.436629e+00
7.500000e-03 2.014000e+00 1.405000e+00
7.812500e-03 2.032772e+00 1.375121e+00
8.125000e-03 2.051000e+00 1.347000e+00
8.437500e-03 2.068581e+00 1.319827e+00
8.750000e-03 2.086000e+00 1.294000e+00
9.062500e-03 2.103881e+00 1.269353e+00
9.375000e-03 2.122000e+00 1.246000e+00
9.687500e-03 2.139982e+00 1.223503e+00
1.000000e-02 2.158000e+00 1.202000e+00
1.062500e-02 2.194509e+00 1.160874e+00
1.093750e-02 2.213101e+00 1.141458e+00
1.125000e-02 2.232000e+00 1.123000e+00
1.187500e-02 2.270387e+00 1.088115e+00
1.218750e-02 2.290001e+00 1.071691e+00
1.250000e-02 2.310000e+00 1.056000e+00
1.312500e-02 2.350812e+00 1.025786e+00
1.343750e-02 2.371705e+00 1.011364e+00
1.375000e-02 2.393000e+00 9.975000e-01
1.437500e-02 2.436397e+00 9.708493e-01
1.468750e-02 2.458532e+00 9.581333e-01
1.500000e-02 2.481000e+00 9.459000e-01
1.562500e-02 2.526484e+00 9.223521e-01
1.593750e-02 2.549585e+00 9.110815e-01
1.625000e-02 2.573000e+00 9.002000e-01
1.687500e-02 2.620465e+00 8.791247e-01
1.718750e-02 2.644576e+00 8.689943e-01
1.750000e-02 2.669000e+00 8.592000e-01
1.875000e-02 2.768844e+00 8.222561e-01
1.937500e-02 2.819988e+00 8.051266e-01
1.968750e-02 2.845883e+00 7.969317e-01
2.000000e-02 2.872000e+00 7.890000e-01
2.125000e-02 2.977576e+00 7.585979e-01
2.187500e-02 3.031036e+00 7.442859e-01
2.218750e-02 3.057952e+00 7.373938e-01
2.250000e-02 3.085000e+00 7.307000e-01
2.375000e-02 3.193957e+00 7.050422e-01
2.437500e-02 3.248843e+00 6.929349e-01
2.468750e-02 3.276388e+00 6.870902e-01
2.500000e-02 3.304000e+00 6.814000e-01
2.625000e-02 3.414786e+00 6.594688e-01
2.687500e-02 3.470344e+00 6.490583e-01
2.718750e-02 3.498161e+00 6.440174e-01
2.750000e-02 3.526000e+00 6.391000e-01
2.875000e-02 3.637518e+00 6.201152e-01
2.937500e-02 3.693286e+00 6.110751e-01
2.968750e-02 3.721154e+00 6.066879e-01
3.000000e-02 3.749000e+00 6.024000e-01
3.125000e-02 3.860167e+00 5.857933e-01
3.187500e-02 3.915627e+00 5.778508e-01
3.218750e-02 3.943325e+00 5.739857e-01
3.250000e-02 3.971000e+00 5.702000e-01
3.375000e-02 4.081674e+00 5.554813e-01
3.437500e-02 4.136906e+00 5.484171e-01
3.468750e-02 4.164475e+00 5.449744e-01
3.500000e-02 4.192000e+00 5.416000e-01
3.625000e-02 4.301903e+00 5.284933e-01
3.687500e-02 4.356596e+00 5.221948e-01
3.718750e-02 4.383842e+00 5.191198e-01
3.750000e-02 4.411000e+00 5.161000e-01
3.875000e-02 4.518936e+00 5.043023e-01
3.937500e-02 4.572567e+00 4.986109e-01
3.968750e-02 4.599306e+00 4.958302e-01
4.000000e-02 4.626000e+00 4.931000e-01
4.125000e-02 4.732812e+00 4.824840e-01
4.187500e-02 4.786040e+00 4.773676e-01
4.218750e-02 4.812563e+00 4.748639e-01
4.250000e-02 4.839000e+00 4.724000e-01
4.375000e-02 4.944024e+00 4.627401e-01
4.437500e-02 4.996145e+00 4.580559e-01
4.468750e-02 5.022106e+00 4.557598e-01
4.500000e-02 5.048000e+00 4.535000e-01
4.750000e-02 5.254310e+00 4.362144e-01
4.875000e-02 5.356594e+00 4.281023e-01
4.937500e-02 5.407427e+00 4.241965e-01
5.000000e-02 5.458000e+00 4.204000e-01
5.312500e-02 5.708327e+00 4.022743e-01
5.468750e-02 5.831820e+00 3.937986e-01
5.546875e-02 5.893087e+00 3.897343e-01
5.585938e-02 5.923590e+00 3.877500e-01
5.625000e-02 5.954000e+00 3.858000e-01
5.937500e-02 6.195773e+00 3.708332e-01
6.093750e-02 6.315431e+00 3.637911e-01
6.171875e-02 6.374869e+00 3.603981e-01
6.250000e-02 6.434000e+00 3.571000e-01
6.562500e-02 6.668694e+00 3.444158e-01
6.718750e-02 6.784834e+00 3.384171e-01
6.796875e-02 6.842549e+00 3.355200e-01
6.875000e-02 6.900000e+00 3.327000e-01
7.187500e-02 7.128433e+00 3.218584e-01
7.343750e-02 7.241649e+00 3.167185e-01
7.421875e-02 7.297946e+00 3.142294e-01
7.500000e-02 7.354000e+00 3.118000e-01
7.812500e-02 7.576792e+00 3.023973e-01
7.968750e-02 7.687263e+00 2.979103e-01
8.046875e-02 7.742231e+00 2.957309e-01
8.125000e-02 7.797000e+00 2.936000e-01
8.437500e-02 8.015111e+00 2.853472e-01
8.593750e-02 8.123403e+00 2.814008e-01
8.671875e-02 8.177300e+00 2.794805e-01
8.750000e-02 8.231000e+00 2.776000e-01
9.062500e-02 8.444674e+00 2.702934e-01
9.218750e-02 8.550691e+00 2.667864e-01
9.296875e-02 8.603445e+00 2.650767e-01
9.375000e-02 8.656000e+00 2.634000e-01
9.687500e-02 8.865116e+00 2.568736e-01
9.843750e-02 8.968892e+00 2.537347e-01
9.921875e-02 9.020540e+00 2.522029e-01
1.000000e-01 9.072000e+00 2.507000e-01
1.062500e-01 9.479880e+00 2.392844e-01
1.093750e-01 9.681068e+00 2.339847e-01
1.109375e-01 9.780842e+00 2.314504e-01
1.117188e-01 9.830503e+00 2.302143e-01
1.125000e-01 9.880000e+00 2.290000e-01
1.187500e-01 1.027404e+01 2.196632e-01
1.218750e-01 1.046846e+01 2.152690e-01
1.234375e-01 1.056467e+01 2.131536e-01
1.250000e-01 1.066000e+01 2.111000e-01
1.312500e-01 1.103494e+01 2.032342e-01
1.343750e-01 1.121877e+01 1.995272e-01
1.359375e-01 1.130972e+01 1.977394e-01
1.375000e-01 1.140000e+01 1.960000e-01
1.437500e-01 1.175848e+01 1.893077e-01
1.468750e-01 1.193537e+01 1.861346e-01
1.484375e-01 1.202302e+01 1.845986e-01
1.500000e-01 1.211000e+01 1.831000e-01
1.562500e-01 1.245458e+01 1.773071e-01
1.593750e-01 1.262379e+01 1.745473e-01
1.609375e-01 1.270733e+01 1.732082e-01
1.625000e-01 1.279000e+01 1.719000e-01
1.687500e-01 1.311508e+01 1.668383e-01
1.718750e-01 1.327399e+01 1.644220e-01
1.734375e-01 1.335239e+01 1.632480e-01
1.750000e-01 1.343000e+01 1.621000e-01
1.875000e-01 1.403657e+01 1.534597e-01
1.937500e-01 1.432836e+01 1.494956e-01
1.968750e-01 1.447061e+01 1.476125e-01
2.000000e-01 1.461000e+01 1.458000e-01
2.125000e-01 1.515178e+01 1.389184e-01
2.187500e-01 1.541098e+01 1.357151e-01
2.218750e-01 1.553692e+01 1.341822e-01
2.250000e-01 1.566000e+01 1.327000e-01
2.375000e-01 1.613553e+01 1.270458e-01
2.437500e-01 1.636223e+01 1.243999e-01
2.468750e-01 1.647233e+01 1.231301e-01
2.500000e-01 1.658000e+01 1.219000e-01
2.625000e-01 1.699750e+01 1.172056e-01
2.687500e-01 1.719738e+01 1.149988e-01
2.718750e-01 1.729468e+01 1.139351e-01
2.750000e-01 1.739000e+01 1.129000e-01
2.875000e-01 1.776184e+01 1.089086e-01
2.937500e-01 1.793972e+01 1.070132e-01
3.000000e-01 1.811000e+01 1.052000e-01
3.125000e-01 1.843264e+01 1.017321e-01
3.187500e-01 1.858472e+01 1.000895e-01
3.250000e-01 1.873000e+01 9.852000e-02
3.375000e-01 1.900889e+01 9.552527e-02
3.437500e-01 1.914193e+01 9.410405e-02
3.500000e-01 1.927000e+01 9.274000e-02
3.625000e-01 1.951841e+01 9.010985e-02
3.687500e-01 1.963688e+01 8.885184e-02
3.750000e-01 1.975000e+01 8.764000e-02
3.875000e-01 1.996281e+01 8.530533e-02
4.000000e-01 2.016000e+01 8.311000e-02
4.125000e-01 2.035158e+01 8.102220e-02
4.250000e-01 2.053000e+01 7.906000e-02
4.375000e-01 2.069259e+01 7.718701e-02
4.500000e-01 2.084000e+01 7.542000e-02
4.750000e-01 2.111255e+01 7.210909e-02
4.875000e-01 2.123626e+01 7.057068e-02
5.000000e-01 2.135000e+01 6.912000e-02
5.312500e-01 2.160707e+01 6.571787e-02
5.625000e-01 2.182000e+01 6.267000e-02
5.937500e-01 2.199833e+01 5.989123e-02
6.250000e-01 2.214000e+01 5.740000e-02
6.875000e-01 2.235000e+01 5.300000e-02
7.500000e-01 2.247000e+01 4.926000e-02
8.125000e-01 2.253000e+01 4.605000e-02
8.750000e-01 2.254000e+01 4.326000e-02
9.375000e-01 2.251000e+01 4.081000e-02
1.000000e+00 2.245000e+01 3.864000e-02
1.125000e+00 2.227000e+01 3.496000e-02
1.187500e+00 2.214825e+01 3.337150e-02
1.250000e+00 2.201000e+01 3.196000e-02
1.312500e+00 2.186843e+01 3.065038e-02
1.375000e+00 2.172000e+01 2.946000e-02
1.437500e+00 2.156305e+01 2.835754e-02
1.500000e+00 2.140000e+01 2.735000e-02
1.562500e+00 2.123608e+01 2.640300e-02
1.625000e+00 2.107000e+01 2.553000e-02
1.687500e+00 2.090086e+01 2.471368e-02
1.750000e+00 2.073000e+01 2.396000e-02
1.875000e+00 2.038144e+01 2.257504e-02
1.937500e+00 2.021157e+01 2.194486e-02
2.000000e+00 2.005000e+01 2.136000e-02
2.125000e+00 1.977172e+01 2.026695e-02
2.187500e+00 1.963891e+01 1.976231e-02
2.250000e+00 1.950000e+01 1.929000e-02
2.375000e+00 1.916430e+01 1.840635e-02
2.437500e+00 1.898527e+01 1.799634e-02
2.500000e+00 1.881000e+01 1.761000e-02
2.625000e+00 1.850736e+01 1.687808e-02
2.687500e+00 1.837118e+01 1.653502e-02
2.750000e+00 1.824000e+01 1.621000e-02
2.875000e+00 1.796566e+01 1.559437e-02
2.937500e+00 1.782693e+01 1.530510e-02
3.000000e+00 1.769000e+01 1.503000e-02
3.125000e+00 1.742841e+01 1.450557e-02
3.187500e+00 1.730272e+01 1.425739e-02
3.250000e+00 1.718000e+01 1.402000e-02
3.375000e+00 1.693739e+01 1.356443e-02
3.437500e+00 1.681791e+01 1.334775e-02
3.500000e+00 1.670000e+01 1.314000e-02
3.625000e+00 1.646667e+01 1.274175e-02
3.687500e+00 1.635222e+01 1.255216e-02
3.750000e+00 1.624000e+01 1.237000e-02
3.875000e+00 1.602076e+01 1.201892e-02
3.937500e+00 1.591416e+01 1.185124e-02
4.000000e+00 1.581000e+01 1.169000e-02
4.125000e+00 1.560667e+01 1.138063e-02
4.187500e+00 1.550746e+01 1.123278e-02
4.250000e+00 1.541000e+01 1.109000e-02
4.375000e+00 1.521727e+01 1.081292e-02
4.437500e+00 1.512274e+01 1.067939e-02
4.500000e+00 1.503000e+01 1.055000e-02
4.750000e+00 1.467332e+01 1.005894e-02
4.875000e+00 1.450349e+01 9.830313e-03
4.937500e+00 1.442091e+01 9.720863e-03
5.000000e+00 1.434000e+01 9.615000e-03
5.312500e+00 1.394714e+01 9.115486e-03
5.468750e+00 1.375966e+01 8.884864e-03
5.546875e+00 1.366873e+01 8.774966e-03
5.625000e+00 1.358000e+01 8.669000e-03
5.937500e+00 1.323889e+01 8.266171e-03
6.093750e+00 1.307647e+01 8.078257e-03
6.171875e+00 1.299746e+01 7.988194e-03
6.250000e+00 1.292000e+01 7.901000e-03
6.562500e+00 1.261673e+01 7.567707e-03
6.718750e+00 1.247071e+01 7.411252e-03
6.796875e+00 1.239958e+01 7.336012e-03
6.875000e+00 1.233000e+01 7.263000e-03
7.187500e+00 1.206191e+01 6.983365e-03
7.343750e+00 1.193381e+01 6.851528e-03
7.421875e+00 1.187135e+01 6.787915e-03
7.500000e+00 1.181000e+01 6.726000e-03
7.812500e+00 1.156973e+01 6.487401e-03
7.968750e+00 1.145328e+01 6.374203e-03
8.125000e+00 1.134000e+01 6.266000e-03
8.437500e+00 1.111961e+01 6.059524e-03
8.593750e+00 1.101321e+01 5.961686e-03
8.750000e+00 1.091000e+01 5.868000e-03
9.062500e+00 1.071027e+01 5.688157e-03
9.218750e+00 1.061386e+01 5.602433e-03
9.375000e+00 1.052000e+01 5.520000e-03
9.687500e+00 1.033665e+01 5.361120e-03
9.843750e+00 1.024738e+01 5.285150e-03
1.000000e+01 1.016000e+01 5.212000e-03
1.062500e+01 9.821556e+00 4.937808e-03
1.093750e+01 9.659752e+00 4.811773e-03
1.109375e+01 9.581049e+00 4.751803e-03
1.125000e+01 9.504000e+00 4.694000e-03
1.187500e+01 9.205007e+00 4.473815e-03
1.218750e+01 9.061567e+00 4.370984e-03
1.234375e+01 8.991622e+00 4.321698e-03
1.250000e+01 8.923000e+00 4.274000e-03
1.312500e+01 8.655695e+00 4.092113e-03
1.343750e+01 8.526872e+00 4.006836e-03
1.359375e+01 8.463896e+00 3.965822e-03
1.375000e+01 8.402000e+00 3.926000e-03
1.437500e+01 8.160281e+00 3.772966e-03
1.468750e+01 8.043461e+00 3.700718e-03
1.484375e+01 7.986268e+00 3.665874e-03
1.500000e+01 7.930000e+00 3.632000e-03
1.562500e+01 7.709883e+00 3.502114e-03
1.593750e+01 7.603403e+00 3.440692e-03
1.609375e+01 7.551272e+00 3.410982e-03
1.625000e+01 7.500000e+00 3.382000e-03
1.687500e+01 7.299636e+00 3.269828e-03
1.718750e+01 7.202852e+00 3.216329e-03
1.734375e+01 7.155514e+00 3.190364e-03
1.750000e+01 7.109000e+00 3.165000e-03
1.875000e+01 6.753397e+00 2.974903e-03
1.937500e+01 6.587985e+00 2.888269e-03
1.968750e+01 6.509050e+00 2.847295e-03
1.984375e+01 6.470640e+00 2.827430e-03
2.000000e+01 6.433000e+00 2.808000e-03
2.125000e+01 6.144938e+00 2.660036e-03
2.187500e+01 6.011660e+00 2.591370e-03
2.218750e+01 5.948467e+00 2.558600e-03
2.234375e+01 5.917864e+00 2.542646e-03
2.250000e+01 5.888000e+00 2.527000e-03
2.375000e+01 5.662282e+00 2.407455e-03
2.437500e+01 5.559994e+00 2.351641e-03
2.468750e+01 5.512188e+00 2.324890e-03
2.500000e+01 5.467000e+00 2.299000e-03
2.625000e+01 5.301011e+00 2.200194e-03
2.687500e+01 5.228531e+00 2.153872e-03
2.718750e+01 5.195522e+00 2.131605e-03
2.750000e+01 5.165000e+00 2.110000e-03
2.875000e+01 5.068191e+00 2.027206e-03
2.937500e+01 5.024106e+00 1.988165e-03
3.000000e+01 4.976000e+00 1.951000e-03
3.125000e+01 4.844009e+00 1.880230e-03
3.187500e+01 4.769177e+00 1.846834e-03
3.218750e+01 4.731231e+00 1.830707e-03
3.250000e+01 4.694000e+00 1.815000e-03
3.375000e+01 4.561767e+00 1.754462e-03
3.437500e+01 4.502727e+00 1.725656e-03
3.468750e+01 4.474556e+00 1.711673e-03
3.500000e+01 4.447000e+00 1.698000e-03
3.625000e+01 4.335473e+00 1.644840e-03
3.687500e+01 4.280451e+00 1.619413e-03
3.718750e+01 4.253454e+00 1.607063e-03
3.750000e+01 4.227000e+00 1.595000e-03
3.875000e+01 4.126048e+00 1.548499e-03
3.937500e+01 4.078165e+00 1.526334e-03
3.968750e+01 4.054872e+00 1.515556e-03
4.000000e+01 4.032000e+00 1.505000e-03
4.125000e+01 3.942023e+00 1.463905e-03
4.187500e+01 3.898370e+00 1.444132e-03
4.218750e+01 3.876999e+00 1.434478e-03
4.250000e+01 3.856000e+00 1.425000e-03
4.375000e+01 3.774514e+00 1.388033e-03
4.437500e+01 3.735226e+00 1.370225e-03
4.468750e+01 3.715974e+00 1.361531e-03
4.500000e+01 3.697000e+00 1.353000e-03
4.750000e+01 3.549712e+00 1.288298e-03
4.875000e+01 3.479728e+00 1.258269e-03
4.937500e+01 3.445903e+00 1.243902e-03
5.000000e+01 3.413000e+00 1.230000e-03
5.312500e+01 3.256765e+00 1.164035e-03
5.468750e+01 3.184179e+00 1.133511e-03
5.546875e+01 3.149494e+00 1.118980e-03
5.585938e+01 3.132591e+00 1.111917e-03
5.625000e+01 3.116000e+00 1.105000e-03
5.937500e+01 2.988883e+00 1.052477e-03
6.093750e+01 2.929322e+00 1.028049e-03
6.171875e+01 2.900720e+00 1.016343e-03
6.250000e+01 2.873000e+00 1.005000e-03
6.562500e+01 2.766987e+00 9.614040e-04
6.718750e+01 2.717196e+00 9.408668e-04
6.796875e+01 2.693245e+00 9.309848e-04
6.875000e+01 2.670000e+00 9.214000e-04
7.187500e+01 2.580990e+00 8.848156e-04
7.343750e+01 2.539007e+00 8.676283e-04
7.421875e+01 2.518739e+00 8.593493e-04
7.500000e+01 2.499000e+00 8.513000e-04
7.812500e+01 2.422852e+00 8.203152e-04
7.968750e+01 2.386659e+00 8.056300e-04
8.046875e+01 2.369120e+00 7.985257e-04
8.125000e+01 2.352000e+00 7.916000e-04
8.437500e+01 2.285802e+00 7.648840e-04
8.593750e+01 2.254259e+00 7.521785e-04
8.671875e+01 2.238953e+00 7.460176e-04
8.750000e+01 2.224000e+00 7.400000e-04
9.062500e+01 2.166107e+00 7.167060e-04
9.218750e+01 2.138495e+00 7.055860e-04
9.296875e+01 2.125093e+00 7.001835e-04
9.375000e+01 2.112000e+00 6.949000e-04
9.687500e+01 2.061444e+00 6.744267e-04
9.843750e+01 2.037289e+00 6.646318e-04
9.921875e+01 2.025528e+00 6.598660e-04
1.000000e+02 2.014000e+00 6.552000e-04
1.062500e+02 1.926082e+00 6.199423e-04
1.093750e+02 1.885254e+00 6.036928e-04
1.109375e+02 1.865775e+00 5.959561e-04
1.117188e+02 1.856294e+00 5.921917e-04
1.125000e+02 1.847000e+00 5.885000e-04
1.187500e+02 1.776095e+00 5.602056e-04
1.218750e+02 1.743072e+00 5.469727e-04
1.234375e+02 1.727271e+00 5.406317e-04
1.250000e+02 1.712000e+00 5.345000e-04
1.312500e+02 1.653933e+00 5.111995e-04
1.343750e+02 1.626758e+00 5.003087e-04
1.359375e+02 1.613691e+00 4.950770e-04
1.375000e+02 1.601000e+00 4.900000e-04
1.437500e+02 1.552179e+00 4.704837e-04
1.468750e+02 1.529064e+00 4.612674e-04
1.484375e+02 1.517889e+00 4.568220e-04
1.500000e+02 1.507000e+00 4.525000e-04
1.562500e+02 1.464938e+00 4.359217e-04
1.593750e+02 1.444997e+00 4.280840e-04
1.609375e+02 1.435366e+00 4.242945e-04
1.625000e+02 1.426000e+00 4.206000e-04
1.687500e+02 1.390141e+00 4.063209e-04
1.718750e+02 1.373195e+00 3.995200e-04
1.734375e+02 1.364997e+00 3.962212e-04
1.750000e+02 1.357000e+00 3.930000e-04
1.875000e+02 1.296964e+00 3.688686e-04
1.937500e+02 1.269516e+00 3.578780e-04
1.968750e+02 1.256504e+00 3.526818e-04
2.000000e+02 1.244000e+00 3.477000e-04
2.125000e+02 1.196476e+00 3.288974e-04
2.187500e+02 1.174485e+00 3.202155e-04
2.218750e+02 1.164034e+00 3.160816e-04
2.250000e+02 1.154000e+00 3.121000e-04
2.500000e+02 1.083000e+00 2.834000e-04
