1.333333e-03 8.325000e-01 5.741000e+00
1.466667e-03 8.731000e-01 5.682000e+00
1.533334e-03 8.928050e-01 5.650875e+00
1.566667e-03 9.024732e-01 5.635005e+00
1.583333e-03 9.072554e-01 5.627014e+00
1.600000e-03 9.120000e-01 5.619000e+00
1.666666e-03 9.307885e-01 5.587043e+00
1.700000e-03 9.400500e-01 5.571051e+00
1.733333e-03 9.492000e-01 5.555000e+00
1.800000e-03 9.672500e-01 5.522600e+00
1.833334e-03 9.761617e-01 5.506311e+00
1.866667e-03 9.850000e-01 5.490000e+00
1.933333e-03 1.002419e+00 5.457469e+00
1.966667e-03 1.011151e+00 5.441231e+00
2.000000e-03 1.020000e+00 5.425000e+00
2.066666e-03 1.038549e+00 5.392509e+00
2.100000e-03 1.047878e+00 5.376256e+00
2.133333e-03 1.057000e+00 5.360000e+00
2.200000e-03 1.074061e+00 5.327372e+00
2.233333e-03 1.082143e+00 5.311123e+00
2.266667e-03 1.090000e+00 5.295000e+00
2.333333e-03 1.105617e+00 5.263260e+00
2.366667e-03 1.113347e+00 5.247581e+00
2.400000e-03 1.121000e+00 5.232000e+00
2.533334e-03 1.150933e+00 5.169619e+00
2.600000e-03 1.165566e+00 5.138645e+00
2.633334e-03 1.172806e+00 5.123269e+00
2.666667e-03 1.180000e+00 5.108000e+00
2.833334e-03 1.215751e+00 5.032920e+00
2.916667e-03 1.233453e+00 4.996166e+00
2.958333e-03 1.242248e+00 4.978005e+00
3.000000e-03 1.251000e+00 4.960000e+00
3.166667e-03 1.285760e+00 4.888603e+00
3.250000e-03 1.302958e+00 4.853504e+00
3.291666e-03 1.311501e+00 4.836164e+00
3.333333e-03 1.320000e+00 4.819000e+00
3.500000e-03 1.353756e+00 4.751425e+00
3.583333e-03 1.370456e+00 4.718394e+00
3.625000e-03 1.378750e+00 4.702109e+00
3.666667e-03 1.387000e+00 4.686000e+00
3.833334e-03 1.419816e+00 4.622545e+00
3.916667e-03 1.436018e+00 4.591493e+00
3.958333e-03 1.444042e+00 4.576169e+00
4.000000e-03 1.452000e+00 4.561000e+00
4.166667e-03 1.483293e+00 4.501118e+00
4.250000e-03 1.498704e+00 4.471787e+00
4.291666e-03 1.506364e+00 4.457317e+00
4.333333e-03 1.514000e+00 4.443000e+00
4.500000e-03 1.544630e+00 4.386710e+00
4.583333e-03 1.559879e+00 4.359143e+00
4.666667e-03 1.575000e+00 4.332000e+00
4.833334e-03 1.604811e+00 4.278241e+00
4.916667e-03 1.619490e+00 4.251863e+00
5.000000e-03 1.634000e+00 4.226000e+00
5.166667e-03 1.662780e+00 4.175623e+00
5.250000e-03 1.676981e+00 4.151084e+00
5.333333e-03 1.691000e+00 4.127000e+00
5.666667e-03 1.745635e+00 4.032726e+00
5.833333e-03 1.772118e+00 3.987163e+00
5.916667e-03 1.785137e+00 3.964884e+00
6.000000e-03 1.798000e+00 3.943000e+00
6.333333e-03 1.848878e+00 3.857787e+00
6.500000e-03 1.873735e+00 3.816750e+00
6.583334e-03 1.885955e+00 3.796699e+00
6.666667e-03 1.898000e+00 3.777000e+00
7.000000e-03 1.945023e+00 3.700113e+00
7.166667e-03 1.967800e+00 3.662999e+00
7.250000e-03 1.978977e+00 3.644845e+00
7.333333e-03 1.990000e+00 3.627000e+00
7.666667e-03 2.033299e+00 3.557463e+00
7.833333e-03 2.054388e+00 3.523812e+00
7.916667e-03 2.064760e+00 3.507295e+00
8.000000e-03 2.075000e+00 3.491000e+00
8.333333e-03 2.115145e+00 3.426683e+00
8.500000e-03 2.134744e+00 3.395398e+00
8.666667e-03 2.154000e+00 3.365000e+00
9.000000e-03 2.192012e+00 3.306521e+00
9.166667e-03 2.210666e+00 3.278381e+00
9.333333e-03 2.229000e+00 3.251000e+00
1.000000e-02 2.299746e+00 3.144825e+00
1.033334e-02 2.333793e+00 3.094284e+00
1.050000e-02 2.350496e+00 3.069823e+00
1.066667e-02 2.367000e+00 3.046000e+00
1.133333e-02 2.432277e+00 2.954660e+00
1.166667e-02 2.464374e+00 2.911411e+00
1.183333e-02 2.480253e+00 2.890462e+00
1.200000e-02 2.496000e+00 2.870000e+00
1.266667e-02 2.557918e+00 2.790523e+00
1.300000e-02 2.588507e+00 2.752514e+00
1.316666e-02 2.603754e+00 2.734048e+00
1.333333e-02 2.619000e+00 2.716000e+00
1.400000e-02 2.680355e+00 2.646360e+00
1.433333e-02 2.711161e+00 2.613093e+00
1.450000e-02 2.726580e+00 2.596892e+00
1.466667e-02 2.742000e+00 2.581000e+00
1.533334e-02 2.803375e+00 2.518876e+00
1.566667e-02 2.834100e+00 2.488934e+00
1.583333e-02 2.849517e+00 2.474324e+00
1.600000e-02 2.865000e+00 2.460000e+00
1.666667e-02 2.927523e+00 2.404487e+00
1.700000e-02 2.959134e+00 2.377826e+00
1.716666e-02 2.975034e+00 2.364803e+00
1.733333e-02 2.991000e+00 2.352000e+00
1.800000e-02 3.055087e+00 2.301851e+00
1.833333e-02 3.087399e+00 2.277574e+00
1.850000e-02 3.103655e+00 2.265688e+00
1.866667e-02 3.120000e+00 2.254000e+00
1.933334e-02 3.185950e+00 2.208339e+00
1.966667e-02 3.219314e+00 2.186317e+00
1.983333e-02 3.236113e+00 2.175559e+00
2.000000e-02 3.253000e+00 2.165000e+00
2.066667e-02 3.321056e+00 2.124078e+00
2.100000e-02 3.355404e+00 2.104311e+00
2.116666e-02 3.372669e+00 2.094600e+00
2.133333e-02 3.390000e+00 2.085000e+00
2.200000e-02 3.459576e+00 2.046837e+00
2.233333e-02 3.494641e+00 2.028171e+00
2.250000e-02 3.512277e+00 2.019009e+00
2.266667e-02 3.530000e+00 2.010000e+00
2.333334e-02 3.601480e+00 1.975127e+00
2.366667e-02 3.637593e+00 1.958336e+00
2.383333e-02 3.655757e+00 1.950110e+00
2.400000e-02 3.674000e+00 1.942000e+00
2.533333e-02 3.821414e+00 1.878884e+00
2.600000e-02 3.896234e+00 1.848786e+00
2.633334e-02 3.933985e+00 1.834206e+00
2.666667e-02 3.972000e+00 1.820000e+00
2.833334e-02 4.164358e+00 1.752520e+00
2.916667e-02 4.262068e+00 1.720955e+00
2.958333e-02 4.311368e+00 1.705767e+00
2.979167e-02 4.336141e+00 1.698330e+00
3.000000e-02 4.361000e+00 1.691000e+00
3.166666e-02 4.561387e+00 1.634064e+00
3.250000e-02 4.662716e+00 1.606944e+00
3.291666e-02 4.713726e+00 1.593807e+00
3.312500e-02 4.739328e+00 1.587359e+00
3.333333e-02 4.765000e+00 1.581000e+00
3.500000e-02 4.971651e+00 1.531813e+00
3.583334e-02 5.075927e+00 1.508420e+00
3.625000e-02 5.128353e+00 1.497078e+00
3.645834e-02 5.154647e+00 1.491504e+00
3.666667e-02 5.181000e+00 1.486000e+00
3.833333e-02 5.392896e+00 1.443122e+00
3.916667e-02 5.499626e+00 1.422634e+00
3.958333e-02 5.553225e+00 1.412696e+00
4.000000e-02 5.607000e+00 1.403000e+00
4.166667e-02 5.823114e+00 1.365807e+00
4.250000e-02 5.931809e+00 1.348096e+00
4.291666e-02 5.986338e+00 1.339470e+00
4.333333e-02 6.041000e+00 1.331000e+00
4.500000e-02 6.260444e+00 1.297701e+00
4.583334e-02 6.370585e+00 1.281588e+00
4.625000e-02 6.425759e+00 1.273717e+00
4.666667e-02 6.481000e+00 1.266000e+00
4.833334e-02 6.702232e+00 1.236123e+00
4.916667e-02 6.813036e+00 1.221814e+00
4.958333e-02 6.868496e+00 1.214841e+00
5.000000e-02 6.924000e+00 1.208000e+00
5.166667e-02 7.146298e+00 1.181347e+00
5.250000e-02 7.257598e+00 1.168486e+00
5.291666e-02 7.313287e+00 1.162191e+00
5.333333e-02 7.369000e+00 1.156000e+00
5.666666e-02 7.815600e+00 1.108436e+00
5.833333e-02 8.038958e+00 1.086110e+00
5.916667e-02 8.150544e+00 1.075388e+00
5.958333e-02 8.206293e+00 1.070149e+00
6.000000e-02 8.262000e+00 1.065000e+00
6.333333e-02 8.707048e+00 1.025487e+00
6.500000e-02 8.928592e+00 1.006888e+00
6.583334e-02 9.038971e+00 9.979215e-01
6.625000e-02 9.094035e+00 9.935287e-01
6.666667e-02 9.149000e+00 9.892000e-01
7.000000e-02 9.586384e+00 9.556654e-01
7.166667e-02 9.803676e+00 9.397299e-01
7.250000e-02 9.911960e+00 9.320169e-01
7.291666e-02 9.966011e+00 9.282323e-01
7.333333e-02 1.002000e+01 9.245000e-01
7.666666e-02 1.045170e+01 8.956188e-01
7.833333e-02 1.066653e+01 8.818762e-01
7.916667e-02 1.077348e+01 8.752109e-01
8.000000e-02 1.088000e+01 8.687000e-01
8.333334e-02 1.130288e+01 8.434979e-01
8.500000e-02 1.151226e+01 8.314655e-01
8.583334e-02 1.161635e+01 8.256189e-01
8.666667e-02 1.172000e+01 8.199000e-01
9.000000e-02 1.213307e+01 7.977361e-01
9.166667e-02 1.233763e+01 7.871257e-01
9.250000e-02 1.243915e+01 7.819601e-01
9.333333e-02 1.254000e+01 7.769000e-01
1.000000e-01 1.333018e+01 7.385808e-01
1.033334e-01 1.371427e+01 7.208774e-01
1.050000e-01 1.390324e+01 7.124385e-01
1.058334e-01 1.399690e+01 7.083302e-01
1.066667e-01 1.409000e+01 7.043000e-01
1.133333e-01 1.482655e+01 6.734095e-01
1.166667e-01 1.518704e+01 6.589490e-01
1.183333e-01 1.536462e+01 6.520132e-01
1.191667e-01 1.545261e+01 6.486271e-01
1.200000e-01 1.554000e+01 6.453000e-01
1.266666e-01 1.622786e+01 6.197837e-01
1.300000e-01 1.656284e+01 6.077892e-01
1.316666e-01 1.672752e+01 6.020129e-01
1.333333e-01 1.689000e+01 5.964000e-01
1.400000e-01 1.752787e+01 5.748198e-01
1.433334e-01 1.783785e+01 5.646184e-01
1.450000e-01 1.799002e+01 5.596931e-01
1.466667e-01 1.814000e+01 5.549000e-01
1.533334e-01 1.872669e+01 5.364746e-01
1.566667e-01 1.901164e+01 5.277453e-01
1.583333e-01 1.915170e+01 5.235208e-01
1.600000e-01 1.929000e+01 5.194000e-01
1.666666e-01 1.983481e+01 5.034786e-01
1.700000e-01 2.010048e+01 4.958893e-01
1.716666e-01 2.023112e+01 4.922038e-01
1.733333e-01 2.036000e+01 4.886000e-01
1.800000e-01 2.086488e+01 4.746191e-01
1.833334e-01 2.111028e+01 4.679321e-01
1.850000e-01 2.123091e+01 4.646808e-01
1.866667e-01 2.135000e+01 4.615000e-01
1.933334e-01 2.181870e+01 4.491861e-01
1.966667e-01 2.204706e+01 4.432904e-01
1.983333e-01 2.215930e+01 4.404176e-01
2.000000e-01 2.227000e+01 4.376000e-01
2.066667e-01 2.270353e+01 4.266107e-01
2.100000e-01 2.291420e+01 4.213185e-01
2.133333e-01 2.312000e+01 4.162000e-01
2.200000e-01 2.352165e+01 4.063220e-01
2.233333e-01 2.371756e+01 4.015828e-01
2.266667e-01 2.391000e+01 3.970000e-01
2.333333e-01 2.429086e+01 3.881215e-01
2.366667e-01 2.447743e+01 3.838453e-01
2.400000e-01 2.466000e+01 3.797000e-01
2.533334e-01 2.535618e+01 3.639413e-01
2.600000e-01 2.568494e+01 3.565733e-01
2.633334e-01 2.584423e+01 3.530340e-01
2.666667e-01 2.600000e+01 3.496000e-01
2.833333e-01 2.675448e+01 3.332654e-01
2.916667e-01 2.711444e+01 3.256587e-01
2.958333e-01 2.728920e+01 3.220187e-01
3.000000e-01 2.746000e+01 3.185000e-01
3.166666e-01 2.812152e+01 3.051013e-01
3.250000e-01 2.843713e+01 2.988320e-01
3.291666e-01 2.859033e+01 2.958208e-01
3.333333e-01 2.874000e+01 2.929000e-01
3.500000e-01 2.931791e+01 2.817001e-01
3.583333e-01 2.959394e+01 2.764204e-01
3.666667e-01 2.986000e+01 2.714000e-01
3.833334e-01 3.037366e+01 2.618710e-01
3.916667e-01 3.062059e+01 2.573811e-01
4.000000e-01 3.086000e+01 2.531000e-01
4.166667e-01 3.132658e+01 2.449094e-01
4.250000e-01 3.155181e+01 2.410226e-01
4.333333e-01 3.177000e+01 2.373000e-01
4.500000e-01 3.219034e+01 2.301637e-01
4.583333e-01 3.239282e+01 2.267657e-01
4.666667e-01 3.259000e+01 2.235000e-01
4.833333e-01 3.297796e+01 2.172046e-01
4.916667e-01 3.316660e+01 2.141958e-01
5.000000e-01 3.335000e+01 2.113000e-01
5.166667e-01 3.370365e+01 2.057308e-01
5.333333e-01 3.404000e+01 2.005000e-01
5.666666e-01 3.468380e+01 1.907721e-01
5.833333e-01 3.498877e+01 1.862926e-01
6.000000e-01 3.528000e+01 1.821000e-01
6.333334e-01 3.583499e+01 1.742287e-01
6.500000e-01 3.609795e+01 1.705633e-01
6.666667e-01 3.635000e+01 1.671000e-01
7.000000e-01 3.683602e+01 1.605309e-01
7.166666e-01 3.706777e+01 1.574407e-01
7.333333e-01 3.729000e+01 1.545000e-01
7.666667e-01 3.771486e+01 1.488796e-01
7.833333e-01 3.791657e+01 1.462255e-01
8.000000e-01 3.811000e+01 1.437000e-01
8.333333e-01 3.848234e+01 1.389122e-01
8.666667e-01 3.883000e+01 1.345000e-01
9.000000e-01 3.915684e+01 1.303517e-01
9.333333e-01 3.946000e+01 1.265000e-01
1.000000e+00 4.002158e+01 1.193741e-01
1.033334e+00 4.027632e+01 1.161200e-01
1.066667e+00 4.051000e+01 1.131000e-01
1.133333e+00 4.093559e+01 1.074950e-01
1.200000e+00 4.130000e+01 1.025000e-01
1.266666e+00 4.162147e+01 9.792783e-02
1.333333e+00 4.189000e+01 9.382000e-02
1.466667e+00 4.230000e+01 8.658000e-02
1.600000e+00 4.257000e+01 8.044000e-02
1.733333e+00 4.273000e+01 7.516000e-02
1.866667e+00 4.278000e+01 7.058000e-02
2.000000e+00 4.276000e+01 6.656000e-02
2.133333e+00 4.290000e+01 6.299000e-02
2.266667e+00 4.278000e+01 5.982000e-02
2.400000e+00 4.244000e+01 5.696000e-02
2.666667e+00 4.205000e+01 5.205000e-02
2.833334e+00 4.175081e+01 4.938267e-02
3.000000e+00 4.141000e+01 4.704000e-02
3.166666e+00 4.104608e+01 4.489173e-02
3.333333e+00 4.066000e+01 4.296000e-02
3.500000e+00 4.026023e+01 4.117578e-02
3.583334e+00 4.005620e+01 4.034507e-02
3.666667e+00 3.985000e+01 3.956000e-02
3.833334e+00 3.943565e+01 3.806996e-02
3.916667e+00 3.922790e+01 3.736835e-02
4.000000e+00 3.902000e+01 3.670000e-02
4.166666e+00 3.860418e+01 3.542333e-02
4.250000e+00 3.839675e+01 3.481851e-02
4.333333e+00 3.819000e+01 3.424000e-02
4.500000e+00 3.777788e+01 3.313074e-02
4.583334e+00 3.757321e+01 3.260404e-02
4.666667e+00 3.737000e+01 3.210000e-02
4.833334e+00 3.696652e+01 3.113798e-02
4.916667e+00 3.676713e+01 3.068044e-02
5.000000e+00 3.657000e+01 3.024000e-02
5.166666e+00 3.618071e+01 2.938572e-02
5.250000e+00 3.598909e+01 2.897554e-02
5.333333e+00 3.580000e+01 2.858000e-02
5.666666e+00 3.505915e+01 2.710131e-02
5.833333e+00 3.469983e+01 2.642314e-02
5.916667e+00 3.452359e+01 2.610071e-02
6.000000e+00 3.435000e+01 2.579000e-02
6.333334e+00 3.367029e+01 2.460659e-02
6.500000e+00 3.334078e+01 2.405315e-02
6.666667e+00 3.302000e+01 2.353000e-02
7.000000e+00 3.239586e+01 2.254093e-02
7.166666e+00 3.209387e+01 2.207810e-02
7.333333e+00 3.180000e+01 2.164000e-02
7.666666e+00 3.122744e+01 2.081033e-02
7.833333e+00 3.095008e+01 2.042058e-02
8.000000e+00 3.068000e+01 2.005000e-02
8.333334e+00 3.015433e+01 1.934346e-02
8.500000e+00 2.989924e+01 1.900930e-02
8.666667e+00 2.965000e+01 1.869000e-02
9.000000e+00 2.916123e+01 1.807855e-02
9.166666e+00 2.892298e+01 1.778815e-02
9.333333e+00 2.869000e+01 1.751000e-02
1.000000e+01 2.779504e+01 1.647646e-02
1.033334e+01 2.736946e+01 1.600619e-02
1.050000e+01 2.716263e+01 1.578367e-02
1.066667e+01 2.696000e+01 1.557000e-02
1.133333e+01 2.616923e+01 1.475919e-02
1.166667e+01 2.578833e+01 1.438285e-02
1.183333e+01 2.560241e+01 1.420323e-02
1.200000e+01 2.542000e+01 1.403000e-02
1.266667e+01 2.471124e+01 1.337301e-02
1.300000e+01 2.437030e+01 1.306747e-02
1.316666e+01 2.420371e+01 1.292131e-02
1.333333e+01 2.404000e+01 1.278000e-02
1.400000e+01 2.340074e+01 1.224149e-02
1.433333e+01 2.309130e+01 1.198915e-02
1.450000e+01 2.293955e+01 1.186781e-02
1.466667e+01 2.279000e+01 1.175000e-02
1.533333e+01 2.220262e+01 1.129778e-02
1.566667e+01 2.191745e+01 1.108399e-02
1.583333e+01 2.177763e+01 1.098067e-02
1.600000e+01 2.164000e+01 1.088000e-02
1.666667e+01 2.110197e+01 1.049106e-02
1.700000e+01 2.084205e+01 1.030637e-02
1.716666e+01 2.071492e+01 1.021703e-02
1.733333e+01 2.059000e+01 1.013000e-02
1.800000e+01 2.010337e+01 9.795606e-03
1.833333e+01 1.986840e+01 9.636989e-03
1.850000e+01 1.975332e+01 9.560111e-03
1.866667e+01 1.964000e+01 9.485000e-03
1.933333e+01 1.919518e+01 9.193528e-03
1.966667e+01 1.897951e+01 9.054101e-03
1.983333e+01 1.887388e+01 8.986313e-03
2.000000e+01 1.877000e+01 8.920000e-03
2.066667e+01 1.836455e+01 8.663206e-03
2.100000e+01 1.816912e+01 8.540369e-03
2.116666e+01 1.807368e+01 8.480578e-03
2.133333e+01 1.798000e+01 8.422000e-03
2.200000e+01 1.761418e+01 8.194201e-03
2.233333e+01 1.743865e+01 8.084757e-03
2.266667e+01 1.727000e+01 7.979000e-03
2.333333e+01 1.694827e+01 7.774744e-03
2.366667e+01 1.679585e+01 7.676727e-03
2.400000e+01 1.665000e+01 7.582000e-03
2.533333e+01 1.610141e+01 7.223824e-03
2.600000e+01 1.585380e+01 7.057515e-03
2.633334e+01 1.573852e+01 6.977955e-03
2.666667e+01 1.563000e+01 6.901000e-03
2.833333e+01 1.518146e+01 6.536969e-03
2.916667e+01 1.498244e+01 6.368609e-03
2.958333e+01 1.488311e+01 6.288359e-03
3.000000e+01 1.478000e+01 6.211000e-03
3.166666e+01 1.428506e+01 5.917456e-03
3.250000e+01 1.401615e+01 5.780777e-03
3.291666e+01 1.388151e+01 5.715329e-03
3.333333e+01 1.375000e+01 5.652000e-03
3.500000e+01 1.327878e+01 5.410087e-03
3.583334e+01 1.306789e+01 5.296570e-03
3.625000e+01 1.296759e+01 5.241980e-03
3.666667e+01 1.287000e+01 5.189000e-03
3.833334e+01 1.248122e+01 4.985902e-03
3.916667e+01 1.229217e+01 4.890133e-03
3.958333e+01 1.219999e+01 4.843938e-03
4.000000e+01 1.211000e+01 4.799000e-03
4.166666e+01 1.176689e+01 4.626136e-03
4.250000e+01 1.160499e+01 4.544241e-03
4.291666e+01 1.152661e+01 4.504624e-03
4.333333e+01 1.145000e+01 4.466000e-03
4.500000e+01 1.115186e+01 4.316879e-03
4.583334e+01 1.100853e+01 4.245950e-03
4.625000e+01 1.093861e+01 4.211567e-03
4.666667e+01 1.087000e+01 4.178000e-03
4.833334e+01 1.060284e+01 4.048334e-03
4.916667e+01 1.047431e+01 3.986483e-03
4.958333e+01 1.041157e+01 3.956421e-03
5.000000e+01 1.035000e+01 3.927000e-03
5.166666e+01 1.011006e+01 3.812663e-03
5.250000e+01 9.994600e+00 3.757838e-03
5.291666e+01 9.938259e+00 3.731142e-03
5.333333e+01 9.883000e+00 3.705000e-03
5.666666e+01 9.464365e+00 3.507771e-03
5.833333e+01 9.270395e+00 3.416949e-03
5.916667e+01 9.177673e+00 3.373701e-03
6.000000e+01 9.088000e+00 3.332000e-03
6.333333e+01 8.744857e+00 3.173090e-03
6.500000e+01 8.583689e+00 3.098903e-03
6.583334e+01 8.506187e+00 3.063367e-03
6.666667e+01 8.431000e+00 3.029000e-03
7.000000e+01 8.143235e+00 2.898149e-03
7.166666e+01 8.007769e+00 2.836929e-03
7.250000e+01 7.942480e+00 2.807523e-03
7.333333e+01 7.879000e+00 2.779000e-03
7.666666e+01 7.634929e+00 2.669685e-03
7.833333e+01 7.519364e+00 2.618116e-03
7.916667e+01 7.463476e+00 2.593227e-03
8.000000e+01 7.409000e+00 2.569000e-03
8.333334e+01 7.199054e+00 2.475592e-03
8.500000e+01 7.099085e+00 2.431296e-03
8.583334e+01 7.050524e+00 2.409872e-03
8.666667e+01 7.003000e+00 2.389000e-03
9.000000e+01 6.818278e+00 2.308672e-03
9.166666e+01 6.729600e+00 2.270531e-03
9.250000e+01 6.686373e+00 2.252047e-03
9.333333e+01 6.644000e+00 2.234000e-03
1.000000e+02 6.322179e+00 2.098342e-03
1.033334e+02 6.173580e+00 2.036395e-03
1.050000e+02 6.102923e+00 2.007090e-03
1.058334e+02 6.068600e+00 1.992887e-03
1.066667e+02 6.035000e+00 1.979000e-03
1.133333e+02 5.779491e+00 1.873590e-03
1.166667e+02 5.661035e+00 1.824773e-03
1.183333e+02 5.604514e+00 1.801478e-03
1.200000e+02 5.550000e+00 1.779000e-03
1.333333e+02 5.156000e+00 1.616000e-03
