3.571429e-03 1.266000e+00 1.316000e+00
3.928571e-03 1.324000e+00 1.263000e+00
4.107142e-03 1.350350e+00 1.237900e+00
4.196428e-03 1.362574e+00 1.225784e+00
4.285714e-03 1.374000e+00 1.214000e+00
4.464285e-03 1.395088e+00 1.190921e+00
4.553571e-03 1.404815e+00 1.179772e+00
4.642857e-03 1.414000e+00 1.169000e+00
4.821429e-03 1.431780e+00 1.148489e+00
4.910714e-03 1.440150e+00 1.138637e+00
5.000000e-03 1.448000e+00 1.129000e+00
5.178571e-03 1.462300e+00 1.109744e+00
5.357143e-03 1.475000e+00 1.091000e+00
5.535715e-03 1.486950e+00 1.073041e+00
5.714286e-03 1.498000e+00 1.056000e+00
5.892857e-03 1.508419e+00 1.039651e+00
6.071429e-03 1.518000e+00 1.024000e+00
6.250000e-03 1.526871e+00 1.008729e+00
6.428571e-03 1.535000e+00 9.940000e-01
6.785714e-03 1.549710e+00 9.659034e-01
7.142857e-03 1.563000e+00 9.398000e-01
7.589285e-03 1.579135e+00 9.091583e-01
7.812500e-03 1.587083e+00 8.947418e-01
8.035714e-03 1.595000e+00 8.810000e-01
8.482142e-03 1.610834e+00 8.546791e-01
8.705357e-03 1.618849e+00 8.421779e-01
8.928571e-03 1.627000e+00 8.302000e-01
9.375000e-03 1.643638e+00 8.072360e-01
9.598215e-03 1.652204e+00 7.963036e-01
9.821429e-03 1.661000e+00 7.858000e-01
1.026786e-02 1.679023e+00 7.655794e-01
1.049107e-02 1.688359e+00 7.559137e-01
1.071429e-02 1.698000e+00 7.466000e-01
1.116071e-02 1.717883e+00 7.286307e-01
1.138393e-02 1.728249e+00 7.200180e-01
1.160714e-02 1.739000e+00 7.117000e-01
1.205357e-02 1.761376e+00 6.956159e-01
1.227679e-02 1.773019e+00 6.878851e-01
1.250000e-02 1.785000e+00 6.804000e-01
1.294643e-02 1.809491e+00 6.658887e-01
1.316965e-02 1.822089e+00 6.588920e-01
1.339286e-02 1.835000e+00 6.521000e-01
1.383928e-02 1.861483e+00 6.388842e-01
1.406250e-02 1.875095e+00 6.324990e-01
1.428571e-02 1.889000e+00 6.263000e-01
1.517857e-02 1.946229e+00 6.027558e-01
1.562500e-02 1.976070e+00 5.917424e-01
1.584821e-02 1.991381e+00 5.864461e-01
1.607143e-02 2.007000e+00 5.813000e-01
1.696429e-02 2.071364e+00 5.614720e-01
1.741071e-02 2.104726e+00 5.520733e-01
1.763393e-02 2.121742e+00 5.475283e-01
1.785714e-02 2.139000e+00 5.431000e-01
1.875000e-02 2.209337e+00 5.260428e-01
1.919643e-02 2.245340e+00 5.179469e-01
1.941964e-02 2.263582e+00 5.140261e-01
1.964286e-02 2.282000e+00 5.102000e-01
2.053572e-02 2.356576e+00 4.954184e-01
2.098214e-02 2.394511e+00 4.883711e-01
2.120536e-02 2.413679e+00 4.849480e-01
2.142857e-02 2.433000e+00 4.816000e-01
2.232143e-02 2.511225e+00 4.686131e-01
2.276786e-02 2.550902e+00 4.623939e-01
2.299107e-02 2.570896e+00 4.593661e-01
2.321429e-02 2.591000e+00 4.564000e-01
2.410714e-02 2.671969e+00 4.448751e-01
2.455357e-02 2.712829e+00 4.393423e-01
2.477679e-02 2.733371e+00 4.366449e-01
2.500000e-02 2.754000e+00 4.340000e-01
2.678572e-02 2.921122e+00 4.139291e-01
2.767857e-02 3.005757e+00 4.046293e-01
2.812500e-02 3.048311e+00 4.001885e-01
2.834822e-02 3.069641e+00 3.980244e-01
2.857143e-02 3.091000e+00 3.959000e-01
3.035715e-02 3.262256e+00 3.796002e-01
3.125000e-02 3.348076e+00 3.719479e-01
3.169643e-02 3.391027e+00 3.682689e-01
3.191965e-02 3.412511e+00 3.664699e-01
3.214286e-02 3.434000e+00 3.647000e-01
3.392858e-02 3.606142e+00 3.510573e-01
3.482143e-02 3.692161e+00 3.446189e-01
3.526786e-02 3.735113e+00 3.415154e-01
3.549108e-02 3.756566e+00 3.399960e-01
3.571429e-02 3.778000e+00 3.385000e-01
3.750000e-02 3.949072e+00 3.269765e-01
3.839286e-02 4.034223e+00 3.215190e-01
3.883928e-02 4.076667e+00 3.188775e-01
3.906250e-02 4.097848e+00 3.175804e-01
3.928571e-02 4.119000e+00 3.163000e-01
4.107143e-02 4.287870e+00 3.063258e-01
4.196428e-02 4.371755e+00 3.015623e-01
4.241071e-02 4.413476e+00 2.992526e-01
4.285714e-02 4.455000e+00 2.970000e-01
4.464286e-02 4.619641e+00 2.883530e-01
4.553571e-02 4.701122e+00 2.842461e-01
4.598214e-02 4.741638e+00 2.822520e-01
4.642857e-02 4.782000e+00 2.803000e-01
4.821429e-02 4.942993e+00 2.726914e-01
4.910714e-02 5.022854e+00 2.690328e-01
4.955357e-02 5.062537e+00 2.672488e-01
5.000000e-02 5.102000e+00 2.655000e-01
5.178572e-02 5.258271e+00 2.587068e-01
5.267857e-02 5.335476e+00 2.554471e-01
5.312500e-02 5.373827e+00 2.538581e-01
5.357143e-02 5.412000e+00 2.523000e-01
5.535714e-02 5.564062e+00 2.462362e-01
5.625000e-02 5.639397e+00 2.433200e-01
5.669643e-02 5.676808e+00 2.418968e-01
5.714286e-02 5.714000e+00 2.405000e-01
5.892857e-02 5.861306e+00 2.350606e-01
5.982143e-02 5.934022e+00 2.324400e-01
6.026786e-02 5.970110e+00 2.311590e-01
6.071429e-02 6.006000e+00 2.299000e-01
6.250000e-02 6.148605e+00 2.249843e-01
6.339285e-02 6.219149e+00 2.226081e-01
6.383928e-02 6.254174e+00 2.214447e-01
6.428571e-02 6.289000e+00 2.203000e-01
6.785714e-02 6.563452e+00 2.115259e-01
6.964286e-02 6.697549e+00 2.074062e-01
7.053571e-02 6.763642e+00 2.054242e-01
7.142857e-02 6.829000e+00 2.035000e-01
7.589285e-02 7.149699e+00 1.943613e-01
7.812500e-02 7.305682e+00 1.901072e-01
7.924107e-02 7.382348e+00 1.880705e-01
7.979910e-02 7.420309e+00 1.870766e-01
8.035714e-02 7.458000e+00 1.861000e-01
8.482143e-02 7.754815e+00 1.785924e-01
8.705357e-02 7.899517e+00 1.750573e-01
8.816964e-02 7.970710e+00 1.733544e-01
8.928571e-02 8.041000e+00 1.717000e-01
9.375000e-02 8.316968e+00 1.653490e-01
9.598214e-02 8.451431e+00 1.623518e-01
9.709822e-02 8.517612e+00 1.609061e-01
9.821429e-02 8.583000e+00 1.595000e-01
1.026786e-01 8.840397e+00 1.540987e-01
1.049107e-01 8.966032e+00 1.515421e-01
1.060268e-01 9.027890e+00 1.503056e-01
1.071429e-01 9.089000e+00 1.491000e-01
1.116072e-01 9.329307e+00 1.444449e-01
1.138393e-01 9.446452e+00 1.422278e-01
1.149553e-01 9.504089e+00 1.411518e-01
1.160714e-01 9.561000e+00 1.401000e-01
1.205357e-01 9.783904e+00 1.360249e-01
1.227678e-01 9.892805e+00 1.340762e-01
1.238839e-01 9.946614e+00 1.331282e-01
1.250000e-01 1.000000e+01 1.322000e-01
1.294643e-01 1.021275e+01 1.285933e-01
1.316965e-01 1.031743e+01 1.268649e-01
1.339286e-01 1.042000e+01 1.252000e-01
1.383929e-01 1.061912e+01 1.220023e-01
1.406250e-01 1.071566e+01 1.204741e-01
1.428571e-01 1.081000e+01 1.190000e-01
1.517857e-01 1.117539e+01 1.134221e-01
1.562500e-01 1.135059e+01 1.108334e-01
1.584821e-01 1.143607e+01 1.095959e-01
1.607143e-01 1.152000e+01 1.084000e-01
1.696429e-01 1.184852e+01 1.038394e-01
1.741071e-01 1.200695e+01 1.017028e-01
1.763393e-01 1.208424e+01 1.006761e-01
1.785714e-01 1.216000e+01 9.968000e-02
1.875000e-01 1.245417e+01 9.586192e-02
1.919643e-01 1.259485e+01 9.406208e-02
1.941965e-01 1.266319e+01 9.319413e-02
1.964286e-01 1.273000e+01 9.235000e-02
2.053571e-01 1.298777e+01 8.910387e-02
2.098214e-01 1.311100e+01 8.756708e-02
2.142857e-01 1.323000e+01 8.610000e-02
2.232143e-01 1.346075e+01 8.330271e-02
2.276786e-01 1.357201e+01 8.197805e-02
2.321429e-01 1.368000e+01 8.071000e-02
2.410715e-01 1.389075e+01 7.827455e-02
2.455357e-01 1.399222e+01 7.711421e-02
2.500000e-01 1.409000e+01 7.600000e-02
2.678571e-01 1.445200e+01 7.184120e-02
2.767857e-01 1.461669e+01 6.993962e-02
2.812500e-01 1.469479e+01 6.903756e-02
2.857143e-01 1.477000e+01 6.817000e-02
3.035714e-01 1.505872e+01 6.487391e-02
3.125000e-01 1.519361e+01 6.334069e-02
3.214286e-01 1.532000e+01 6.190000e-02
3.392857e-01 1.555382e+01 5.920403e-02
3.482143e-01 1.566069e+01 5.795177e-02
3.571429e-01 1.576000e+01 5.677000e-02
3.750000e-01 1.594528e+01 5.452599e-02
3.839286e-01 1.603053e+01 5.347137e-02
3.928571e-01 1.611000e+01 5.247000e-02
4.107143e-01 1.625849e+01 5.056869e-02
4.285714e-01 1.639000e+01 4.882000e-02
4.464286e-01 1.650781e+01 4.718550e-02
4.642857e-01 1.661000e+01 4.568000e-02
4.821429e-01 1.670124e+01 4.426444e-02
5.000000e-01 1.678000e+01 4.295000e-02
5.357143e-01 1.691000e+01 4.054000e-02
5.714286e-01 1.701000e+01 3.841000e-02
6.071429e-01 1.709000e+01 3.651000e-02
6.428571e-01 1.713000e+01 3.480000e-02
7.142857e-01 1.717000e+01 3.184000e-02
8.035714e-01 1.714000e+01 2.882000e-02
8.928571e-01 1.704000e+01 2.636000e-02
9.821429e-01 1.690000e+01 2.431000e-02
1.026786e+00 1.681875e+01 2.339800e-02
1.071429e+00 1.673000e+01 2.257000e-02
1.116071e+00 1.663832e+01 2.179439e-02
1.160714e+00 1.654000e+01 2.108000e-02
1.205357e+00 1.643239e+01 2.041058e-02
1.250000e+00 1.632000e+01 1.979000e-02
1.294643e+00 1.620951e+01 1.920011e-02
1.339286e+00 1.610000e+01 1.865000e-02
1.383929e+00 1.599077e+01 1.813255e-02
1.428571e+00 1.588000e+01 1.765000e-02
1.517857e+00 1.564774e+01 1.674685e-02
1.562500e+00 1.552894e+01 1.632986e-02
1.607143e+00 1.541000e+01 1.594000e-02
1.696429e+00 1.517803e+01 1.521320e-02
1.741071e+00 1.506379e+01 1.487677e-02
1.785714e+00 1.495000e+01 1.456000e-02
1.875000e+00 1.471435e+01 1.395974e-02
1.919643e+00 1.459909e+01 1.367783e-02
1.964286e+00 1.449000e+01 1.341000e-02
2.053571e+00 1.430483e+01 1.289921e-02
2.098214e+00 1.421854e+01 1.265856e-02
2.142857e+00 1.413000e+01 1.243000e-02
2.232143e+00 1.392386e+01 1.199759e-02
2.276786e+00 1.381269e+01 1.179412e-02
2.321429e+00 1.370000e+01 1.160000e-02
2.410715e+00 1.348347e+01 1.122755e-02
2.455357e+00 1.337993e+01 1.105023e-02
2.500000e+00 1.328000e+01 1.088000e-02
2.678572e+00 1.290415e+01 1.024361e-02
2.767857e+00 1.272831e+01 9.952843e-03
2.812500e+00 1.264326e+01 9.815149e-03
2.857143e+00 1.256000e+01 9.683000e-03
3.035715e+00 1.223340e+01 9.183993e-03
3.125000e+00 1.207472e+01 8.953199e-03
3.169643e+00 1.199681e+01 8.843146e-03
3.214286e+00 1.192000e+01 8.737000e-03
3.392857e+00 1.161804e+01 8.333609e-03
3.482143e+00 1.147176e+01 8.145469e-03
3.526786e+00 1.140022e+01 8.055300e-03
3.571429e+00 1.133000e+01 7.968000e-03
3.750000e+00 1.105702e+01 7.634288e-03
3.839285e+00 1.092613e+01 7.477576e-03
3.883928e+00 1.086240e+01 7.402185e-03
3.928571e+00 1.080000e+01 7.329000e-03
4.107143e+00 1.055860e+01 7.048393e-03
4.196428e+00 1.044262e+01 6.916021e-03
4.241071e+00 1.038588e+01 6.852150e-03
4.285714e+00 1.033000e+01 6.790000e-03
4.464285e+00 1.010985e+01 6.550835e-03
4.553571e+00 1.000289e+01 6.437437e-03
4.598214e+00 9.950495e+00 6.382546e-03
4.642857e+00 9.899000e+00 6.329000e-03
4.821428e+00 9.698803e+00 6.122082e-03
4.910714e+00 9.602428e+00 6.023528e-03
5.000000e+00 9.509000e+00 5.929000e-03
5.178572e+00 9.327599e+00 5.747861e-03
5.267857e+00 9.240039e+00 5.661703e-03
5.357143e+00 9.155000e+00 5.579000e-03
5.535715e+00 8.989606e+00 5.420086e-03
5.625000e+00 8.909674e+00 5.344175e-03
5.714286e+00 8.832000e+00 5.271000e-03
5.892857e+00 8.681101e+00 5.129475e-03
5.982143e+00 8.608100e+00 5.061569e-03
6.071429e+00 8.537000e+00 4.996000e-03
6.250000e+00 8.398134e+00 4.869434e-03
6.339285e+00 8.330721e+00 4.808705e-03
6.428571e+00 8.265000e+00 4.750000e-03
6.785714e+00 8.013252e+00 4.527692e-03
6.964286e+00 7.894391e+00 4.424332e-03
7.053571e+00 7.836962e+00 4.374861e-03
7.142857e+00 7.781000e+00 4.327000e-03
7.589286e+00 7.513036e+00 4.100671e-03
7.812500e+00 7.386908e+00 3.996005e-03
7.924107e+00 7.326115e+00 3.946108e-03
8.035714e+00 7.267000e+00 3.898000e-03
8.482143e+00 7.039690e+00 3.715358e-03
8.705357e+00 6.931978e+00 3.630250e-03
8.816964e+00 6.879849e+00 3.589474e-03
8.928571e+00 6.829000e+00 3.550000e-03
9.375000e+00 6.632712e+00 3.399037e-03
9.598215e+00 6.539087e+00 3.328156e-03
9.709822e+00 6.493569e+00 3.294071e-03
9.821429e+00 6.449000e+00 3.261000e-03
1.026786e+01 6.275700e+00 3.134416e-03
1.049107e+01 6.192446e+00 3.074772e-03
1.060268e+01 6.151838e+00 3.046000e-03
1.071429e+01 6.112000e+00 3.018000e-03
1.116071e+01 5.957011e+00 2.910110e-03
1.138393e+01 5.882366e+00 2.858926e-03
1.149553e+01 5.845874e+00 2.834154e-03
1.160714e+01 5.810000e+00 2.810000e-03
1.205357e+01 5.669766e+00 2.716791e-03
1.227679e+01 5.601927e+00 2.672467e-03
1.238839e+01 5.568699e+00 2.650980e-03
1.250000e+01 5.536000e+00 2.630000e-03
1.294643e+01 5.408256e+00 2.548863e-03
1.316964e+01 5.346350e+00 2.510166e-03
1.328125e+01 5.315966e+00 2.491373e-03
1.339286e+01 5.286000e+00 2.473000e-03
1.383929e+01 5.168235e+00 2.401865e-03
1.406250e+01 5.110923e+00 2.367821e-03
1.417410e+01 5.082765e+00 2.351244e-03
1.428571e+01 5.055000e+00 2.335000e-03
1.517857e+01 4.841308e+00 2.211582e-03
1.562500e+01 4.740325e+00 2.154458e-03
1.584821e+01 4.691534e+00 2.127233e-03
1.595982e+01 4.667602e+00 2.113986e-03
1.607143e+01 4.644000e+00 2.101000e-03
1.696429e+01 4.460756e+00 2.001884e-03
1.741071e+01 4.373491e+00 1.955633e-03
1.763393e+01 4.331217e+00 1.933463e-03
1.785714e+01 4.290000e+00 1.912000e-03
1.875000e+01 4.131142e+00 1.829967e-03
1.919643e+01 4.055851e+00 1.791469e-03
1.941964e+01 4.019452e+00 1.772959e-03
1.964286e+01 3.984000e+00 1.755000e-03
2.053571e+01 3.847140e+00 1.686246e-03
2.098214e+01 3.782431e+00 1.653844e-03
2.120536e+01 3.751254e+00 1.638212e-03
2.142857e+01 3.721000e+00 1.623000e-03
2.232143e+01 3.605375e+00 1.564339e-03
2.276786e+01 3.551197e+00 1.536532e-03
2.299107e+01 3.525191e+00 1.523090e-03
2.321429e+01 3.500000e+00 1.510000e-03
2.410714e+01 3.403290e+00 1.459705e-03
2.455357e+01 3.358165e+00 1.435848e-03
2.477679e+01 3.336658e+00 1.424289e-03
2.500000e+01 3.316000e+00 1.413000e-03
2.678571e+01 3.174165e+00 1.328051e-03
2.767857e+01 3.114058e+00 1.289154e-03
2.812500e+01 3.086062e+00 1.270712e-03
2.857143e+01 3.059000e+00 1.253000e-03
3.035714e+01 2.951165e+00 1.185968e-03
3.125000e+01 2.897199e+00 1.154970e-03
3.169643e+01 2.870143e+00 1.140209e-03
3.214286e+01 2.843000e+00 1.126000e-03
3.392857e+01 2.731644e+00 1.072327e-03
3.482143e+01 2.676434e+00 1.047428e-03
3.526786e+01 2.649392e+00 1.035520e-03
3.571429e+01 2.623000e+00 1.024000e-03
3.750000e+01 2.523387e+00 9.799357e-04
3.839285e+01 2.476982e+00 9.592323e-04
3.883928e+01 2.454681e+00 9.492706e-04
3.928571e+01 2.433000e+00 9.396000e-04
4.107143e+01 2.349042e+00 9.025178e-04
4.196428e+01 2.309121e+00 8.850330e-04
4.241071e+01 2.289808e+00 8.766007e-04
4.285714e+01 2.271000e+00 8.684000e-04
4.464285e+01 2.198834e+00 8.368797e-04
4.553571e+01 2.164672e+00 8.219557e-04
4.598214e+01 2.148137e+00 8.147374e-04
4.642857e+01 2.132000e+00 8.077000e-04
4.821429e+01 2.069482e+00 7.805231e-04
4.910714e+01 2.039644e+00 7.675919e-04
4.955357e+01 2.025157e+00 7.613221e-04
5.000000e+01 2.011000e+00 7.552000e-04
5.178571e+01 1.956277e+00 7.315368e-04
5.267857e+01 1.930148e+00 7.202492e-04
5.312500e+01 1.917442e+00 7.147651e-04
5.357143e+01 1.905000e+00 7.094000e-04
5.535715e+01 1.856577e+00 6.885760e-04
5.625000e+01 1.833357e+00 6.786043e-04
5.669643e+01 1.822058e+00 6.737515e-04
5.714286e+01 1.811000e+00 6.690000e-04
5.892857e+01 1.768263e+00 6.505722e-04
5.982143e+01 1.747795e+00 6.417354e-04
6.026786e+01 1.737809e+00 6.374269e-04
6.071429e+01 1.728000e+00 6.332000e-04
6.250000e+01 1.689604e+00 6.167184e-04
6.339285e+01 1.671029e+00 6.087799e-04
6.383928e+01 1.661937e+00 6.049038e-04
6.428571e+01 1.653000e+00 6.011000e-04
6.785714e+01 1.584767e+00 5.722190e-04
6.964285e+01 1.552954e+00 5.588119e-04
7.053571e+01 1.537724e+00 5.524000e-04
7.142857e+01 1.523000e+00 5.462000e-04
7.589285e+01 1.453773e+00 5.169068e-04
7.812500e+01 1.421874e+00 5.033705e-04
7.924107e+01 1.406672e+00 4.969193e-04
7.979910e+01 1.399268e+00 4.937794e-04
8.035714e+01 1.392000e+00 4.907000e-04
8.482143e+01 1.336039e+00 4.671150e-04
8.705357e+01 1.309774e+00 4.560904e-04
8.816964e+01 1.297178e+00 4.508082e-04
8.928571e+01 1.285000e+00 4.457000e-04
9.375000e+01 1.238913e+00 4.262748e-04
9.598215e+01 1.217400e+00 4.171932e-04
9.709822e+01 1.207056e+00 4.128315e-04
9.821429e+01 1.197000e+00 4.086000e-04
1.026786e+02 1.158089e+00 3.923576e-04
1.049107e+02 1.139614e+00 3.846930e-04
1.060268e+02 1.130686e+00 3.809958e-04
1.071429e+02 1.122000e+00 3.774000e-04
1.116071e+02 1.088701e+00 3.635845e-04
1.138393e+02 1.072982e+00 3.570453e-04
1.149553e+02 1.065392e+00 3.538830e-04
1.160714e+02 1.058000e+00 3.508000e-04
1.205357e+02 1.029508e+00 3.388902e-04
1.227678e+02 1.015970e+00 3.332250e-04
1.238839e+02 1.009408e+00 3.304794e-04
1.250000e+02 1.003000e+00 3.278000e-04
1.294643e+02 9.782132e-01 3.174634e-04
1.316964e+02 9.663798e-01 3.125370e-04
1.328125e+02 9.606282e-01 3.101431e-04
1.339286e+02 9.550000e-01 3.078000e-04
1.383929e+02 9.331531e-01 2.986845e-04
1.406250e+02 9.226859e-01 2.943121e-04
1.417410e+02 9.175901e-01 2.921836e-04
1.428571e+02 9.126000e-01 2.901000e-04
1.517857e+02 8.748980e-01 2.744244e-04
1.562500e+02 8.575297e-01 2.672253e-04
1.584821e+02 8.492636e-01 2.638007e-04
1.607143e+02 8.413000e-01 2.605000e-04
1.696429e+02 8.110492e-01 2.479156e-04
1.741071e+02 7.969620e-01 2.420384e-04
1.763393e+02 7.902196e-01 2.392229e-04
1.785714e+02 7.837000e-01 2.365000e-04
1.875000e+02 7.588440e-01 2.261336e-04
1.919643e+02 7.472074e-01 2.212853e-04
1.941964e+02 7.416188e-01 2.189573e-04
1.964286e+02 7.362000e-01 2.167000e-04
2.053571e+02 7.154492e-01 2.080542e-04
2.098214e+02 7.056808e-01 2.039790e-04
2.120536e+02 7.009742e-01 2.020130e-04
2.142857e+02 6.964000e-01 2.001000e-04
2.232143e+02 6.788317e-01 1.927275e-04
2.276786e+02 6.705247e-01 1.892338e-04
2.299108e+02 6.665105e-01 1.875449e-04
2.321429e+02 6.626000e-01 1.859000e-04
2.410714e+02 6.475218e-01 1.795756e-04
2.455357e+02 6.403576e-01 1.765744e-04
2.477679e+02 6.368867e-01 1.751201e-04
2.500000e+02 6.335000e-01 1.737000e-04
2.678571e+02 6.081507e-01 1.630149e-04
2.767857e+02 5.966336e-01 1.581298e-04
2.812500e+02 5.911997e-01 1.558174e-04
2.857143e+02 5.860000e-01 1.536000e-04
3.035715e+02 5.664558e-01 1.452456e-04
3.125000e+02 5.574720e-01 1.413951e-04
3.169643e+02 5.532043e-01 1.395634e-04
3.214286e+02 5.491000e-01 1.378000e-04
3.571429e+02 5.196000e-01 1.251000e-04
