1.724138e-03 5.433000e-01 4.042000e+00
1.896552e-03 5.699000e-01 3.988000e+00
1.982759e-03 6.128349e-01 3.960650e+00
2.025863e-03 6.425176e-01 3.946867e+00
2.047414e-03 6.595199e-01 3.939944e+00
2.058190e-03 6.685738e-01 3.936475e+00
2.063578e-03 6.732403e-01 3.934738e+00
2.068966e-03 6.780000e-01 3.933000e+00
2.155173e-03 7.650316e-01 3.905003e+00
2.198276e-03 8.102629e-01 3.890978e+00
2.219827e-03 8.321407e-01 3.883978e+00
2.230603e-03 8.426734e-01 3.880485e+00
2.235991e-03 8.477968e-01 3.878742e+00
2.241379e-03 8.528000e-01 3.877000e+00
2.327586e-03 9.205753e-01 3.849331e+00
2.370690e-03 9.476870e-01 3.835622e+00
2.392241e-03 9.596995e-01 3.828800e+00
2.403017e-03 9.653546e-01 3.825397e+00
2.413793e-03 9.708000e-01 3.822000e+00
2.500000e-03 1.012531e+00 3.794891e+00
2.543104e-03 1.031337e+00 3.781408e+00
2.564655e-03 1.039989e+00 3.774693e+00
2.586207e-03 1.048000e+00 3.768000e+00
2.672414e-03 1.075435e+00 3.741365e+00
2.715518e-03 1.086599e+00 3.728142e+00
2.758621e-03 1.096000e+00 3.715000e+00
2.844828e-03 1.111951e+00 3.688866e+00
2.887931e-03 1.118491e+00 3.675893e+00
2.931034e-03 1.124000e+00 3.663000e+00
3.017241e-03 1.133230e+00 3.637343e+00
3.103448e-03 1.140000e+00 3.612000e+00
3.448276e-03 1.151000e+00 3.514000e+00
3.879310e-03 1.154000e+00 3.398000e+00
4.310345e-03 1.165000e+00 3.290000e+00
4.525862e-03 1.175050e+00 3.238450e+00
4.633621e-03 1.181485e+00 3.213434e+00
4.741379e-03 1.189000e+00 3.189000e+00
4.956897e-03 1.205883e+00 3.141158e+00
5.064655e-03 1.215463e+00 3.117836e+00
5.172414e-03 1.226000e+00 3.095000e+00
5.387931e-03 1.249081e+00 3.050207e+00
5.495689e-03 1.261658e+00 3.028366e+00
5.549569e-03 1.268230e+00 3.017617e+00
5.603448e-03 1.275000e+00 3.007000e+00
5.818966e-03 1.303050e+00 2.965294e+00
5.926724e-03 1.317746e+00 2.944944e+00
5.980604e-03 1.325296e+00 2.934917e+00
6.034483e-03 1.333000e+00 2.925000e+00
6.250000e-03 1.364734e+00 2.885937e+00
6.357758e-03 1.381157e+00 2.866807e+00
6.411638e-03 1.389523e+00 2.857359e+00
6.465517e-03 1.398000e+00 2.848000e+00
6.681035e-03 1.432522e+00 2.810975e+00
6.788793e-03 1.450134e+00 2.792818e+00
6.842673e-03 1.459034e+00 2.783860e+00
6.896552e-03 1.468000e+00 2.775000e+00
7.327587e-03 1.541149e+00 2.706399e+00
7.543104e-03 1.578404e+00 2.673617e+00
7.650862e-03 1.597168e+00 2.657654e+00
7.704742e-03 1.606577e+00 2.649787e+00
7.758621e-03 1.616000e+00 2.642000e+00
8.189656e-03 1.691633e+00 2.580986e+00
8.405173e-03 1.729405e+00 2.551527e+00
8.512931e-03 1.748235e+00 2.537132e+00
8.566811e-03 1.757628e+00 2.530030e+00
8.620690e-03 1.767000e+00 2.523000e+00
9.051725e-03 1.841631e+00 2.468115e+00
9.267242e-03 1.878534e+00 2.441655e+00
9.375000e-03 1.896833e+00 2.428717e+00
9.482759e-03 1.915000e+00 2.416000e+00
9.913794e-03 1.986997e+00 2.366306e+00
1.012931e-02 2.022332e+00 2.342297e+00
1.023707e-02 2.039765e+00 2.330549e+00
1.034483e-02 2.057000e+00 2.319000e+00
1.077586e-02 2.124714e+00 2.273972e+00
1.099138e-02 2.157716e+00 2.252197e+00
1.109914e-02 2.173957e+00 2.241521e+00
1.120690e-02 2.190000e+00 2.231000e+00
1.163794e-02 2.253158e+00 2.189649e+00
1.185345e-02 2.283941e+00 2.169558e+00
1.196121e-02 2.299074e+00 2.159702e+00
1.206897e-02 2.314000e+00 2.150000e+00
1.293104e-02 2.429141e+00 2.075890e+00
1.336207e-02 2.483456e+00 2.041101e+00
1.357758e-02 2.509614e+00 2.024329e+00
1.368534e-02 2.522410e+00 2.016108e+00
1.379310e-02 2.535000e+00 2.008000e+00
1.465517e-02 2.631948e+00 1.944885e+00
1.508621e-02 2.677634e+00 1.914785e+00
1.530172e-02 2.699636e+00 1.900206e+00
1.551724e-02 2.721000e+00 1.886000e+00
1.637931e-02 2.802921e+00 1.831581e+00
1.681035e-02 2.841462e+00 1.805778e+00
1.702586e-02 2.860007e+00 1.793256e+00
1.724138e-02 2.878000e+00 1.781000e+00
1.810345e-02 2.946793e+00 1.733145e+00
1.853448e-02 2.979180e+00 1.710149e+00
1.875000e-02 2.994800e+00 1.698954e+00
1.896552e-02 3.010000e+00 1.688000e+00
1.982759e-02 3.068706e+00 1.645681e+00
2.025862e-02 3.096520e+00 1.625470e+00
2.068966e-02 3.123000e+00 1.606000e+00
2.155173e-02 3.172990e+00 1.568453e+00
2.198276e-02 3.196515e+00 1.550436e+00
2.241379e-02 3.219000e+00 1.533000e+00
2.327586e-02 3.262242e+00 1.499157e+00
2.370689e-02 3.282959e+00 1.482836e+00
2.413793e-02 3.303000e+00 1.467000e+00
2.500000e-02 3.341958e+00 1.436207e+00
2.543104e-02 3.360760e+00 1.421366e+00
2.586207e-02 3.379000e+00 1.407000e+00
2.672414e-02 3.414245e+00 1.379317e+00
2.758621e-02 3.448000e+00 1.353000e+00
2.844828e-02 3.480961e+00 1.327458e+00
2.931034e-02 3.513000e+00 1.303000e+00
3.017241e-02 3.544229e+00 1.279436e+00
3.103448e-02 3.575000e+00 1.257000e+00
3.275862e-02 3.636487e+00 1.214711e+00
3.362069e-02 3.667530e+00 1.194878e+00
3.448276e-02 3.699000e+00 1.176000e+00
3.663793e-02 3.778909e+00 1.131109e+00
3.771551e-02 3.820227e+00 1.110021e+00
3.825431e-02 3.841394e+00 1.099867e+00
3.879310e-02 3.863000e+00 1.090000e+00
4.094827e-02 3.951908e+00 1.052021e+00
4.202586e-02 3.998465e+00 1.034073e+00
4.256466e-02 4.022447e+00 1.025415e+00
4.310345e-02 4.047000e+00 1.017000e+00
4.525862e-02 4.148509e+00 9.848064e-01
4.633620e-02 4.201696e+00 9.695811e-01
4.687500e-02 4.229051e+00 9.622065e-01
4.741379e-02 4.257000e+00 9.550000e-01
4.956896e-02 4.371974e+00 9.269501e-01
5.064655e-02 4.431900e+00 9.135142e-01
5.118535e-02 4.462642e+00 9.069834e-01
5.172414e-02 4.494000e+00 9.006000e-01
5.387931e-02 4.623047e+00 8.759659e-01
5.495689e-02 4.690018e+00 8.642139e-01
5.549569e-02 4.724234e+00 8.584984e-01
5.603448e-02 4.759000e+00 8.529000e-01
5.818965e-02 4.900925e+00 8.311006e-01
5.926724e-02 4.974024e+00 8.206218e-01
5.980604e-02 5.011248e+00 8.155114e-01
6.034483e-02 5.049000e+00 8.105000e-01
6.250000e-02 5.203143e+00 7.910192e-01
6.357758e-02 5.282256e+00 7.816561e-01
6.411638e-02 5.322407e+00 7.770862e-01
6.465517e-02 5.363000e+00 7.726000e-01
6.681034e-02 5.527692e+00 7.551072e-01
6.788793e-02 5.611660e+00 7.466727e-01
6.842673e-02 5.654139e+00 7.425500e-01
6.896552e-02 5.697000e+00 7.385000e-01
7.327586e-02 6.048285e+00 7.076250e-01
7.543104e-02 6.229219e+00 6.932151e-01
7.650862e-02 6.321111e+00 6.863016e-01
7.704742e-02 6.367429e+00 6.829232e-01
7.758621e-02 6.414000e+00 6.796000e-01
8.189656e-02 6.791064e+00 6.539531e-01
8.405173e-02 6.982472e+00 6.418318e-01
8.512931e-02 7.078959e+00 6.359844e-01
8.566811e-02 7.127409e+00 6.331205e-01
8.620690e-02 7.176000e+00 6.303000e-01
9.051724e-02 7.567563e+00 6.085396e-01
9.267242e-02 7.764840e+00 5.982355e-01
9.375000e-02 7.863819e+00 5.932538e-01
9.428880e-02 7.913387e+00 5.908100e-01
9.482759e-02 7.963000e+00 5.884000e-01
9.913795e-02 8.360954e+00 5.697222e-01
1.012931e-01 8.560094e+00 5.608270e-01
1.023707e-01 8.659600e+00 5.565128e-01
1.029095e-01 8.709318e+00 5.543929e-01
1.034483e-01 8.759000e+00 5.523000e-01
1.077587e-01 9.155705e+00 5.360382e-01
1.099138e-01 9.353259e+00 5.282678e-01
1.109914e-01 9.451750e+00 5.244920e-01
1.115302e-01 9.500909e+00 5.226349e-01
1.120690e-01 9.550000e+00 5.208000e-01
1.163793e-01 9.942128e+00 5.065293e-01
1.185345e-01 1.013688e+01 4.996912e-01
1.196121e-01 1.023369e+01 4.963615e-01
1.206897e-01 1.033000e+01 4.931000e-01
1.293103e-01 1.108939e+01 4.684324e-01
1.336207e-01 1.145927e+01 4.570506e-01
1.357758e-01 1.164095e+01 4.516281e-01
1.368534e-01 1.173084e+01 4.489888e-01
1.379310e-01 1.182000e+01 4.464000e-01
1.465517e-01 1.251968e+01 4.265561e-01
1.508620e-01 1.285921e+01 4.172671e-01
1.530172e-01 1.302581e+01 4.128119e-01
1.540948e-01 1.310823e+01 4.106370e-01
1.551724e-01 1.319000e+01 4.085000e-01
1.637931e-01 1.383456e+01 3.921057e-01
1.681034e-01 1.414712e+01 3.844037e-01
1.702586e-01 1.429999e+01 3.806978e-01
1.713362e-01 1.437539e+01 3.788847e-01
1.724138e-01 1.445000e+01 3.771000e-01
1.810345e-01 1.503076e+01 3.633224e-01
1.853449e-01 1.530987e+01 3.568056e-01
1.875000e-01 1.544615e+01 3.536598e-01
1.896552e-01 1.558000e+01 3.506000e-01
1.982759e-01 1.610301e+01 3.388659e-01
2.025863e-01 1.635543e+01 3.333125e-01
2.047414e-01 1.647882e+01 3.306242e-01
2.068966e-01 1.660000e+01 3.280000e-01
2.155172e-01 1.707223e+01 3.178275e-01
2.198276e-01 1.729971e+01 3.129682e-01
2.219827e-01 1.741085e+01 3.106077e-01
2.241379e-01 1.752000e+01 3.083000e-01
2.327586e-01 1.794577e+01 2.993636e-01
2.370690e-01 1.815107e+01 2.950978e-01
2.392241e-01 1.825142e+01 2.930257e-01
2.413793e-01 1.835000e+01 2.910000e-01
2.500000e-01 1.873513e+01 2.831648e-01
2.543104e-01 1.892068e+01 2.794164e-01
2.586207e-01 1.910000e+01 2.758000e-01
2.672414e-01 1.944466e+01 2.688043e-01
2.715517e-01 1.960990e+01 2.654456e-01
2.758621e-01 1.977000e+01 2.622000e-01
2.844828e-01 2.008192e+01 2.559335e-01
2.887931e-01 2.023298e+01 2.529208e-01
2.931034e-01 2.038000e+01 2.500000e-01
3.017241e-01 2.066678e+01 2.443096e-01
3.060344e-01 2.080545e+01 2.415622e-01
3.103448e-01 2.094000e+01 2.389000e-01
3.275862e-01 2.144863e+01 2.288623e-01
3.362069e-01 2.168564e+01 2.242006e-01
3.405172e-01 2.179947e+01 2.219664e-01
3.448276e-01 2.191000e+01 2.198000e-01
3.663793e-01 2.243913e+01 2.094648e-01
3.771551e-01 2.268672e+01 2.046415e-01
3.825431e-01 2.280534e+01 2.023322e-01
3.879310e-01 2.292000e+01 2.001000e-01
4.094828e-01 2.335430e+01 1.916146e-01
4.202586e-01 2.355729e+01 1.876497e-01
4.310345e-01 2.375000e+01 1.839000e-01
4.525862e-01 2.411886e+01 1.768001e-01
4.633620e-01 2.429345e+01 1.734669e-01
4.741379e-01 2.446000e+01 1.703000e-01
4.956896e-01 2.477702e+01 1.642665e-01
5.064655e-01 2.492684e+01 1.614175e-01
5.172414e-01 2.507000e+01 1.587000e-01
5.387931e-01 2.534408e+01 1.535100e-01
5.495689e-01 2.547454e+01 1.510515e-01
5.603448e-01 2.560000e+01 1.487000e-01
5.818965e-01 2.584210e+01 1.441930e-01
6.034483e-01 2.607000e+01 1.400000e-01
6.250000e-01 2.628571e+01 1.360719e-01
6.465517e-01 2.649000e+01 1.324000e-01
6.681035e-01 2.668970e+01 1.288503e-01
6.896552e-01 2.688000e+01 1.255000e-01
7.327587e-01 2.722828e+01 1.193873e-01
7.543104e-01 2.738843e+01 1.166034e-01
7.758621e-01 2.754000e+01 1.140000e-01
8.189655e-01 2.783391e+01 1.090402e-01
8.620690e-01 2.811000e+01 1.045000e-01
9.051725e-01 2.837011e+01 1.003176e-01
9.482759e-01 2.861000e+01 9.653000e-02
9.913794e-01 2.883418e+01 9.301049e-02
1.034483e+00 2.904000e+01 8.979000e-02
1.077587e+00 2.923199e+01 8.677263e-02
1.120690e+00 2.941000e+01 8.399000e-02
1.163794e+00 2.958030e+01 8.137435e-02
1.206897e+00 2.974000e+01 7.895000e-02
1.293103e+00 3.003485e+01 7.449221e-02
1.379310e+00 3.029000e+01 7.058000e-02
1.465517e+00 3.051208e+01 6.704773e-02
1.551724e+00 3.070000e+01 6.392000e-02
1.637931e+00 3.086787e+01 6.105524e-02
1.724138e+00 3.101000e+01 5.848000e-02
1.896552e+00 3.123000e+01 5.394000e-02
2.068966e+00 3.139000e+01 5.010000e-02
2.241379e+00 3.136000e+01 4.680000e-02
2.413793e+00 3.109000e+01 4.393000e-02
2.586207e+00 3.096000e+01 4.141000e-02
2.758621e+00 3.079000e+01 3.919000e-02
2.931034e+00 3.060000e+01 3.720000e-02
3.103448e+00 3.038000e+01 3.542000e-02
3.275862e+00 3.014804e+01 3.379911e-02
3.448276e+00 2.990000e+01 3.235000e-02
3.663793e+00 2.956859e+01 3.069683e-02
3.771552e+00 2.939601e+01 2.993884e-02
3.879310e+00 2.922000e+01 2.923000e-02
4.094828e+00 2.886699e+01 2.789183e-02
4.202586e+00 2.868921e+01 2.726794e-02
4.310345e+00 2.851000e+01 2.668000e-02
4.525862e+00 2.814664e+01 2.557478e-02
4.633621e+00 2.796351e+01 2.505883e-02
4.741379e+00 2.778000e+01 2.457000e-02
4.956897e+00 2.741387e+01 2.363808e-02
5.064655e+00 2.723156e+01 2.319847e-02
5.172414e+00 2.705000e+01 2.278000e-02
5.387931e+00 2.668797e+01 2.198452e-02
5.495690e+00 2.650826e+01 2.160889e-02
5.603448e+00 2.633000e+01 2.125000e-02
5.818966e+00 2.597712e+01 2.056118e-02
5.926724e+00 2.580274e+01 2.023371e-02
6.034483e+00 2.563000e+01 1.992000e-02
6.250000e+00 2.528675e+01 1.932002e-02
6.357759e+00 2.511727e+01 1.903455e-02
6.465517e+00 2.495000e+01 1.876000e-02
6.681034e+00 2.462104e+01 1.822944e-02
6.788793e+00 2.445944e+01 1.797517e-02
6.896552e+00 2.430000e+01 1.773000e-02
7.327586e+00 2.367215e+01 1.680954e-02
7.543104e+00 2.336692e+01 1.638594e-02
7.650862e+00 2.321725e+01 1.618432e-02
7.758621e+00 2.307000e+01 1.599000e-02
8.189656e+00 2.249598e+01 1.525061e-02
8.405173e+00 2.221895e+01 1.490551e-02
8.512931e+00 2.208337e+01 1.474011e-02
8.620690e+00 2.195000e+01 1.458000e-02
9.051724e+00 2.142812e+01 1.396886e-02
9.267242e+00 2.117550e+01 1.368205e-02
9.375000e+00 2.105176e+01 1.354404e-02
9.482759e+00 2.093000e+01 1.341000e-02
9.913794e+00 2.045411e+01 1.289464e-02
1.012931e+01 2.022386e+01 1.265133e-02
1.023707e+01 2.011105e+01 1.253401e-02
1.034483e+01 2.000000e+01 1.242000e-02
1.077586e+01 1.956492e+01 1.198342e-02
1.099138e+01 1.935435e+01 1.177713e-02
1.109914e+01 1.925130e+01 1.167735e-02
1.120690e+01 1.915000e+01 1.158000e-02
1.163793e+01 1.875538e+01 1.120300e-02
1.185345e+01 1.856493e+01 1.102296e-02
1.206897e+01 1.838000e+01 1.085000e-02
1.293104e+01 1.767449e+01 1.020557e-02
1.336207e+01 1.734363e+01 9.912026e-03
1.357758e+01 1.718450e+01 9.773183e-03
1.379310e+01 1.703000e+01 9.640000e-03
1.465517e+01 1.643713e+01 9.136836e-03
1.508620e+01 1.615704e+01 8.904054e-03
1.530172e+01 1.602176e+01 8.793051e-03
1.551724e+01 1.589000e+01 8.686000e-03
1.637931e+01 1.538197e+01 8.279200e-03
1.681034e+01 1.514075e+01 8.089620e-03
1.702586e+01 1.502394e+01 7.998832e-03
1.724138e+01 1.491000e+01 7.911000e-03
1.810345e+01 1.446932e+01 7.576029e-03
1.853449e+01 1.425993e+01 7.418942e-03
1.875000e+01 1.415865e+01 7.343378e-03
1.896552e+01 1.406000e+01 7.270000e-03
1.982759e+01 1.368258e+01 6.987981e-03
2.025863e+01 1.350316e+01 6.854776e-03
2.047414e+01 1.341580e+01 6.790507e-03
2.068966e+01 1.333000e+01 6.728000e-03
2.155172e+01 1.299160e+01 6.488016e-03
2.198276e+01 1.282788e+01 6.374466e-03
2.219827e+01 1.274807e+01 6.319549e-03
2.241379e+01 1.267000e+01 6.266000e-03
2.327586e+01 1.237022e+01 6.059077e-03
2.370690e+01 1.222753e+01 5.960526e-03
2.392241e+01 1.215810e+01 5.912712e-03
2.413793e+01 1.209000e+01 5.866000e-03
2.500000e+01 1.182358e+01 5.685266e-03
2.543104e+01 1.169484e+01 5.598976e-03
2.564655e+01 1.163187e+01 5.557036e-03
2.586207e+01 1.157000e+01 5.516000e-03
2.672414e+01 1.132915e+01 5.356796e-03
2.715517e+01 1.121293e+01 5.280529e-03
2.737069e+01 1.115602e+01 5.243390e-03
2.758621e+01 1.110000e+01 5.207000e-03
2.844828e+01 1.088069e+01 5.065475e-03
2.887931e+01 1.077412e+01 4.997545e-03
2.931034e+01 1.067000e+01 4.932000e-03
3.017241e+01 1.046627e+01 4.805833e-03
3.060345e+01 1.036705e+01 4.745397e-03
3.103448e+01 1.027000e+01 4.687000e-03
3.275862e+01 9.894220e+00 4.465372e-03
3.362069e+01 9.715854e+00 4.362182e-03
3.405172e+01 9.629719e+00 4.312782e-03
3.448276e+01 9.546000e+00 4.265000e-03
3.663793e+01 9.150088e+00 4.039555e-03
3.771551e+01 8.966247e+00 3.935458e-03
3.825431e+01 8.878231e+00 3.885845e-03
3.879310e+01 8.793000e+00 3.838000e-03
4.094828e+01 8.466221e+00 3.655897e-03
4.202586e+01 8.312271e+00 3.570975e-03
4.256466e+01 8.238088e+00 3.530315e-03
4.310345e+01 8.166000e+00 3.491000e-03
4.525862e+01 7.889319e+00 3.341353e-03
4.633620e+01 7.758606e+00 3.271317e-03
4.687500e+01 7.695476e+00 3.237662e-03
4.741379e+01 7.634000e+00 3.205000e-03
4.956896e+01 7.397090e+00 3.079595e-03
5.064655e+01 7.284618e+00 3.020382e-03
5.118535e+01 7.230147e+00 2.991805e-03
5.172414e+01 7.177000e+00 2.964000e-03
5.387931e+01 6.971608e+00 2.857047e-03
5.495690e+01 6.873794e+00 2.806388e-03
5.549569e+01 6.826346e+00 2.781885e-03
5.603448e+01 6.780000e+00 2.758000e-03
5.818966e+01 6.600872e+00 2.665871e-03
5.926724e+01 6.515340e+00 2.622041e-03
5.980604e+01 6.473740e+00 2.600778e-03
6.034483e+01 6.433000e+00 2.580000e-03
6.250000e+01 6.274430e+00 2.499449e-03
6.357758e+01 6.198337e+00 2.460969e-03
6.411638e+01 6.161283e+00 2.442275e-03
6.465517e+01 6.125000e+00 2.424000e-03
6.681034e+01 5.984466e+00 2.353313e-03
6.788793e+01 5.917096e+00 2.319531e-03
6.842673e+01 5.884241e+00 2.303095e-03
6.896552e+01 5.852000e+00 2.287000e-03
7.327586e+01 5.606534e+00 2.165046e-03
7.543104e+01 5.491803e+00 2.108710e-03
7.650862e+01 5.436628e+00 2.081870e-03
7.758621e+01 5.383000e+00 2.056000e-03
8.189656e+01 5.175411e+00 1.957760e-03
8.405173e+01 5.077168e+00 1.912032e-03
8.512931e+01 5.029859e+00 1.890152e-03
8.620690e+01 4.984000e+00 1.869000e-03
9.051725e+01 4.809749e+00 1.788454e-03
9.267242e+01 4.728242e+00 1.750735e-03
9.375000e+01 4.689058e+00 1.732603e-03
9.482759e+01 4.651000e+00 1.715000e-03
9.913795e+01 4.504556e+00 1.647365e-03
1.012931e+02 4.435203e+00 1.615417e-03
1.023707e+02 4.401672e+00 1.599999e-03
1.034483e+02 4.369000e+00 1.585000e-03
1.077587e+02 4.242983e+00 1.527356e-03
1.099138e+02 4.183169e+00 1.500067e-03
1.109914e+02 4.154221e+00 1.486868e-03
1.120690e+02 4.126000e+00 1.474000e-03
1.163794e+02 4.017266e+00 1.424321e-03
1.185345e+02 3.965568e+00 1.400673e-03
1.196121e+02 3.940495e+00 1.389203e-03
1.206897e+02 3.916000e+00 1.378000e-03
1.293103e+02 3.731657e+00 1.293901e-03
1.336207e+02 3.647305e+00 1.255537e-03
1.357758e+02 3.607347e+00 1.237393e-03
1.368534e+02 3.587964e+00 1.228599e-03
1.379310e+02 3.569000e+00 1.220000e-03
1.465517e+02 3.424662e+00 1.154601e-03
1.508621e+02 3.357722e+00 1.124321e-03
1.530172e+02 3.325787e+00 1.109894e-03
1.551724e+02 3.295000e+00 1.096000e-03
1.724138e+02 3.073000e+00 9.962000e-04
