1.265823e-03 8.188000e-01 5.608000e+00
1.392405e-03 8.588000e-01 5.579000e+00
1.455696e-03 8.781550e-01 5.562675e+00
1.487342e-03 8.876458e-01 5.554012e+00
1.503164e-03 8.923406e-01 5.549550e+00
1.518987e-03 8.970000e-01 5.545000e+00
1.582279e-03 9.154770e-01 5.526342e+00
1.613924e-03 9.245930e-01 5.516759e+00
1.645570e-03 9.336000e-01 5.507000e+00
1.708861e-03 9.513660e-01 5.487308e+00
1.740506e-03 9.601264e-01 5.477263e+00
1.772152e-03 9.688000e-01 5.467000e+00
1.835443e-03 9.850993e-01 5.445806e+00
1.867088e-03 9.936208e-01 5.434962e+00
1.898734e-03 1.003000e+00 5.424000e+00
1.962025e-03 1.023002e+00 5.402144e+00
1.993671e-03 1.035493e+00 5.391137e+00
2.009493e-03 1.042777e+00 5.385590e+00
2.025316e-03 1.051000e+00 5.380000e+00
2.088607e-03 1.093775e+00 5.357121e+00
2.120253e-03 1.117919e+00 5.345550e+00
2.136076e-03 1.130104e+00 5.339764e+00
2.143988e-03 1.136114e+00 5.336878e+00
2.151899e-03 1.142000e+00 5.334000e+00
2.215190e-03 1.183833e+00 5.311368e+00
2.246836e-03 1.202135e+00 5.300180e+00
2.262658e-03 1.210724e+00 5.294594e+00
2.278481e-03 1.219000e+00 5.289000e+00
2.405063e-03 1.282954e+00 5.243382e+00
2.468355e-03 1.312630e+00 5.220239e+00
2.500000e-03 1.326655e+00 5.208622e+00
2.515823e-03 1.333422e+00 5.202810e+00
2.531646e-03 1.340000e+00 5.197000e+00
2.689873e-03 1.399086e+00 5.139150e+00
2.768987e-03 1.424784e+00 5.110462e+00
2.808544e-03 1.436692e+00 5.096198e+00
2.848101e-03 1.448000e+00 5.082000e+00
3.006329e-03 1.490651e+00 5.025543e+00
3.085443e-03 1.510413e+00 4.997621e+00
3.125000e-03 1.519861e+00 4.983767e+00
3.164557e-03 1.529000e+00 4.970000e+00
3.322785e-03 1.563711e+00 4.915524e+00
3.401899e-03 1.580140e+00 4.888634e+00
3.441456e-03 1.588137e+00 4.875284e+00
3.481013e-03 1.596000e+00 4.862000e+00
3.639240e-03 1.626885e+00 4.809087e+00
3.718354e-03 1.642035e+00 4.782898e+00
3.797468e-03 1.657000e+00 4.757000e+00
3.955696e-03 1.686670e+00 4.705863e+00
4.034810e-03 1.701379e+00 4.680737e+00
4.113924e-03 1.716000e+00 4.656000e+00
4.272152e-03 1.745061e+00 4.607444e+00
4.351266e-03 1.759537e+00 4.583585e+00
4.430380e-03 1.774000e+00 4.560000e+00
4.588607e-03 1.802981e+00 4.513082e+00
4.667721e-03 1.817489e+00 4.489896e+00
4.746835e-03 1.832000e+00 4.467000e+00
4.905063e-03 1.860986e+00 4.421913e+00
4.984177e-03 1.875484e+00 4.399785e+00
5.063291e-03 1.890000e+00 4.378000e+00
5.379747e-03 1.948436e+00 4.293074e+00
5.537975e-03 1.977735e+00 4.251999e+00
5.617089e-03 1.992378e+00 4.231856e+00
5.696203e-03 2.007000e+00 4.212000e+00
6.012659e-03 2.065254e+00 4.133916e+00
6.170886e-03 2.094205e+00 4.095959e+00
6.250000e-03 2.108624e+00 4.077337e+00
6.329114e-03 2.123000e+00 4.059000e+00
6.645570e-03 2.180200e+00 3.987473e+00
6.803797e-03 2.208647e+00 3.952817e+00
6.882911e-03 2.222835e+00 3.935798e+00
6.962025e-03 2.237000e+00 3.919000e+00
7.278481e-03 2.293663e+00 3.852797e+00
7.436709e-03 2.321899e+00 3.820517e+00
7.515823e-03 2.335971e+00 3.804649e+00
7.594937e-03 2.350000e+00 3.789000e+00
7.911392e-03 2.405790e+00 3.727743e+00
8.069620e-03 2.433477e+00 3.698008e+00
8.148734e-03 2.447261e+00 3.683405e+00
8.227848e-03 2.461000e+00 3.669000e+00
8.544303e-03 2.515750e+00 3.612471e+00
8.702531e-03 2.542954e+00 3.584935e+00
8.781645e-03 2.556500e+00 3.571385e+00
8.860759e-03 2.570000e+00 3.558000e+00
9.493669e-03 2.676994e+00 3.454119e+00
9.810125e-03 2.729782e+00 3.404562e+00
9.968352e-03 2.755968e+00 3.380506e+00
1.012658e-02 2.782000e+00 3.357000e+00
1.075950e-02 2.885251e+00 3.266075e+00
1.107595e-02 2.936333e+00 3.222690e+00
1.123418e-02 2.961722e+00 3.201614e+00
1.139241e-02 2.987000e+00 3.181000e+00
1.202532e-02 3.087606e+00 3.101169e+00
1.234177e-02 3.137494e+00 3.062927e+00
1.250000e-02 3.162302e+00 3.044287e+00
1.265823e-02 3.187000e+00 3.026000e+00
1.329114e-02 3.285039e+00 2.954595e+00
1.360760e-02 3.333654e+00 2.920213e+00
1.376582e-02 3.357861e+00 2.903442e+00
1.392405e-02 3.382000e+00 2.887000e+00
1.455696e-02 3.478274e+00 2.823296e+00
1.487342e-02 3.526217e+00 2.792685e+00
1.503164e-02 3.550131e+00 2.777721e+00
1.518987e-02 3.574000e+00 2.763000e+00
1.582278e-02 3.669310e+00 2.705185e+00
1.613924e-02 3.716764e+00 2.677174e+00
1.629747e-02 3.740415e+00 2.663466e+00
1.645570e-02 3.764000e+00 2.650000e+00
1.708861e-02 3.857854e+00 2.597667e+00
1.740507e-02 3.904516e+00 2.572461e+00
1.756329e-02 3.927780e+00 2.560131e+00
1.772152e-02 3.951000e+00 2.548000e+00
1.835443e-02 4.043724e+00 2.500520e+00
1.867088e-02 4.089936e+00 2.477477e+00
1.882911e-02 4.112990e+00 2.466161e+00
1.898734e-02 4.136000e+00 2.455000e+00
1.962025e-02 4.227710e+00 2.411127e+00
1.993670e-02 4.273404e+00 2.389793e+00
2.009493e-02 4.296213e+00 2.379319e+00
2.025316e-02 4.319000e+00 2.369000e+00
2.088608e-02 4.410100e+00 2.328648e+00
2.120253e-02 4.455586e+00 2.309080e+00
2.136076e-02 4.478304e+00 2.299474e+00
2.151899e-02 4.501000e+00 2.290000e+00
2.215190e-02 4.591660e+00 2.252781e+00
2.246836e-02 4.636882e+00 2.234672e+00
2.278481e-02 4.682000e+00 2.217000e+00
2.405064e-02 4.861650e+00 2.149481e+00
2.468355e-02 4.950998e+00 2.117567e+00
2.500000e-02 4.995544e+00 2.102109e+00
2.531646e-02 5.040000e+00 2.087000e+00
2.689874e-02 5.261774e+00 2.013834e+00
2.768987e-02 5.372146e+00 1.979099e+00
2.808544e-02 5.427150e+00 1.962319e+00
2.828323e-02 5.454596e+00 1.954097e+00
2.848101e-02 5.482000e+00 1.946000e+00
3.006329e-02 5.700413e+00 1.883667e+00
3.085443e-02 5.808982e+00 1.854176e+00
3.125000e-02 5.863068e+00 1.839912e+00
3.164557e-02 5.917000e+00 1.826000e+00
3.322785e-02 6.131838e+00 1.772271e+00
3.401899e-02 6.238661e+00 1.746645e+00
3.441456e-02 6.291897e+00 1.734190e+00
3.481013e-02 6.345000e+00 1.722000e+00
3.639241e-02 6.556925e+00 1.674579e+00
3.718354e-02 6.662288e+00 1.651858e+00
3.757911e-02 6.714743e+00 1.640808e+00
3.797468e-02 6.767000e+00 1.630000e+00
3.955696e-02 6.974622e+00 1.588204e+00
4.034810e-02 7.077610e+00 1.568234e+00
4.074367e-02 7.128883e+00 1.558518e+00
4.113924e-02 7.180000e+00 1.549000e+00
4.272152e-02 7.383941e+00 1.512007e+00
4.351266e-02 7.485298e+00 1.494219e+00
4.390823e-02 7.535747e+00 1.485532e+00
4.430380e-02 7.586000e+00 1.477000e+00
4.588607e-02 7.785675e+00 1.443632e+00
4.667721e-02 7.884667e+00 1.427545e+00
4.707278e-02 7.933922e+00 1.419696e+00
4.746835e-02 7.983000e+00 1.412000e+00
4.905063e-02 8.178588e+00 1.382203e+00
4.984177e-02 8.275660e+00 1.367885e+00
5.023734e-02 8.323939e+00 1.360886e+00
5.063291e-02 8.372000e+00 1.354000e+00
5.379747e-02 8.751522e+00 1.300930e+00
5.537975e-02 8.937715e+00 1.275862e+00
5.617089e-02 9.029754e+00 1.263766e+00
5.656646e-02 9.075482e+00 1.257839e+00
5.696203e-02 9.121000e+00 1.252000e+00
6.012658e-02 9.481874e+00 1.206749e+00
6.170886e-02 9.659341e+00 1.185332e+00
6.250000e-02 9.747077e+00 1.175012e+00
6.329114e-02 9.834000e+00 1.165000e+00
6.645569e-02 1.017684e+01 1.126975e+00
6.803797e-02 1.034485e+01 1.109093e+00
6.882911e-02 1.042782e+01 1.100447e+00
6.962025e-02 1.051000e+01 1.092000e+00
7.278481e-02 1.083421e+01 1.059034e+00
7.436709e-02 1.099332e+01 1.043214e+00
7.515823e-02 1.107199e+01 1.035520e+00
7.594937e-02 1.115000e+01 1.028000e+00
7.911393e-02 1.145932e+01 9.989922e-01
8.069620e-02 1.161113e+01 9.851754e-01
8.148734e-02 1.168601e+01 9.784649e-01
8.227848e-02 1.176000e+01 9.719000e-01
8.544304e-02 1.204998e+01 9.464122e-01
8.702531e-02 1.219136e+01 9.341900e-01
8.781645e-02 1.226104e+01 9.282354e-01
8.860759e-02 1.233000e+01 9.224000e-01
9.493670e-02 1.286862e+01 8.781988e-01
9.810125e-02 1.312831e+01 8.577601e-01
9.968352e-02 1.325526e+01 8.480100e-01
1.012658e-01 1.338000e+01 8.386000e-01
1.075949e-01 1.386760e+01 8.027704e-01
1.107595e-01 1.410268e+01 7.860228e-01
1.123418e-01 1.421744e+01 7.779868e-01
1.139241e-01 1.433000e+01 7.702000e-01
1.202532e-01 1.476620e+01 7.404040e-01
1.234178e-01 1.497609e+01 7.263946e-01
1.250000e-01 1.507882e+01 7.196503e-01
1.265823e-01 1.518000e+01 7.131000e-01
1.329114e-01 1.557824e+01 6.879806e-01
1.360760e-01 1.577177e+01 6.761158e-01
1.376582e-01 1.586666e+01 6.703840e-01
1.392405e-01 1.596000e+01 6.648000e-01
1.455696e-01 1.632368e+01 6.432516e-01
1.487342e-01 1.649930e+01 6.330083e-01
1.503164e-01 1.658531e+01 6.280446e-01
1.518987e-01 1.667000e+01 6.232000e-01
1.582279e-01 1.700180e+01 6.044826e-01
1.613924e-01 1.716290e+01 5.955632e-01
1.645570e-01 1.732000e+01 5.870000e-01
1.708861e-01 1.762543e+01 5.705684e-01
1.740506e-01 1.777407e+01 5.627355e-01
1.772152e-01 1.792000e+01 5.552000e-01
1.835443e-01 1.820984e+01 5.406760e-01
1.867088e-01 1.835170e+01 5.337187e-01
1.898734e-01 1.849000e+01 5.270000e-01
1.962025e-01 1.875540e+01 5.139906e-01
1.993670e-01 1.888381e+01 5.077407e-01
2.025316e-01 1.901000e+01 5.017000e-01
2.088607e-01 1.926185e+01 4.900296e-01
2.120253e-01 1.938662e+01 4.844244e-01
2.151899e-01 1.951000e+01 4.790000e-01
2.215190e-01 1.975342e+01 4.684831e-01
2.246836e-01 1.987278e+01 4.634149e-01
2.278481e-01 1.999000e+01 4.585000e-01
2.405064e-01 2.044242e+01 4.398161e-01
2.468355e-01 2.065943e+01 4.310767e-01
2.500000e-01 2.076553e+01 4.268768e-01
2.531646e-01 2.087000e+01 4.228000e-01
2.689874e-01 2.138106e+01 4.033816e-01
2.768987e-01 2.162875e+01 3.943270e-01
2.808544e-01 2.175026e+01 3.899918e-01
2.848101e-01 2.187000e+01 3.858000e-01
3.006329e-01 2.233885e+01 3.698361e-01
3.085443e-01 2.256690e+01 3.623668e-01
3.164557e-01 2.279000e+01 3.553000e-01
3.322785e-01 2.322717e+01 3.419354e-01
3.401899e-01 2.344063e+01 3.356628e-01
3.481013e-01 2.365000e+01 3.297000e-01
3.639240e-01 2.406156e+01 3.183249e-01
3.718354e-01 2.426275e+01 3.129430e-01
3.797468e-01 2.446000e+01 3.078000e-01
3.955696e-01 2.484550e+01 2.979472e-01
4.034810e-01 2.503411e+01 2.932722e-01
4.113924e-01 2.522000e+01 2.888000e-01
4.272152e-01 2.558919e+01 2.802639e-01
4.351266e-01 2.577105e+01 2.762053e-01
4.430380e-01 2.595000e+01 2.723000e-01
4.588607e-01 2.630010e+01 2.647286e-01
4.667721e-01 2.647136e+01 2.610975e-01
4.746835e-01 2.664000e+01 2.576000e-01
4.905063e-01 2.697335e+01 2.508891e-01
4.984177e-01 2.713767e+01 2.476860e-01
5.063291e-01 2.730000e+01 2.446000e-01
5.379747e-01 2.793712e+01 2.329576e-01
5.537975e-01 2.824714e+01 2.275658e-01
5.617089e-01 2.839956e+01 2.249898e-01
5.696203e-01 2.855000e+01 2.225000e-01
6.012658e-01 2.914139e+01 2.129884e-01
6.170886e-01 2.942920e+01 2.085263e-01
6.329114e-01 2.971000e+01 2.043000e-01
6.645569e-01 3.025603e+01 1.962993e-01
6.803797e-01 3.052098e+01 1.925510e-01
6.962025e-01 3.078000e+01 1.890000e-01
7.278481e-01 3.128888e+01 1.822808e-01
7.436709e-01 3.153717e+01 1.791181e-01
7.594937e-01 3.178000e+01 1.761000e-01
7.911393e-01 3.225454e+01 1.702972e-01
8.069620e-01 3.248507e+01 1.675388e-01
8.227848e-01 3.271000e+01 1.649000e-01
8.544304e-01 3.314873e+01 1.598712e-01
8.702531e-01 3.336185e+01 1.574867e-01
8.860759e-01 3.357000e+01 1.552000e-01
9.493670e-01 3.437409e+01 1.466181e-01
9.810125e-01 3.475574e+01 1.426758e-01
9.968352e-01 3.494029e+01 1.408025e-01
1.012658e+00 3.512000e+01 1.390000e-01
1.075950e+00 3.581069e+01 1.321538e-01
1.107595e+00 3.613768e+01 1.289762e-01
1.139241e+00 3.645000e+01 1.260000e-01
1.202532e+00 3.704741e+01 1.204744e-01
1.234177e+00 3.733018e+01 1.179166e-01
1.265823e+00 3.760000e+01 1.155000e-01
1.329114e+00 3.811554e+01 1.108648e-01
1.360759e+00 3.835878e+01 1.086763e-01
1.392405e+00 3.859000e+01 1.066000e-01
1.455696e+00 3.902811e+01 1.026968e-01
1.487342e+00 3.923406e+01 1.008693e-01
1.518987e+00 3.943000e+01 9.913000e-02
1.582279e+00 3.980485e+01 9.578848e-02
1.645570e+00 4.015000e+01 9.268000e-02
1.708861e+00 4.047071e+01 8.977123e-02
1.772152e+00 4.076000e+01 8.708000e-02
1.835443e+00 4.102213e+01 8.452986e-02
1.898734e+00 4.126000e+01 8.215000e-02
1.962025e+00 4.149252e+01 7.989707e-02
2.025316e+00 4.170000e+01 7.779000e-02
2.151899e+00 4.201000e+01 7.390000e-02
2.278481e+00 4.211000e+01 7.040000e-02
2.531646e+00 4.205000e+01 6.437000e-02
2.848101e+00 4.199000e+01 5.822000e-02
3.164557e+00 4.174000e+01 5.320000e-02
3.481013e+00 4.134000e+01 4.903000e-02
3.639240e+00 4.110200e+01 4.717950e-02
3.797468e+00 4.084000e+01 4.550000e-02
3.955696e+00 4.056709e+01 4.392408e-02
4.113924e+00 4.028000e+01 4.247000e-02
4.272152e+00 3.998071e+01 4.110473e-02
4.430380e+00 3.967000e+01 3.984000e-02
4.588608e+00 3.935258e+01 3.864346e-02
4.746835e+00 3.903000e+01 3.753000e-02
4.905063e+00 3.870597e+01 3.647982e-02
5.063291e+00 3.838000e+01 3.550000e-02
5.379747e+00 3.772014e+01 3.367571e-02
5.537975e+00 3.738935e+01 3.283563e-02
5.696203e+00 3.706000e+01 3.205000e-02
6.012658e+00 3.640845e+01 3.057781e-02
6.170886e+00 3.608725e+01 2.989417e-02
6.329114e+00 3.577000e+01 2.925000e-02
6.645569e+00 3.514325e+01 2.803166e-02
6.803797e+00 3.483463e+01 2.746094e-02
6.962025e+00 3.453000e+01 2.692000e-02
7.278481e+00 3.392643e+01 2.589265e-02
7.436709e+00 3.363028e+01 2.540940e-02
7.594937e+00 3.334000e+01 2.495000e-02
7.911392e+00 3.277486e+01 2.407655e-02
8.069620e+00 3.249980e+01 2.366408e-02
8.227848e+00 3.223000e+01 2.327000e-02
8.544303e+00 3.169687e+01 2.251418e-02
8.702531e+00 3.143575e+01 2.215469e-02
8.860759e+00 3.118000e+01 2.181000e-02
9.493669e+00 3.020018e+01 2.052684e-02
9.810125e+00 2.973573e+01 1.994227e-02
9.968352e+00 2.951043e+01 1.966561e-02
1.012658e+01 2.929000e+01 1.940000e-02
1.075950e+01 2.842955e+01 1.839311e-02
1.107595e+01 2.801674e+01 1.792658e-02
1.123418e+01 2.781606e+01 1.770421e-02
1.139241e+01 2.762000e+01 1.749000e-02
1.202532e+01 2.686478e+01 1.668093e-02
1.234178e+01 2.650536e+01 1.630489e-02
1.250000e+01 2.633080e+01 1.612468e-02
1.265823e+01 2.616000e+01 1.595000e-02
1.329114e+01 2.549605e+01 1.527759e-02
1.360759e+01 2.517744e+01 1.496053e-02
1.376582e+01 2.502218e+01 1.480795e-02
1.392405e+01 2.487000e+01 1.466000e-02
1.455696e+01 2.427849e+01 1.409664e-02
1.487342e+01 2.399442e+01 1.383198e-02
1.503164e+01 2.385589e+01 1.370433e-02
1.518987e+01 2.372000e+01 1.358000e-02
1.582278e+01 2.319052e+01 1.309829e-02
1.613924e+01 2.293592e+01 1.286906e-02
1.629747e+01 2.281175e+01 1.275810e-02
1.645570e+01 2.269000e+01 1.265000e-02
1.708861e+01 2.221831e+01 1.223562e-02
1.740507e+01 2.199111e+01 1.203897e-02
1.756329e+01 2.187978e+01 1.194349e-02
1.772152e+01 2.177000e+01 1.185000e-02
1.835443e+01 2.133634e+01 1.148440e-02
1.867088e+01 2.112523e+01 1.130879e-02
1.898734e+01 2.092000e+01 1.114000e-02
1.962025e+01 2.052489e+01 1.081854e-02
1.993670e+01 2.033482e+01 1.066618e-02
2.025316e+01 2.015000e+01 1.052000e-02
2.088607e+01 1.978759e+01 1.023847e-02
2.120253e+01 1.961148e+01 1.010352e-02
2.151899e+01 1.944000e+01 9.973000e-03
2.215190e+01 1.910778e+01 9.719425e-03
2.246835e+01 1.894698e+01 9.597255e-03
2.278481e+01 1.879000e+01 9.479000e-03
2.405063e+01 1.818149e+01 9.032638e-03
2.468355e+01 1.789035e+01 8.825674e-03
2.500000e+01 1.774869e+01 8.726711e-03
2.531646e+01 1.761000e+01 8.631000e-03
2.689874e+01 1.694006e+01 8.178004e-03
2.768987e+01 1.662254e+01 7.968358e-03
2.808544e+01 1.646918e+01 7.868392e-03
2.848101e+01 1.632000e+01 7.772000e-03
3.006329e+01 1.574690e+01 7.406102e-03
3.085443e+01 1.547666e+01 7.235655e-03
3.125000e+01 1.534646e+01 7.154014e-03
3.164557e+01 1.522000e+01 7.075000e-03
3.322785e+01 1.473707e+01 6.773000e-03
3.401899e+01 1.450880e+01 6.631266e-03
3.441456e+01 1.439818e+01 6.563119e-03
3.481013e+01 1.429000e+01 6.497000e-03
3.639240e+01 1.386716e+01 6.243859e-03
3.718354e+01 1.366443e+01 6.124560e-03
3.757911e+01 1.356601e+01 6.067008e-03
3.797468e+01 1.347000e+01 6.011000e-03
3.955696e+01 1.310215e+01 5.795151e-03
4.034810e+01 1.292765e+01 5.692786e-03
4.074367e+01 1.284294e+01 5.643265e-03
4.113924e+01 1.276000e+01 5.595000e-03
4.272152e+01 1.243618e+01 5.409050e-03
4.351266e+01 1.228037e+01 5.320688e-03
4.390823e+01 1.220442e+01 5.277848e-03
4.430380e+01 1.213000e+01 5.236000e-03
4.588608e+01 1.184210e+01 5.073910e-03
4.667721e+01 1.170393e+01 4.996469e-03
4.707278e+01 1.163641e+01 4.958827e-03
4.746835e+01 1.157000e+01 4.922000e-03
4.905063e+01 1.130900e+01 4.779226e-03
4.984177e+01 1.118255e+01 4.710869e-03
5.023734e+01 1.112071e+01 4.677593e-03
5.063291e+01 1.106000e+01 4.645000e-03
5.379747e+01 1.060137e+01 4.398321e-03
5.537975e+01 1.038932e+01 4.284480e-03
5.617089e+01 1.028800e+01 4.230257e-03
5.696203e+01 1.019000e+01 4.178000e-03
6.012658e+01 9.814438e+00 3.979500e-03
6.170886e+01 9.637704e+00 3.887051e-03
6.250000e+01 9.552617e+00 3.842798e-03
6.329114e+01 9.470000e+00 3.800000e-03
6.645569e+01 9.153458e+00 3.636915e-03
6.803797e+01 9.004170e+00 3.560475e-03
6.882911e+01 8.932125e+00 3.523708e-03
6.962025e+01 8.862000e+00 3.488000e-03
7.278481e+01 8.591715e+00 3.350610e-03
7.436709e+01 8.463504e+00 3.285712e-03
7.515823e+01 8.401470e+00 3.254415e-03
7.594937e+01 8.341000e+00 3.224000e-03
7.911392e+01 8.107972e+00 3.107525e-03
8.069620e+01 7.997200e+00 3.052518e-03
8.148734e+01 7.943482e+00 3.025928e-03
8.227848e+01 7.891000e+00 3.000000e-03
8.544304e+01 7.687796e+00 2.899712e-03
8.702531e+01 7.590609e+00 2.851891e-03
8.781645e+01 7.543315e+00 2.828679e-03
8.860759e+01 7.497000e+00 2.806000e-03
9.493670e+01 7.146693e+00 2.635689e-03
9.810125e+01 6.984822e+00 2.557980e-03
9.968352e+01 6.907585e+00 2.521228e-03
1.004747e+02 6.869950e+00 2.503416e-03
1.012658e+02 6.833000e+00 2.486000e-03
1.075949e+02 6.548238e+00 2.353707e-03
1.107595e+02 6.414692e+00 2.292429e-03
1.123418e+02 6.350736e+00 2.263196e-03
1.139241e+02 6.289000e+00 2.235000e-03
1.265823e+02 5.846000e+00 2.031000e-03
