1.000000e-02 1.960000e-01 4.812000e-03
1.100000e-02 2.079000e-01 4.525000e-03
1.150000e-02 2.135625e-01 4.395050e-03
1.175000e-02 2.163112e-01 4.333751e-03
1.187500e-02 2.176634e-01 4.304054e-03
1.200000e-02 2.190000e-01 4.275000e-03
1.250000e-02 2.242881e-01 4.161428e-03
1.275000e-02 2.268737e-01 4.106752e-03
1.287500e-02 2.281456e-01 4.080101e-03
1.300000e-02 2.294000e-01 4.054000e-03
1.350000e-02 2.343081e-01 3.953027e-03
1.375000e-02 2.366859e-01 3.904685e-03
1.400000e-02 2.390000e-01 3.858000e-03
1.450000e-02 2.435008e-01 3.767533e-03
1.475000e-02 2.456790e-01 3.724044e-03
1.500000e-02 2.478000e-01 3.682000e-03
1.550000e-02 2.519355e-01 3.600853e-03
1.575000e-02 2.539422e-01 3.561839e-03
1.600000e-02 2.559000e-01 3.524000e-03
1.650000e-02 2.597289e-01 3.450268e-03
1.675000e-02 2.615881e-01 3.414618e-03
1.700000e-02 2.634000e-01 3.380000e-03
1.750000e-02 2.669206e-01 3.312876e-03
1.775000e-02 2.686292e-01 3.280480e-03
1.800000e-02 2.703000e-01 3.249000e-03
1.900000e-02 2.767863e-01 3.128540e-03
1.950000e-02 2.798973e-01 3.071854e-03
1.975000e-02 2.814135e-01 3.044543e-03
2.000000e-02 2.829000e-01 3.018000e-03
2.125000e-02 2.900527e-01 2.891726e-03
2.187500e-02 2.934764e-01 2.832750e-03
2.218750e-02 2.951504e-01 2.804445e-03
2.250000e-02 2.968000e-01 2.777000e-03
2.375000e-02 3.032851e-01 2.671715e-03
2.437500e-02 3.064645e-01 2.622110e-03
2.468750e-02 3.080378e-01 2.598213e-03
2.500000e-02 3.096000e-01 2.575000e-03
2.625000e-02 3.158012e-01 2.486084e-03
2.687500e-02 3.188663e-01 2.444090e-03
2.750000e-02 3.219000e-01 2.404000e-03
2.875000e-02 3.279044e-01 2.327268e-03
2.937500e-02 3.308682e-01 2.290857e-03
3.000000e-02 3.338000e-01 2.256000e-03
3.125000e-02 3.395972e-01 2.189196e-03
3.187500e-02 3.424613e-01 2.157444e-03
3.250000e-02 3.453000e-01 2.127000e-03
3.375000e-02 3.509443e-01 2.068653e-03
3.437500e-02 3.537370e-01 2.040822e-03
3.500000e-02 3.565000e-01 2.014000e-03
3.625000e-02 3.619565e-01 1.962026e-03
3.687500e-02 3.646445e-01 1.937076e-03
3.750000e-02 3.673000e-01 1.913000e-03
3.875000e-02 3.725599e-01 1.866653e-03
3.937500e-02 3.751494e-01 1.844452e-03
4.000000e-02 3.777000e-01 1.823000e-03
4.250000e-02 3.876284e-01 1.741581e-03
4.375000e-02 3.923973e-01 1.703683e-03
4.437500e-02 3.947218e-01 1.685544e-03
4.500000e-02 3.970000e-01 1.668000e-03
4.750000e-02 4.058731e-01 1.601092e-03
4.875000e-02 4.101215e-01 1.569725e-03
5.000000e-02 4.142000e-01 1.540000e-03
5.250000e-02 4.219830e-01 1.483700e-03
5.375000e-02 4.256703e-01 1.457221e-03
5.500000e-02 4.292000e-01 1.432000e-03
5.750000e-02 4.359961e-01 1.383702e-03
5.875000e-02 4.392226e-01 1.360828e-03
6.000000e-02 4.423000e-01 1.339000e-03
6.250000e-02 4.481512e-01 1.297524e-03
6.375000e-02 4.508983e-01 1.277873e-03
6.500000e-02 4.535000e-01 1.259000e-03
6.750000e-02 4.584252e-01 1.222416e-03
7.000000e-02 4.629000e-01 1.188000e-03
7.500000e-02 4.708249e-01 1.125086e-03
7.750000e-02 4.742280e-01 1.096526e-03
8.000000e-02 4.772000e-01 1.070000e-03
8.500000e-02 4.823485e-01 1.020193e-03
9.000000e-02 4.863000e-01 9.753000e-04
9.500000e-02 4.893480e-01 9.341628e-04
1.000000e-01 4.914000e-01 8.971000e-04
1.100000e-01 4.934000e-01 8.314000e-04
1.200000e-01 4.930000e-01 7.755000e-04
1.300000e-01 4.907000e-01 7.271000e-04
1.400000e-01 4.871000e-01 6.849000e-04
1.500000e-01 4.825000e-01 6.477000e-04
1.550000e-01 4.799475e-01 6.305800e-04
1.600000e-01 4.772000e-01 6.146000e-04
1.650000e-01 4.743119e-01 5.993541e-04
1.700000e-01 4.713000e-01 5.850000e-04
1.750000e-01 4.682327e-01 5.713131e-04
1.800000e-01 4.651000e-01 5.584000e-04
1.900000e-01 4.586755e-01 5.341431e-04
1.950000e-01 4.554030e-01 5.228527e-04
2.000000e-01 4.521000e-01 5.122000e-04
2.125000e-01 4.437928e-01 4.872510e-04
2.187500e-01 4.396382e-01 4.757193e-04
2.250000e-01 4.355000e-01 4.649000e-04
2.375000e-01 4.272809e-01 4.445341e-04
2.437500e-01 4.232179e-01 4.350478e-04
2.500000e-01 4.192000e-01 4.261000e-04
2.625000e-01 4.112473e-01 4.092136e-04
2.687500e-01 4.073399e-01 4.013054e-04
2.750000e-01 4.035000e-01 3.938000e-04
2.875000e-01 3.959738e-01 3.794973e-04
2.937500e-01 3.923005e-01 3.727426e-04
3.000000e-01 3.887000e-01 3.663000e-04
3.125000e-01 3.816373e-01 3.539974e-04
3.187500e-01 3.781862e-01 3.481712e-04
3.250000e-01 3.748000e-01 3.426000e-04
3.375000e-01 3.681382e-01 3.319331e-04
3.437500e-01 3.648843e-01 3.268636e-04
3.500000e-01 3.617000e-01 3.220000e-04
3.625000e-01 3.554829e-01 3.126495e-04
3.687500e-01 3.524585e-01 3.081891e-04
3.750000e-01 3.495000e-01 3.039000e-04
3.875000e-01 3.436997e-01 2.956487e-04
3.937500e-01 3.408702e-01 2.917035e-04
4.000000e-01 3.381000e-01 2.879000e-04
4.250000e-01 3.273921e-01 2.735531e-04
4.375000e-01 3.222916e-01 2.669190e-04
4.437500e-01 3.198172e-01 2.637543e-04
4.500000e-01 3.174000e-01 2.607000e-04
4.750000e-01 3.080588e-01 2.490690e-04
4.875000e-01 3.035973e-01 2.436334e-04
4.937500e-01 3.014266e-01 2.410259e-04
5.000000e-01 2.993000e-01 2.385000e-04
5.250000e-01 2.910103e-01 2.288459e-04
5.375000e-01 2.870314e-01 2.243083e-04
5.437500e-01 2.850948e-01 2.221233e-04
5.500000e-01 2.832000e-01 2.200000e-04
5.750000e-01 2.758832e-01 2.118402e-04
5.875000e-01 2.723826e-01 2.079810e-04
5.937500e-01 2.706758e-01 2.061162e-04
6.000000e-01 2.690000e-01 2.043000e-04
6.250000e-01 2.624327e-01 1.972997e-04
6.375000e-01 2.592630e-01 1.939773e-04
6.437500e-01 2.577161e-01 1.923688e-04
6.500000e-01 2.562000e-01 1.908000e-04
6.750000e-01 2.503325e-01 1.847456e-04
6.875000e-01 2.475198e-01 1.818637e-04
6.937500e-01 2.461474e-01 1.804657e-04
7.000000e-01 2.448000e-01 1.791000e-04
7.500000e-01 2.344742e-01 1.688480e-04
7.750000e-01 2.296472e-01 1.641599e-04
7.875000e-01 2.273351e-01 1.619368e-04
8.000000e-01 2.251000e-01 1.598000e-04
8.500000e-01 2.166172e-01 1.516918e-04
8.750000e-01 2.126538e-01 1.479284e-04
8.875000e-01 2.107493e-01 1.461322e-04
9.000000e-01 2.089000e-01 1.444000e-04
9.500000e-01 2.017321e-01 1.378360e-04
9.750000e-01 1.983613e-01 1.347808e-04
9.875000e-01 1.967499e-01 1.333172e-04
1.000000e+00 1.952000e-01 1.319000e-04
1.050000e+00 1.895274e-01 1.264744e-04
1.075000e+00 1.868834e-01 1.239223e-04
1.087500e+00 1.855891e-01 1.226935e-04
1.100000e+00 1.843000e-01 1.215000e-04
1.150000e+00 1.788873e-01 1.169186e-04
1.175000e+00 1.761876e-01 1.147568e-04
1.187500e+00 1.748722e-01 1.137141e-04
1.200000e+00 1.736000e-01 1.127000e-04
1.250000e+00 1.689778e-01 1.088099e-04
1.275000e+00 1.668809e-01 1.069665e-04
1.287500e+00 1.658781e-01 1.060731e-04
1.300000e+00 1.649000e-01 1.052000e-04
1.350000e+00 1.610274e-01 1.018039e-04
1.375000e+00 1.591383e-01 1.001793e-04
1.387500e+00 1.582115e-01 9.939041e-05
1.400000e+00 1.573000e-01 9.862000e-05
1.450000e+00 1.537597e-01 9.565122e-05
1.475000e+00 1.520549e-01 9.423795e-05
1.487500e+00 1.512208e-01 9.355158e-05
1.500000e+00 1.504000e-01 9.288000e-05
1.550000e+00 1.471774e-01 9.026963e-05
1.575000e+00 1.456157e-01 8.901752e-05
1.587500e+00 1.448513e-01 8.840759e-05
1.600000e+00 1.441000e-01 8.781000e-05
1.650000e+00 1.411830e-01 8.548998e-05
1.675000e+00 1.397740e-01 8.437632e-05
1.700000e+00 1.384000e-01 8.330000e-05
1.750000e+00 1.356976e-01 8.121811e-05
1.775000e+00 1.343819e-01 8.021770e-05
1.800000e+00 1.331000e-01 7.925000e-05
1.900000e+00 1.282417e-01 7.558651e-05
1.950000e+00 1.259661e-01 7.388357e-05
1.975000e+00 1.248690e-01 7.306853e-05
2.000000e+00 1.238000e-01 7.228000e-05
2.125000e+00 1.186438e-01 6.855184e-05
2.187500e+00 1.162092e-01 6.682683e-05
2.218750e+00 1.150370e-01 6.600396e-05
2.250000e+00 1.139000e-01 6.521000e-05
2.375000e+00 1.095648e-01 6.218879e-05
2.437500e+00 1.075307e-01 6.077907e-05
2.468750e+00 1.065515e-01 6.010361e-05
2.500000e+00 1.056000e-01 5.945000e-05
2.625000e+00 1.019391e-01 5.695711e-05
2.687500e+00 1.002053e-01 5.578814e-05
2.718750e+00 9.936696e-02 5.522590e-05
2.750000e+00 9.855000e-02 5.468000e-05
2.875000e+00 9.540022e-02 5.258359e-05
2.937500e+00 9.390350e-02 5.159332e-05
2.968750e+00 9.317815e-02 5.111527e-05
3.000000e+00 9.247000e-02 5.065000e-05
3.125000e+00 8.973173e-02 4.885919e-05
3.187500e+00 8.842538e-02 4.801059e-05
3.218750e+00 8.779075e-02 4.760011e-05
3.250000e+00 8.717000e-02 4.720000e-05
3.375000e+00 8.476291e-02 4.565784e-05
3.437500e+00 8.361051e-02 4.492416e-05
3.468750e+00 8.304952e-02 4.456811e-05
3.500000e+00 8.250000e-02 4.422000e-05
3.625000e+00 8.036401e-02 4.286806e-05
3.687500e+00 7.933904e-02 4.222142e-05
3.718750e+00 7.883956e-02 4.190719e-05
3.750000e+00 7.835000e-02 4.160000e-05
3.875000e+00 7.644802e-02 4.041306e-05
3.937500e+00 7.553402e-02 3.984608e-05
3.968750e+00 7.508790e-02 3.957022e-05
4.000000e+00 7.465000e-02 3.930000e-05
4.250000e+00 7.131115e-02 3.724892e-05
4.375000e+00 6.975555e-02 3.629950e-05
4.437500e+00 6.901064e-02 3.584669e-05
4.468750e+00 6.864714e-02 3.562624e-05
4.500000e+00 6.829000e-02 3.541000e-05
4.750000e+00 6.554574e-02 3.375465e-05
4.875000e+00 6.425478e-02 3.298052e-05
4.937500e+00 6.363335e-02 3.260931e-05
5.000000e+00 6.303000e-02 3.225000e-05
5.250000e+00 6.071811e-02 3.087961e-05
5.375000e+00 5.962791e-02 3.023764e-05
5.437500e+00 5.910190e-02 2.992919e-05
5.500000e+00 5.859000e-02 2.963000e-05
5.750000e+00 5.661861e-02 2.848463e-05
5.875000e+00 5.568368e-02 2.794455e-05
5.937500e+00 5.523122e-02 2.768386e-05
6.000000e+00 5.479000e-02 2.743000e-05
6.250000e+00 5.308726e-02 2.644996e-05
6.375000e+00 5.227701e-02 2.598462e-05
6.437500e+00 5.188399e-02 2.575945e-05
6.500000e+00 5.150000e-02 2.554000e-05
6.750000e+00 5.001359e-02 2.469548e-05
6.875000e+00 4.930332e-02 2.429437e-05
6.937500e+00 4.895796e-02 2.409992e-05
7.000000e+00 4.862000e-02 2.391000e-05
7.500000e+00 4.606845e-02 2.248063e-05
7.750000e+00 4.489484e-02 2.182675e-05
7.875000e+00 4.433693e-02 2.151708e-05
7.937500e+00 4.406574e-02 2.136690e-05
8.000000e+00 4.380000e-02 2.122000e-05
8.500000e+00 4.176948e-02 2.010294e-05
8.750000e+00 4.082221e-02 1.958517e-05
8.875000e+00 4.036861e-02 1.933817e-05
8.937500e+00 4.014733e-02 1.921793e-05
9.000000e+00 3.993000e-02 1.910000e-05
9.500000e+00 3.826267e-02 1.819810e-05
9.750000e+00 3.748036e-02 1.777693e-05
9.875000e+00 3.710445e-02 1.757516e-05
1.000000e+01 3.674000e-02 1.738000e-05
1.050000e+01 3.534703e-02 1.663724e-05
1.075000e+01 3.469211e-02 1.628950e-05
1.087500e+01 3.437664e-02 1.612232e-05
1.100000e+01 3.407000e-02 1.596000e-05
1.150000e+01 3.289167e-02 1.533559e-05
1.175000e+01 3.233355e-02 1.504061e-05
1.187500e+01 3.206347e-02 1.489832e-05
1.200000e+01 3.180000e-02 1.476000e-05
1.250000e+01 3.078040e-02 1.423021e-05
1.275000e+01 3.029489e-02 1.397967e-05
1.287500e+01 3.005958e-02 1.385840e-05
1.300000e+01 2.983000e-02 1.374000e-05
1.350000e+01 2.894547e-02 1.327993e-05
1.375000e+01 2.852447e-02 1.306031e-05
1.387500e+01 2.832003e-02 1.295384e-05
1.400000e+01 2.812000e-02 1.285000e-05
1.450000e+01 2.734235e-02 1.245119e-05
1.475000e+01 2.696943e-02 1.226182e-05
1.487500e+01 2.678784e-02 1.216992e-05
1.500000e+01 2.661000e-02 1.208000e-05
1.550000e+01 2.592016e-02 1.173037e-05
1.575000e+01 2.558939e-02 1.156237e-05
1.587500e+01 2.542815e-02 1.148042e-05
1.600000e+01 2.527000e-02 1.140000e-05
1.650000e+01 2.465321e-02 1.108621e-05
1.675000e+01 2.435651e-02 1.093539e-05
1.687500e+01 2.421183e-02 1.086193e-05
1.700000e+01 2.407000e-02 1.079000e-05
1.750000e+01 2.352025e-02 1.051189e-05
1.775000e+01 2.325605e-02 1.037870e-05
1.787500e+01 2.312694e-02 1.031375e-05
1.800000e+01 2.300000e-02 1.025000e-05
1.900000e+01 2.202347e-02 9.762029e-06
1.950000e+01 2.156442e-02 9.533977e-06
1.975000e+01 2.134379e-02 9.424695e-06
1.987500e+01 2.123598e-02 9.371372e-06
2.000000e+01 2.113000e-02 9.319000e-06
2.125000e+01 2.012306e-02 8.822745e-06
2.187500e+01 1.965680e-02 8.593523e-06
2.218750e+01 1.943443e-02 8.484296e-06
2.234375e+01 1.932617e-02 8.431136e-06
2.250000e+01 1.922000e-02 8.379000e-06
2.375000e+01 1.840919e-02 7.979748e-06
2.437500e+01 1.802964e-02 7.793063e-06
2.468750e+01 1.784717e-02 7.703577e-06
2.500000e+01 1.767000e-02 7.617000e-06
2.625000e+01 1.698760e-02 7.287277e-06
2.687500e+01 1.666554e-02 7.132988e-06
2.718750e+01 1.651046e-02 7.058879e-06
2.750000e+01 1.636000e-02 6.987000e-06
2.875000e+01 1.578663e-02 6.711573e-06
2.937500e+01 1.551698e-02 6.581681e-06
2.968750e+01 1.538683e-02 6.519002e-06
3.000000e+01 1.526000e-02 6.458000e-06
3.125000e+01 1.476829e-02 6.222884e-06
3.187500e+01 1.453406e-02 6.111418e-06
3.218750e+01 1.442060e-02 6.057515e-06
3.250000e+01 1.431000e-02 6.005000e-06
3.375000e+01 1.388503e-02 5.802893e-06
3.437500e+01 1.368336e-02 5.706937e-06
3.468750e+01 1.358558e-02 5.660428e-06
3.500000e+01 1.349000e-02 5.615000e-06
3.625000e+01 1.311904e-02 5.439003e-06
3.687500e+01 1.294131e-02 5.354896e-06
3.718750e+01 1.285477e-02 5.314007e-06
3.750000e+01 1.277000e-02 5.274000e-06
3.875000e+01 1.244052e-02 5.118823e-06
3.937500e+01 1.228245e-02 5.044537e-06
3.968750e+01 1.220544e-02 5.008389e-06
4.000000e+01 1.213000e-02 4.973000e-06
4.250000e+01 1.155968e-02 4.705918e-06
4.375000e+01 1.129649e-02 4.582947e-06
4.437500e+01 1.117104e-02 4.524413e-06
4.468750e+01 1.110995e-02 4.495932e-06
4.500000e+01 1.105000e-02 4.468000e-06
4.750000e+01 1.059009e-02 4.253763e-06
4.875000e+01 1.037427e-02 4.153509e-06
4.937500e+01 1.027056e-02 4.105462e-06
5.000000e+01 1.017000e-02 4.059000e-06
5.250000e+01 9.785155e-03 3.882516e-06
5.375000e+01 9.604351e-03 3.800050e-06
5.437500e+01 9.517386e-03 3.760440e-06
5.500000e+01 9.433000e-03 3.722000e-06
5.750000e+01 9.109980e-03 3.574232e-06
5.875000e+01 8.957803e-03 3.504430e-06
5.937500e+01 8.884409e-03 3.470752e-06
6.000000e+01 8.813000e-03 3.438000e-06
6.250000e+01 8.538095e-03 3.312310e-06
6.375000e+01 8.407705e-03 3.252837e-06
6.437500e+01 8.344581e-03 3.224065e-06
6.500000e+01 8.283000e-03 3.196000e-06
6.750000e+01 8.045084e-03 3.087378e-06
6.875000e+01 7.931740e-03 3.035611e-06
6.937500e+01 7.876737e-03 3.010505e-06
7.000000e+01 7.823000e-03 2.986000e-06
7.500000e+01 7.419439e-03 2.803031e-06
7.750000e+01 7.235085e-03 2.719921e-06
7.875000e+01 7.147786e-03 2.680653e-06
7.937500e+01 7.105438e-03 2.661620e-06
8.000000e+01 7.064000e-03 2.643000e-06
8.500000e+01 6.748192e-03 2.500887e-06
8.750000e+01 6.601528e-03 2.434860e-06
8.875000e+01 6.531518e-03 2.403357e-06
8.937500e+01 6.497430e-03 2.388026e-06
9.000000e+01 6.464000e-03 2.373000e-06
9.500000e+01 6.208592e-03 2.258499e-06
9.750000e+01 6.089383e-03 2.205192e-06
9.875000e+01 6.032265e-03 2.179677e-06
1.000000e+02 5.977000e-03 2.155000e-06
1.050000e+02 5.766307e-03 2.060910e-06
1.075000e+02 5.667564e-03 2.016804e-06
1.087500e+02 5.620087e-03 1.995593e-06
1.100000e+02 5.574000e-03 1.975000e-06
1.150000e+02 5.397094e-03 1.895860e-06
1.175000e+02 5.313560e-03 1.858509e-06
1.187500e+02 5.273240e-03 1.840501e-06
1.200000e+02 5.234000e-03 1.823000e-06
1.250000e+02 5.082875e-03 1.755897e-06
1.275000e+02 5.011293e-03 1.724211e-06
1.287500e+02 4.976695e-03 1.708907e-06
1.300000e+02 4.943000e-03 1.694000e-06
1.350000e+02 4.813434e-03 1.636577e-06
1.375000e+02 4.751937e-03 1.609251e-06
1.387500e+02 4.722127e-03 1.595982e-06
1.400000e+02 4.693000e-03 1.583000e-06
1.450000e+02 4.580006e-03 1.532415e-06
1.475000e+02 4.525968e-03 1.508208e-06
1.487500e+02 4.499698e-03 1.496461e-06
1.500000e+02 4.474000e-03 1.485000e-06
1.550000e+02 4.374441e-03 1.441032e-06
1.575000e+02 4.326834e-03 1.420128e-06
1.587500e+02 4.303674e-03 1.409964e-06
1.600000e+02 4.281000e-03 1.400000e-06
1.650000e+02 4.192984e-03 1.361009e-06
1.675000e+02 4.150764e-03 1.342196e-06
1.700000e+02 4.110000e-03 1.324000e-06
1.750000e+02 4.031249e-03 1.288958e-06
1.775000e+02 3.993475e-03 1.272184e-06
1.800000e+02 3.957000e-03 1.256000e-06
1.900000e+02 3.819511e-03 1.194911e-06
1.950000e+02 3.755845e-03 1.166603e-06
1.975000e+02 3.725418e-03 1.153075e-06
2.000000e+02 3.696000e-03 1.140000e-06
2.125000e+02 3.556647e-03 1.078236e-06
2.187500e+02 3.492212e-03 1.049703e-06
2.218750e+02 3.461533e-03 1.036106e-06
2.250000e+02 3.432000e-03 1.023000e-06
2.375000e+02 3.320362e-03 9.732083e-07
2.437500e+02 3.268608e-03 9.500227e-07
2.468750e+02 3.243884e-03 9.389272e-07
2.500000e+02 3.220000e-03 9.282000e-07
2.625000e+02 3.128900e-03 8.873323e-07
2.687500e+02 3.086273e-03 8.682030e-07
2.718750e+02 3.065817e-03 8.590136e-07
2.750000e+02 3.046000e-03 8.501000e-07
2.875000e+02 2.970308e-03 8.159289e-07
2.937500e+02 2.934752e-03 7.998207e-07
2.968750e+02 2.917633e-03 7.920534e-07
3.000000e+02 2.901000e-03 7.845000e-07
3.125000e+02 2.837089e-03 7.554622e-07
3.187500e+02 2.806853e-03 7.417186e-07
3.218750e+02 2.792239e-03 7.350744e-07
3.250000e+02 2.778000e-03 7.286000e-07
3.375000e+02 2.723008e-03 7.036370e-07
3.437500e+02 2.696910e-03 6.917708e-07
3.500000e+02 2.672000e-03 6.804000e-07
3.625000e+02 2.624670e-03 6.586083e-07
3.687500e+02 2.602333e-03 6.482448e-07
3.750000e+02 2.581000e-03 6.383000e-07
3.875000e+02 2.540130e-03 6.191887e-07
3.937500e+02 2.520680e-03 6.100704e-07
4.000000e+02 2.502000e-03 6.013000e-07
4.250000e+02 2.431966e-03 5.684130e-07
4.375000e+02 2.399862e-03 5.533034e-07
4.437500e+02 2.384633e-03 5.461191e-07
4.500000e+02 2.370000e-03 5.392000e-07
4.750000e+02 2.314573e-03 5.128957e-07
4.875000e+02 2.288939e-03 5.006395e-07
4.937500e+02 2.276738e-03 4.947727e-07
5.000000e+02 2.265000e-03 4.891000e-07
5.250000e+02 2.220728e-03 4.674893e-07
5.375000e+02 2.200238e-03 4.573736e-07
5.500000e+02 2.181000e-03 4.478000e-07
5.750000e+02 2.144818e-03 4.296819e-07
5.875000e+02 2.127948e-03 4.211786e-07
6.000000e+02 2.112000e-03 4.131000e-07
6.250000e+02 2.081651e-03 3.977045e-07
6.375000e+02 2.067427e-03 3.904340e-07
6.500000e+02 2.054000e-03 3.835000e-07
6.750000e+02 2.028834e-03 3.702637e-07
6.875000e+02 2.017104e-03 3.639947e-07
7.000000e+02 2.006000e-03 3.580000e-07
7.500000e+02 1.965023e-03 3.357486e-07
7.750000e+02 1.946683e-03 3.256467e-07
8.000000e+02 1.930000e-03 3.163000e-07
8.500000e+02 1.899784e-03 2.989267e-07
8.750000e+02 1.886296e-03 2.909457e-07
9.000000e+02 1.874000e-03 2.835000e-07
1.000000e+03 1.832000e-03 2.571000e-07
