1.562500e-03 9.225000e-01 4.971000e+00
1.718750e-03 9.675000e-01 4.898000e+00
1.796875e-03 9.897750e-01 4.861500e+00
1.835937e-03 1.000582e+00 4.843250e+00
1.855469e-03 1.005851e+00 4.834125e+00
1.875000e-03 1.011000e+00 4.825000e+00
1.953125e-03 1.031093e+00 4.788441e+00
1.992188e-03 1.040440e+00 4.770190e+00
2.031250e-03 1.049000e+00 4.752000e+00
2.109375e-03 1.063217e+00 4.715843e+00
2.148438e-03 1.069617e+00 4.697879e+00
2.187500e-03 1.076000e+00 4.680000e+00
2.265625e-03 1.090316e+00 4.644311e+00
2.304688e-03 1.098031e+00 4.626585e+00
2.343750e-03 1.106000e+00 4.609000e+00
2.421875e-03 1.121859e+00 4.574208e+00
2.460938e-03 1.129865e+00 4.557022e+00
2.500000e-03 1.138000e+00 4.540000e+00
2.578125e-03 1.154755e+00 4.506302e+00
2.617188e-03 1.163325e+00 4.489604e+00
2.656250e-03 1.172000e+00 4.473000e+00
2.734375e-03 1.189440e+00 4.439824e+00
2.773437e-03 1.198204e+00 4.423343e+00
2.812500e-03 1.207000e+00 4.407000e+00
2.968750e-03 1.242440e+00 4.342886e+00
3.046875e-03 1.260225e+00 4.311629e+00
3.085938e-03 1.269118e+00 4.296230e+00
3.125000e-03 1.278000e+00 4.281000e+00
3.320313e-03 1.322292e+00 4.206159e+00
3.417969e-03 1.344253e+00 4.169682e+00
3.466797e-03 1.355159e+00 4.151731e+00
3.515625e-03 1.366000e+00 4.134000e+00
3.710937e-03 1.409036e+00 4.064233e+00
3.808594e-03 1.430201e+00 4.030227e+00
3.857422e-03 1.440655e+00 4.013504e+00
3.906250e-03 1.451000e+00 3.997000e+00
4.101563e-03 1.491681e+00 3.932324e+00
4.199219e-03 1.511540e+00 3.900832e+00
4.248047e-03 1.521325e+00 3.885328e+00
4.296875e-03 1.531000e+00 3.870000e+00
4.492187e-03 1.569072e+00 3.809463e+00
4.589844e-03 1.587699e+00 3.779893e+00
4.638672e-03 1.596894e+00 3.765348e+00
4.687500e-03 1.606000e+00 3.751000e+00
4.882812e-03 1.642053e+00 3.694917e+00
4.980469e-03 1.659712e+00 3.667664e+00
5.029297e-03 1.668411e+00 3.654255e+00
5.078125e-03 1.677000e+00 3.641000e+00
5.273438e-03 1.710616e+00 3.588721e+00
5.371094e-03 1.726976e+00 3.563125e+00
5.468750e-03 1.743000e+00 3.538000e+00
5.664062e-03 1.774512e+00 3.488625e+00
5.761719e-03 1.789912e+00 3.464541e+00
5.859375e-03 1.805000e+00 3.441000e+00
6.054688e-03 1.834496e+00 3.395141e+00
6.152344e-03 1.848884e+00 3.372838e+00
6.250000e-03 1.863000e+00 3.351000e+00
6.640625e-03 1.917978e+00 3.266080e+00
6.835938e-03 1.944427e+00 3.225324e+00
6.933594e-03 1.957334e+00 3.205464e+00
7.031250e-03 1.970000e+00 3.186000e+00
7.421875e-03 2.019217e+00 3.110396e+00
7.617187e-03 2.042943e+00 3.074091e+00
7.714844e-03 2.054560e+00 3.056380e+00
7.812500e-03 2.066000e+00 3.039000e+00
8.203125e-03 2.110905e+00 2.971307e+00
8.398438e-03 2.132727e+00 2.938667e+00
8.593750e-03 2.154000e+00 2.907000e+00
8.984375e-03 2.195261e+00 2.845417e+00
9.179687e-03 2.215315e+00 2.815734e+00
9.375000e-03 2.235000e+00 2.787000e+00
9.765625e-03 2.273905e+00 2.731570e+00
9.960937e-03 2.293072e+00 2.704902e+00
1.015625e-02 2.312000e+00 2.679000e+00
1.054688e-02 2.349370e+00 2.628381e+00
1.074219e-02 2.367789e+00 2.603849e+00
1.093750e-02 2.386000e+00 2.580000e+00
1.171875e-02 2.457218e+00 2.489592e+00
1.210938e-02 2.492215e+00 2.447263e+00
1.230469e-02 2.509620e+00 2.426866e+00
1.250000e-02 2.527000e+00 2.407000e+00
1.328125e-02 2.596689e+00 2.329874e+00
1.367188e-02 2.631736e+00 2.293123e+00
1.386719e-02 2.649335e+00 2.275331e+00
1.406250e-02 2.667000e+00 2.258000e+00
1.484375e-02 2.738029e+00 2.191624e+00
1.523437e-02 2.773863e+00 2.160174e+00
1.542969e-02 2.791888e+00 2.144921e+00
1.562500e-02 2.810000e+00 2.130000e+00
1.640625e-02 2.882912e+00 2.071843e+00
1.679688e-02 2.919766e+00 2.043914e+00
1.699219e-02 2.938328e+00 2.030314e+00
1.718750e-02 2.957000e+00 2.017000e+00
1.796875e-02 3.032221e+00 1.965381e+00
1.835937e-02 3.070350e+00 1.940712e+00
1.855469e-02 3.089598e+00 1.928724e+00
1.875000e-02 3.109000e+00 1.917000e+00
1.953125e-02 3.187675e+00 1.871717e+00
1.992187e-02 3.227621e+00 1.850016e+00
2.011719e-02 3.247755e+00 1.839420e+00
2.031250e-02 3.268000e+00 1.829000e+00
2.109375e-02 3.349362e+00 1.788059e+00
2.148438e-02 3.390461e+00 1.768227e+00
2.167969e-02 3.411165e+00 1.758525e+00
2.187500e-02 3.432000e+00 1.749000e+00
2.265625e-02 3.516299e+00 1.712057e+00
2.304688e-02 3.558972e+00 1.694274e+00
2.324219e-02 3.580441e+00 1.685571e+00
2.343750e-02 3.602000e+00 1.677000e+00
2.421875e-02 3.688492e+00 1.643229e+00
2.460938e-02 3.732066e+00 1.626855e+00
2.480469e-02 3.753978e+00 1.618851e+00
2.500000e-02 3.776000e+00 1.611000e+00
2.578125e-02 3.864868e+00 1.580730e+00
2.617187e-02 3.909764e+00 1.566179e+00
2.636719e-02 3.932338e+00 1.559045e+00
2.656250e-02 3.955000e+00 1.552000e+00
2.734375e-02 4.046076e+00 1.524071e+00
2.773437e-02 4.091912e+00 1.510387e+00
2.792969e-02 4.114921e+00 1.503649e+00
2.812500e-02 4.138000e+00 1.497000e+00
2.968750e-02 4.323981e+00 1.445947e+00
3.046875e-02 4.418030e+00 1.421892e+00
3.085938e-02 4.465385e+00 1.410289e+00
3.105469e-02 4.489158e+00 1.404603e+00
3.125000e-02 4.513000e+00 1.399000e+00
3.320312e-02 4.753647e+00 1.345286e+00
3.417969e-02 4.875343e+00 1.320023e+00
3.466797e-02 4.936550e+00 1.307846e+00
3.491211e-02 4.967244e+00 1.301880e+00
3.515625e-02 4.998000e+00 1.296000e+00
3.710938e-02 5.244964e+00 1.250301e+00
3.808594e-02 5.369168e+00 1.228614e+00
3.857422e-02 5.431496e+00 1.218153e+00
3.881836e-02 5.462724e+00 1.213035e+00
3.906250e-02 5.494000e+00 1.208000e+00
4.101562e-02 5.745180e+00 1.169567e+00
4.199219e-02 5.871374e+00 1.151424e+00
4.248047e-02 5.934632e+00 1.142623e+00
4.272461e-02 5.966302e+00 1.138290e+00
4.296875e-02 5.998000e+00 1.134000e+00
4.492188e-02 6.252169e+00 1.100098e+00
4.589844e-02 6.379522e+00 1.083726e+00
4.638672e-02 6.443250e+00 1.075765e+00
4.687500e-02 6.507000e+00 1.068000e+00
4.882812e-02 6.762000e+00 1.038388e+00
4.980469e-02 6.889500e+00 1.024403e+00
5.029297e-02 6.953250e+00 1.017627e+00
5.078125e-02 7.017000e+00 1.011000e+00
5.273438e-02 7.272176e+00 9.851688e-01
5.371094e-02 7.399681e+00 9.727319e-01
5.419922e-02 7.463373e+00 9.666598e-01
5.468750e-02 7.527000e+00 9.607000e-01
5.664062e-02 7.780959e+00 9.374878e-01
5.761719e-02 7.907605e+00 9.263140e-01
5.810547e-02 7.970836e+00 9.208574e-01
5.859375e-02 8.034000e+00 9.155000e-01
6.054688e-02 8.286497e+00 8.946180e-01
6.152344e-02 8.412436e+00 8.845522e-01
6.201172e-02 8.475276e+00 8.796327e-01
6.250000e-02 8.538000e+00 8.748000e-01
6.640625e-02 9.037537e+00 8.379441e-01
6.835938e-02 9.284955e+00 8.207437e-01
6.933594e-02 9.407828e+00 8.124938e-01
6.982422e-02 9.469012e+00 8.084635e-01
7.031250e-02 9.530000e+00 8.045000e-01
7.421875e-02 1.001350e+01 7.739476e-01
7.617188e-02 1.025264e+01 7.595214e-01
7.714844e-02 1.037154e+01 7.525637e-01
7.763672e-02 1.043083e+01 7.491561e-01
7.812500e-02 1.049000e+01 7.458000e-01
8.203125e-02 1.096327e+01 7.198866e-01
8.398438e-02 1.119799e+01 7.076121e-01
8.496094e-02 1.131443e+01 7.016789e-01
8.544922e-02 1.137234e+01 6.987690e-01
8.593750e-02 1.143000e+01 6.959000e-01
8.984375e-02 1.188563e+01 6.736956e-01
9.179688e-02 1.210944e+01 6.631296e-01
9.277344e-02 1.222016e+01 6.580053e-01
9.375000e-02 1.233000e+01 6.530000e-01
9.765625e-02 1.276439e+01 6.336288e-01
9.960938e-02 1.297843e+01 6.243835e-01
1.005859e-01 1.308455e+01 6.198921e-01
1.015625e-01 1.319000e+01 6.155000e-01
1.054688e-01 1.360911e+01 5.984807e-01
1.074219e-01 1.381594e+01 5.903390e-01
1.083984e-01 1.391838e+01 5.863778e-01
1.093750e-01 1.402000e+01 5.825000e-01
1.171875e-01 1.481426e+01 5.532126e-01
1.210938e-01 1.519775e+01 5.397183e-01
1.230469e-01 1.538542e+01 5.332932e-01
1.240234e-01 1.547812e+01 5.301666e-01
1.250000e-01 1.557000e+01 5.271000e-01
1.328125e-01 1.629077e+01 5.035922e-01
1.367188e-01 1.664012e+01 4.925870e-01
1.386719e-01 1.681138e+01 4.873087e-01
1.396484e-01 1.689604e+01 4.847318e-01
1.406250e-01 1.698000e+01 4.822000e-01
1.484375e-01 1.763918e+01 4.627774e-01
1.523438e-01 1.795890e+01 4.536529e-01
1.542969e-01 1.811566e+01 4.492625e-01
1.562500e-01 1.827000e+01 4.450000e-01
1.640625e-01 1.887414e+01 4.286566e-01
1.679688e-01 1.916637e+01 4.209448e-01
1.699219e-01 1.930940e+01 4.172228e-01
1.718750e-01 1.945000e+01 4.136000e-01
1.796875e-01 1.999798e+01 3.996462e-01
1.835938e-01 2.026267e+01 3.930276e-01
1.855469e-01 2.039233e+01 3.898241e-01
1.875000e-01 2.052000e+01 3.867000e-01
1.953125e-01 2.102050e+01 3.746420e-01
1.992188e-01 2.126341e+01 3.689035e-01
2.011719e-01 2.138258e+01 3.661198e-01
2.031250e-01 2.150000e+01 3.634000e-01
2.109375e-01 2.195963e+01 3.528742e-01
2.148438e-01 2.218263e+01 3.478437e-01
2.187500e-01 2.240000e+01 3.430000e-01
2.265625e-01 2.282431e+01 3.336657e-01
2.304688e-01 2.302993e+01 3.292015e-01
2.343750e-01 2.323000e+01 3.249000e-01
2.421875e-01 2.361816e+01 3.166055e-01
2.460938e-01 2.380623e+01 3.126333e-01
2.500000e-01 2.399000e+01 3.088000e-01
2.578125e-01 2.435188e+01 3.013959e-01
2.617188e-01 2.452819e+01 2.978404e-01
2.656250e-01 2.470000e+01 2.944000e-01
2.734375e-01 2.503219e+01 2.877297e-01
2.773438e-01 2.519293e+01 2.845158e-01
2.812500e-01 2.535000e+01 2.814000e-01
2.968750e-01 2.596351e+01 2.695620e-01
3.046875e-01 2.625770e+01 2.640312e-01
3.085938e-01 2.640057e+01 2.613757e-01
3.125000e-01 2.654000e+01 2.588000e-01
3.320312e-01 2.720274e+01 2.465534e-01
3.417969e-01 2.751369e+01 2.408559e-01
3.466797e-01 2.766373e+01 2.381316e-01
3.515625e-01 2.781000e+01 2.355000e-01
3.710938e-01 2.837749e+01 2.254996e-01
3.808594e-01 2.864892e+01 2.208250e-01
3.906250e-01 2.891000e+01 2.164000e-01
4.101562e-01 2.941179e+01 2.079937e-01
4.199219e-01 2.965075e+01 2.040451e-01
4.296875e-01 2.988000e+01 2.003000e-01
4.492188e-01 3.031838e+01 1.932150e-01
4.589844e-01 3.052767e+01 1.898809e-01
4.687500e-01 3.073000e+01 1.867000e-01
4.882812e-01 3.112554e+01 1.805908e-01
4.980469e-01 3.131617e+01 1.776848e-01
5.078125e-01 3.150000e+01 1.749000e-01
5.273438e-01 3.185066e+01 1.695638e-01
5.371094e-01 3.201802e+01 1.670289e-01
5.468750e-01 3.218000e+01 1.646000e-01
5.664062e-01 3.249662e+01 1.599481e-01
5.859375e-01 3.280000e+01 1.556000e-01
6.054688e-01 3.309258e+01 1.514725e-01
6.250000e-01 3.337000e+01 1.476000e-01
6.640625e-01 3.388558e+01 1.403700e-01
6.835938e-01 3.412438e+01 1.370305e-01
7.031250e-01 3.435000e+01 1.339000e-01
7.421875e-01 3.478281e+01 1.280160e-01
7.617188e-01 3.498686e+01 1.252791e-01
7.812500e-01 3.518000e+01 1.227000e-01
8.203125e-01 3.554219e+01 1.178417e-01
8.593750e-01 3.587000e+01 1.134000e-01
8.984375e-01 3.617455e+01 1.092258e-01
9.375000e-01 3.645000e+01 1.054000e-01
9.765625e-01 3.670271e+01 1.018682e-01
1.015625e+00 3.693000e+01 9.863000e-02
1.054688e+00 3.714043e+01 9.555583e-02
1.093750e+00 3.733000e+01 9.269000e-02
1.171875e+00 3.766478e+01 8.744209e-02
1.250000e+00 3.793000e+01 8.285000e-02
1.406250e+00 3.829000e+01 7.501000e-02
1.562500e+00 3.848000e+01 6.861000e-02
1.718750e+00 3.852000e+01 6.328000e-02
1.875000e+00 3.845000e+01 5.876000e-02
2.031250e+00 3.837000e+01 5.489000e-02
2.187500e+00 3.831000e+01 5.152000e-02
2.343750e+00 3.797000e+01 4.856000e-02
2.500000e+00 3.762000e+01 4.595000e-02
2.656250e+00 3.732000e+01 4.362000e-02
2.812500e+00 3.699000e+01 4.153000e-02
2.968750e+00 3.664325e+01 3.962423e-02
3.125000e+00 3.628000e+01 3.792000e-02
3.320312e+00 3.581094e+01 3.597942e-02
3.417969e+00 3.557164e+01 3.509070e-02
3.515625e+00 3.533000e+01 3.426000e-02
3.710938e+00 3.484481e+01 3.269152e-02
3.808594e+00 3.460214e+01 3.195990e-02
3.906250e+00 3.436000e+01 3.127000e-02
4.101562e+00 3.387643e+01 2.997130e-02
4.199219e+00 3.363683e+01 2.936466e-02
4.296875e+00 3.340000e+01 2.879000e-02
4.492188e+00 3.293471e+01 2.769642e-02
4.589844e+00 3.270602e+01 2.718090e-02
4.687500e+00 3.248000e+01 2.669000e-02
4.882812e+00 3.202949e+01 2.575392e-02
4.980469e+00 3.180765e+01 2.531173e-02
5.078125e+00 3.159000e+01 2.489000e-02
5.273438e+00 3.116805e+01 2.408663e-02
5.371094e+00 3.096250e+01 2.370568e-02
5.468750e+00 3.076000e+01 2.334000e-02
5.664062e+00 3.035563e+01 2.263279e-02
5.761719e+00 3.015609e+01 2.229470e-02
5.859375e+00 2.996000e+01 2.197000e-02
6.054688e+00 2.957779e+01 2.134954e-02
6.152344e+00 2.939192e+01 2.105422e-02
6.250000e+00 2.921000e+01 2.077000e-02
6.640625e+00 2.850480e+01 1.969428e-02
6.835938e+00 2.816667e+01 1.919624e-02
6.933594e+00 2.800179e+01 1.895882e-02
7.031250e+00 2.784000e+01 1.873000e-02
7.421875e+00 2.720892e+01 1.786379e-02
7.617188e+00 2.690469e+01 1.746059e-02
7.714844e+00 2.675602e+01 1.726731e-02
7.812500e+00 2.661000e+01 1.708000e-02
8.203125e+00 2.604096e+01 1.635986e-02
8.398438e+00 2.576643e+01 1.602087e-02
8.496094e+00 2.563211e+01 1.585790e-02
8.593750e+00 2.550000e+01 1.570000e-02
8.984375e+00 2.498313e+01 1.509970e-02
9.179688e+00 2.473301e+01 1.481805e-02
9.375000e+00 2.449000e+01 1.455000e-02
9.765625e+00 2.401912e+01 1.403660e-02
9.960938e+00 2.379161e+01 1.379302e-02
1.015625e+01 2.357000e+01 1.356000e-02
1.054688e+01 2.313671e+01 1.311432e-02
1.074219e+01 2.292593e+01 1.290273e-02
1.093750e+01 2.272000e+01 1.270000e-02
1.171875e+01 2.192794e+01 1.194345e-02
1.210938e+01 2.155148e+01 1.159883e-02
1.230469e+01 2.136875e+01 1.143599e-02
1.250000e+01 2.119000e+01 1.128000e-02
1.328125e+01 2.049496e+01 1.069400e-02
1.367188e+01 2.016152e+01 1.042362e-02
1.386719e+01 1.999911e+01 1.029462e-02
1.406250e+01 1.984000e+01 1.017000e-02
1.484375e+01 1.922272e+01 9.692676e-03
1.523438e+01 1.892645e+01 9.468991e-03
1.542969e+01 1.878190e+01 9.361734e-03
1.562500e+01 1.864000e+01 9.258000e-03
1.640625e+01 1.808579e+01 8.864135e-03
1.679688e+01 1.781858e+01 8.680143e-03
1.699219e+01 1.768808e+01 8.591768e-03
1.718750e+01 1.756000e+01 8.506000e-03
1.796875e+01 1.706087e+01 8.176218e-03
1.835938e+01 1.682113e+01 8.020376e-03
1.855469e+01 1.670436e+01 7.945163e-03
1.875000e+01 1.659000e+01 7.872000e-03
1.953125e+01 1.614701e+01 7.591051e-03
1.992188e+01 1.593482e+01 7.458072e-03
2.011719e+01 1.583142e+01 7.393741e-03
2.031250e+01 1.573000e+01 7.331000e-03
2.109375e+01 1.533333e+01 7.088412e-03
2.148438e+01 1.514288e+01 6.972840e-03
2.167969e+01 1.505034e+01 6.916770e-03
2.187500e+01 1.496000e+01 6.862000e-03
2.265625e+01 1.461231e+01 6.650169e-03
2.304688e+01 1.444750e+01 6.549107e-03
2.324219e+01 1.436776e+01 6.500013e-03
2.343750e+01 1.429000e+01 6.452000e-03
2.421875e+01 1.398881e+01 6.265966e-03
2.460938e+01 1.384593e+01 6.176897e-03
2.500000e+01 1.371000e+01 6.091000e-03
2.578125e+01 1.345266e+01 5.925114e-03
2.617188e+01 1.333272e+01 5.845643e-03
2.656250e+01 1.322000e+01 5.769000e-03
2.734375e+01 1.301138e+01 5.621271e-03
2.773438e+01 1.291380e+01 5.550449e-03
2.812500e+01 1.282000e+01 5.482000e-03
2.968750e+01 1.246217e+01 5.222463e-03
3.046875e+01 1.228694e+01 5.101706e-03
3.085938e+01 1.219898e+01 5.043906e-03
3.125000e+01 1.211000e+01 4.988000e-03
3.320312e+01 1.163089e+01 4.724001e-03
3.417969e+01 1.138663e+01 4.602079e-03
3.466797e+01 1.126660e+01 4.543991e-03
3.491211e+01 1.120773e+01 4.515722e-03
3.515625e+01 1.115000e+01 4.488000e-03
3.710938e+01 1.072436e+01 4.275836e-03
3.808594e+01 1.053117e+01 4.176627e-03
3.857422e+01 1.043918e+01 4.129053e-03
3.906250e+01 1.035000e+01 4.083000e-03
4.101562e+01 1.000212e+01 3.907276e-03
4.199219e+01 9.835593e+00 3.824936e-03
4.248047e+01 9.754797e+00 3.785372e-03
4.296875e+01 9.676000e+00 3.747000e-03
4.492188e+01 9.373385e+00 3.600085e-03
4.589844e+01 9.230065e+00 3.530865e-03
4.638672e+01 9.160694e+00 3.497480e-03
4.687500e+01 9.093000e+00 3.465000e-03
4.882812e+01 8.830950e+00 3.339917e-03
4.980469e+01 8.705958e+00 3.280628e-03
5.029297e+01 8.645285e+00 3.251950e-03
5.078125e+01 8.586000e+00 3.224000e-03
5.273438e+01 8.356812e+00 3.116282e-03
5.371094e+01 8.247363e+00 3.065081e-03
5.419922e+01 8.194130e+00 3.040254e-03
5.468750e+01 8.142000e+00 3.016000e-03
5.664062e+01 7.939241e+00 2.922078e-03
5.761719e+01 7.841911e+00 2.877192e-03
5.810547e+01 7.794482e+00 2.855364e-03
5.859375e+01 7.748000e+00 2.834000e-03
6.054688e+01 7.567421e+00 2.751038e-03
6.152344e+01 7.480728e+00 2.711289e-03
6.201172e+01 7.438456e+00 2.691941e-03
6.250000e+01 7.397000e+00 2.673000e-03
6.640625e+01 7.082244e+00 2.530116e-03
6.835938e+01 6.936231e+00 2.464386e-03
6.933594e+01 6.866445e+00 2.433119e-03
7.031250e+01 6.799000e+00 2.403000e-03
7.421875e+01 6.542151e+00 2.288605e-03
7.617188e+01 6.421601e+00 2.235282e-03
7.714844e+01 6.363516e+00 2.209733e-03
7.812500e+01 6.307000e+00 2.185000e-03
8.203125e+01 6.088724e+00 2.090430e-03
8.398438e+01 5.985056e+00 2.046041e-03
8.496094e+01 5.934889e+00 2.024701e-03
8.593750e+01 5.886000e+00 2.004000e-03
8.984375e+01 5.697558e+00 1.924797e-03
9.179688e+01 5.608239e+00 1.887495e-03
9.277344e+01 5.565058e+00 1.869505e-03
9.375000e+01 5.523000e+00 1.852000e-03
9.765625e+01 5.361158e+00 1.784534e-03
9.960938e+01 5.284409e+00 1.752545e-03
1.005859e+02 5.247252e+00 1.737074e-03
1.015625e+02 5.211000e+00 1.722000e-03
1.054688e+02 5.070866e+00 1.663961e-03
1.074219e+02 5.004079e+00 1.636398e-03
1.083984e+02 4.971667e+00 1.623040e-03
1.093750e+02 4.940000e+00 1.610000e-03
1.171875e+02 4.702319e+00 1.512109e-03
1.210938e+02 4.593766e+00 1.467428e-03
1.230469e+02 4.542356e+00 1.446283e-03
1.240234e+02 4.517412e+00 1.436030e-03
1.250000e+02 4.493000e+00 1.426000e-03
1.328125e+02 4.306742e+00 1.349603e-03
1.367188e+02 4.220176e+00 1.314172e-03
1.386719e+02 4.178849e+00 1.297277e-03
1.406250e+02 4.139000e+00 1.281000e-03
1.562500e+02 3.852000e+00 1.164000e-03
