4.166667e-03 9.170000e-01 8.760000e-01
4.583333e-03 9.467000e-01 8.411000e-01
4.791666e-03 9.611725e-01 8.247650e-01
4.895833e-03 9.683766e-01 8.169168e-01
5.000000e-03 9.756000e-01 8.093000e-01
5.208334e-03 9.902617e-01 7.944291e-01
5.312500e-03 9.976363e-01 7.872192e-01
5.416667e-03 1.005000e+00 7.802000e-01
5.625000e-03 1.019494e+00 7.665529e-01
5.729166e-03 1.026722e+00 7.599436e-01
5.833333e-03 1.034000e+00 7.535000e-01
6.041666e-03 1.048826e+00 7.408969e-01
6.145833e-03 1.056369e+00 7.347731e-01
6.250000e-03 1.064000e+00 7.288000e-01
6.458333e-03 1.079441e+00 7.171634e-01
6.562500e-03 1.087213e+00 7.115156e-01
6.666667e-03 1.095000e+00 7.060000e-01
6.875000e-03 1.110393e+00 6.951985e-01
6.979166e-03 1.118136e+00 6.899395e-01
7.083333e-03 1.126000e+00 6.848000e-01
7.291667e-03 1.142273e+00 6.747607e-01
7.395833e-03 1.150597e+00 6.698764e-01
7.500000e-03 1.159000e+00 6.651000e-01
7.916666e-03 1.192399e+00 6.466494e-01
8.125000e-03 1.209133e+00 6.378526e-01
8.229166e-03 1.217542e+00 6.335795e-01
8.333333e-03 1.226000e+00 6.294000e-01
8.854166e-03 1.268863e+00 6.092680e-01
9.114583e-03 1.290736e+00 5.997233e-01
9.244792e-03 1.301813e+00 5.951043e-01
9.375000e-03 1.313000e+00 5.906000e-01
9.895835e-03 1.358530e+00 5.732174e-01
1.015625e-02 1.381663e+00 5.649419e-01
1.028646e-02 1.393309e+00 5.609258e-01
1.041667e-02 1.405000e+00 5.570000e-01
1.093750e-02 1.451816e+00 5.417769e-01
1.119791e-02 1.475338e+00 5.344989e-01
1.132812e-02 1.487147e+00 5.309609e-01
1.145833e-02 1.499000e+00 5.275000e-01
1.197916e-02 1.546717e+00 5.140987e-01
1.223958e-02 1.570777e+00 5.076850e-01
1.236979e-02 1.582867e+00 5.045616e-01
1.250000e-02 1.595000e+00 5.015000e-01
1.302084e-02 1.643810e+00 4.895775e-01
1.328125e-02 1.668359e+00 4.838433e-01
1.341146e-02 1.680668e+00 4.810452e-01
1.354167e-02 1.693000e+00 4.783000e-01
1.406250e-02 1.742393e+00 4.676253e-01
1.432292e-02 1.767160e+00 4.624848e-01
1.445312e-02 1.779569e+00 4.599715e-01
1.458333e-02 1.792000e+00 4.575000e-01
1.510416e-02 1.841923e+00 4.478219e-01
1.536458e-02 1.866953e+00 4.431409e-01
1.549479e-02 1.879476e+00 4.408507e-01
1.562500e-02 1.892000e+00 4.386000e-01
1.614584e-02 1.941991e+00 4.298355e-01
1.640625e-02 1.966980e+00 4.256065e-01
1.653646e-02 1.979483e+00 4.235366e-01
1.666667e-02 1.992000e+00 4.215000e-01
1.770833e-02 2.092740e+00 4.058590e-01
1.822917e-02 2.143340e+00 3.984963e-01
1.848958e-02 2.168669e+00 3.949485e-01
1.861979e-02 2.181336e+00 3.932112e-01
1.875000e-02 2.194000e+00 3.915000e-01
1.979166e-02 2.295206e+00 3.782712e-01
2.031250e-02 2.345676e+00 3.719954e-01
2.057291e-02 2.370860e+00 3.689591e-01
2.070312e-02 2.383436e+00 3.674693e-01
2.083333e-02 2.396000e+00 3.660000e-01
2.187500e-02 2.496210e+00 3.546161e-01
2.239583e-02 2.546153e+00 3.491958e-01
2.265625e-02 2.571088e+00 3.465670e-01
2.291667e-02 2.596000e+00 3.440000e-01
2.395834e-02 2.695776e+00 3.340715e-01
2.447917e-02 2.745517e+00 3.293395e-01
2.473958e-02 2.770302e+00 3.270433e-01
2.500000e-02 2.795000e+00 3.248000e-01
2.604166e-02 2.893039e+00 3.161333e-01
2.656250e-02 2.941654e+00 3.119922e-01
2.682291e-02 2.965861e+00 3.099762e-01
2.708333e-02 2.990000e+00 3.080000e-01
2.812500e-02 3.086374e+00 3.002960e-01
2.864583e-02 3.134320e+00 2.965869e-01
2.890625e-02 3.158201e+00 2.947763e-01
2.916667e-02 3.182000e+00 2.930000e-01
3.125000e-02 3.370568e+00 2.795125e-01
3.229166e-02 3.463411e+00 2.732628e-01
3.281250e-02 3.509382e+00 2.702795e-01
3.307291e-02 3.532238e+00 2.688262e-01
3.333333e-02 3.555000e+00 2.674000e-01
3.541666e-02 3.735478e+00 2.564764e-01
3.645833e-02 3.824356e+00 2.513535e-01
3.697917e-02 3.868354e+00 2.488903e-01
3.723958e-02 3.890225e+00 2.476856e-01
3.750000e-02 3.912000e+00 2.465000e-01
3.958333e-02 4.084567e+00 2.373483e-01
4.062500e-02 4.169435e+00 2.330204e-01
4.114584e-02 4.211404e+00 2.309316e-01
4.166667e-02 4.253000e+00 2.289000e-01
4.375000e-02 4.417229e+00 2.211008e-01
4.479166e-02 4.497784e+00 2.174149e-01
4.531250e-02 4.537579e+00 2.156343e-01
4.583333e-02 4.577000e+00 2.139000e-01
4.791666e-02 4.732555e+00 2.072192e-01
4.895833e-02 4.808879e+00 2.040441e-01
4.947917e-02 4.846605e+00 2.025044e-01
5.000000e-02 4.884000e+00 2.010000e-01
5.208334e-02 5.031945e+00 1.951704e-01
5.312500e-02 5.104585e+00 1.923829e-01
5.364584e-02 5.140469e+00 1.910271e-01
5.416667e-02 5.176000e+00 1.897000e-01
5.625000e-02 5.315922e+00 1.845488e-01
5.729167e-02 5.384498e+00 1.820802e-01
5.781250e-02 5.418393e+00 1.808780e-01
5.833333e-02 5.452000e+00 1.797000e-01
6.041667e-02 5.585144e+00 1.751177e-01
6.145833e-02 5.650602e+00 1.729193e-01
6.197917e-02 5.682955e+00 1.718486e-01
6.250000e-02 5.715000e+00 1.708000e-01
6.458333e-02 5.841356e+00 1.667343e-01
6.562500e-02 5.903232e+00 1.647844e-01
6.614584e-02 5.933770e+00 1.638334e-01
6.666667e-02 5.964000e+00 1.629000e-01
6.875000e-02 6.083106e+00 1.592632e-01
6.979167e-02 6.141505e+00 1.575070e-01
7.083333e-02 6.199000e+00 1.558000e-01
7.291666e-02 6.312484e+00 1.524739e-01
7.395833e-02 6.368201e+00 1.508644e-01
7.500000e-02 6.423000e+00 1.493000e-01
7.916666e-02 6.635830e+00 1.433348e-01
8.125000e-02 6.738086e+00 1.405417e-01
8.229166e-02 6.787997e+00 1.392004e-01
8.333333e-02 6.837000e+00 1.379000e-01
8.854166e-02 7.074803e+00 1.317524e-01
9.114583e-02 7.188556e+00 1.288957e-01
9.244792e-02 7.243873e+00 1.275269e-01
9.375000e-02 7.298000e+00 1.262000e-01
9.895835e-02 7.507913e+00 1.210917e-01
1.015625e-01 7.608338e+00 1.186829e-01
1.028646e-01 7.657187e+00 1.175239e-01
1.041667e-01 7.705000e+00 1.164000e-01
1.093750e-01 7.890508e+00 1.121185e-01
1.119791e-01 7.979361e+00 1.101092e-01
1.132812e-01 8.022621e+00 1.091413e-01
1.145833e-01 8.065000e+00 1.082000e-01
1.197916e-01 8.229727e+00 1.045732e-01
1.223958e-01 8.308759e+00 1.028504e-01
1.250000e-01 8.385000e+00 1.012000e-01
1.302084e-01 8.531933e+00 9.803544e-02
1.328125e-01 8.602230e+00 9.653139e-02
1.354167e-01 8.670000e+00 9.509000e-02
1.406250e-01 8.800760e+00 9.232806e-02
1.432291e-01 8.863445e+00 9.101337e-02
1.458333e-01 8.924000e+00 8.975000e-02
1.510416e-01 9.041215e+00 8.731643e-02
1.536458e-01 9.097537e+00 8.615235e-02
1.562500e-01 9.152000e+00 8.503000e-02
1.614584e-01 9.257406e+00 8.286267e-02
1.640625e-01 9.308048e+00 8.182340e-02
1.666667e-01 9.357000e+00 8.082000e-02
1.770834e-01 9.541903e+00 7.703704e-02
1.822917e-01 9.627565e+00 7.528568e-02
1.875000e-01 9.708000e+00 7.364000e-02
1.979166e-01 9.859592e+00 7.053778e-02
2.031250e-01 9.929983e+00 6.908943e-02
2.083333e-01 9.996000e+00 6.772000e-02
2.187500e-01 1.011888e+01 6.512528e-02
2.239584e-01 1.017594e+01 6.390702e-02
2.291667e-01 1.023000e+01 6.275000e-02
2.395834e-01 1.033390e+01 6.054962e-02
2.500000e-01 1.043000e+01 5.852000e-02
2.604167e-01 1.051932e+01 5.661712e-02
2.708333e-01 1.060000e+01 5.486000e-02
2.812500e-01 1.067368e+01 5.320563e-02
2.916667e-01 1.074000e+01 5.167000e-02
3.125000e-01 1.085941e+01 4.884531e-02
3.333333e-01 1.096000e+01 4.636000e-02
3.541667e-01 1.104762e+01 4.410414e-02
3.750000e-01 1.112000e+01 4.210000e-02
4.166667e-01 1.123000e+01 3.862000e-02
4.583333e-01 1.132000e+01 3.570000e-02
5.000000e-01 1.138000e+01 3.322000e-02
5.416667e-01 1.143000e+01 3.109000e-02
5.833333e-01 1.146000e+01 2.923000e-02
6.250000e-01 1.148000e+01 2.760000e-02
6.666667e-01 1.149000e+01 2.615000e-02
7.083333e-01 1.149000e+01 2.486000e-02
7.500000e-01 1.148000e+01 2.369000e-02
8.333333e-01 1.146000e+01 2.168000e-02
9.375000e-01 1.141000e+01 1.963000e-02
1.041667e+00 1.134000e+01 1.796000e-02
1.145833e+00 1.125000e+01 1.656000e-02
1.250000e+00 1.116000e+01 1.538000e-02
1.354167e+00 1.106000e+01 1.437000e-02
1.458333e+00 1.095000e+01 1.348000e-02
1.510417e+00 1.089575e+01 1.307925e-02
1.562500e+00 1.084000e+01 1.271000e-02
1.614583e+00 1.078072e+01 1.235914e-02
1.666667e+00 1.072000e+01 1.203000e-02
1.770833e+00 1.060339e+01 1.141693e-02
1.822917e+00 1.054651e+01 1.113441e-02
1.875000e+00 1.049000e+01 1.087000e-02
1.979167e+00 1.037962e+01 1.037379e-02
2.031250e+00 1.032195e+01 1.014322e-02
2.083333e+00 1.026000e+01 9.926000e-03
2.187500e+00 1.011934e+01 9.515826e-03
2.239584e+00 1.004302e+01 9.323880e-03
2.291667e+00 9.964000e+00 9.142000e-03
2.395834e+00 9.802303e+00 8.796498e-03
2.447917e+00 9.722990e+00 8.633828e-03
2.500000e+00 9.647000e+00 8.479000e-03
2.604166e+00 9.509317e+00 8.183899e-03
2.656250e+00 9.445241e+00 8.044348e-03
2.708333e+00 9.383000e+00 7.911000e-03
2.812500e+00 9.256478e+00 7.655615e-03
2.864584e+00 9.193034e+00 7.534278e-03
2.916667e+00 9.130000e+00 7.418000e-03
3.125000e+00 8.884962e+00 6.985172e-03
3.229166e+00 8.766814e+00 6.787972e-03
3.281250e+00 8.708965e+00 6.694628e-03
3.333333e+00 8.652000e+00 6.605000e-03
3.541666e+00 8.428340e+00 6.265281e-03
3.645833e+00 8.319733e+00 6.107716e-03
3.697917e+00 8.266460e+00 6.032524e-03
3.750000e+00 8.214000e+00 5.960000e-03
3.958334e+00 8.008823e+00 5.684942e-03
4.062500e+00 7.909522e+00 5.556829e-03
4.114584e+00 7.860875e+00 5.495443e-03
4.166667e+00 7.813000e+00 5.436000e-03
4.375000e+00 7.625793e+00 5.208397e-03
4.479166e+00 7.535158e+00 5.101415e-03
4.531250e+00 7.490737e+00 5.049947e-03
4.583333e+00 7.447000e+00 5.000000e-03
4.791666e+00 7.275764e+00 4.808814e-03
4.895833e+00 7.192771e+00 4.718733e-03
4.947917e+00 7.152077e+00 4.675282e-03
5.000000e+00 7.112000e+00 4.633000e-03
5.208334e+00 6.955120e+00 4.470187e-03
5.312500e+00 6.879063e+00 4.392927e-03
5.364584e+00 6.841756e+00 4.355511e-03
5.416667e+00 6.805000e+00 4.319000e-03
5.625000e+00 6.661017e+00 4.177764e-03
5.729166e+00 6.591130e+00 4.110486e-03
5.781250e+00 6.556823e+00 4.077857e-03
5.833333e+00 6.523000e+00 4.046000e-03
6.041666e+00 6.390223e+00 3.923047e-03
6.145833e+00 6.325757e+00 3.864412e-03
6.250000e+00 6.263000e+00 3.808000e-03
6.458334e+00 6.141309e+00 3.699169e-03
6.562500e+00 6.082432e+00 3.647117e-03
6.666667e+00 6.025000e+00 3.597000e-03
6.875000e+00 5.912347e+00 3.500629e-03
6.979166e+00 5.857512e+00 3.454522e-03
7.083333e+00 5.804000e+00 3.410000e-03
7.291666e+00 5.699811e+00 3.323705e-03
7.395833e+00 5.649287e+00 3.282182e-03
7.500000e+00 5.600000e+00 3.242000e-03
7.916666e+00 5.410115e+00 3.089985e-03
8.125000e+00 5.320055e+00 3.019399e-03
8.229166e+00 5.276479e+00 2.985641e-03
8.333333e+00 5.234000e+00 2.953000e-03
8.854166e+00 5.030992e+00 2.798922e-03
9.114583e+00 4.935607e+00 2.727718e-03
9.244792e+00 4.889663e+00 2.693763e-03
9.375000e+00 4.845000e+00 2.661000e-03
9.895835e+00 4.673047e+00 2.536150e-03
1.015625e+01 4.591638e+00 2.477880e-03
1.028646e+01 4.552301e+00 2.449977e-03
1.041667e+01 4.514000e+00 2.423000e-03
1.093750e+01 4.366623e+00 2.320456e-03
1.119792e+01 4.296768e+00 2.272475e-03
1.132812e+01 4.262965e+00 2.249406e-03
1.145833e+01 4.230000e+00 2.227000e-03
1.197917e+01 4.102691e+00 2.140730e-03
1.223958e+01 4.042096e+00 2.099905e-03
1.236979e+01 4.012706e+00 2.080188e-03
1.250000e+01 3.984000e+00 2.061000e-03
1.302083e+01 3.873034e+00 1.987269e-03
1.328125e+01 3.820034e+00 1.952358e-03
1.341146e+01 3.794252e+00 1.935469e-03
1.354167e+01 3.769000e+00 1.919000e-03
1.406250e+01 3.670662e+00 1.855331e-03
1.432292e+01 3.623469e+00 1.825027e-03
1.445312e+01 3.600492e+00 1.810337e-03
1.458333e+01 3.578000e+00 1.796000e-03
1.510417e+01 3.491024e+00 1.740714e-03
1.536458e+01 3.449338e+00 1.714360e-03
1.549479e+01 3.428992e+00 1.701547e-03
1.562500e+01 3.409000e+00 1.689000e-03
1.614583e+01 3.330672e+00 1.640112e-03
1.640625e+01 3.292769e+00 1.616632e-03
1.653646e+01 3.274223e+00 1.605196e-03
1.666667e+01 3.256000e+00 1.594000e-03
1.770833e+01 3.117446e+00 1.509792e-03
1.822917e+01 3.052923e+00 1.471125e-03
1.848958e+01 3.021986e+00 1.452731e-03
1.875000e+01 2.992000e+00 1.435000e-03
1.979167e+01 2.876968e+00 1.367405e-03
2.031250e+01 2.822684e+00 1.335811e-03
2.057291e+01 2.796489e+00 1.320663e-03
2.083333e+01 2.771000e+00 1.306000e-03
2.187500e+01 2.672996e+00 1.250055e-03
2.239583e+01 2.626511e+00 1.223833e-03
2.265625e+01 2.603991e+00 1.211229e-03
2.291667e+01 2.582000e+00 1.199000e-03
2.395833e+01 2.496792e+00 1.152137e-03
2.447917e+01 2.456098e+00 1.130038e-03
2.473958e+01 2.436329e+00 1.119376e-03
2.500000e+01 2.417000e+00 1.109000e-03
2.604167e+01 2.342267e+00 1.069058e-03
2.656250e+01 2.306512e+00 1.050115e-03
2.682291e+01 2.289090e+00 1.040945e-03
2.708333e+01 2.272000e+00 1.032000e-03
2.812500e+01 2.205129e+00 9.974304e-04
2.864583e+01 2.172963e+00 9.809713e-04
2.890625e+01 2.157307e+00 9.729905e-04
2.916667e+01 2.142000e+00 9.652000e-04
3.125000e+01 2.027833e+00 9.069542e-04
3.229166e+01 1.975998e+00 8.804542e-04
3.281250e+01 1.951501e+00 8.679228e-04
3.307291e+01 1.939623e+00 8.618461e-04
3.333333e+01 1.928000e+00 8.559000e-04
3.541666e+01 1.839266e+00 8.104961e-04
3.645833e+01 1.797916e+00 7.893873e-04
3.697917e+01 1.778127e+00 7.793118e-04
3.723958e+01 1.768476e+00 7.744076e-04
3.750000e+01 1.759000e+00 7.696000e-04
3.958334e+01 1.686313e+00 7.329567e-04
4.062500e+01 1.652230e+00 7.158859e-04
4.114584e+01 1.635862e+00 7.077105e-04
4.166667e+01 1.620000e+00 6.998000e-04
4.375000e+01 1.559472e+00 6.695897e-04
4.479166e+01 1.531032e+00 6.554203e-04
4.531250e+01 1.517328e+00 6.486087e-04
4.583333e+01 1.504000e+00 6.420000e-04
4.791666e+01 1.452607e+00 6.166777e-04
4.895833e+01 1.428245e+00 6.047461e-04
4.947917e+01 1.416468e+00 5.989936e-04
5.000000e+01 1.405000e+00 5.934000e-04
5.208334e+01 1.360848e+00 5.719068e-04
5.312500e+01 1.339942e+00 5.617283e-04
5.364584e+01 1.329839e+00 5.568035e-04
5.416667e+01 1.320000e+00 5.520000e-04
5.625000e+01 1.282228e+00 5.334250e-04
5.729166e+01 1.264273e+00 5.245787e-04
5.781250e+01 1.255548e+00 5.202887e-04
5.833333e+01 1.247000e+00 5.161000e-04
6.041666e+01 1.213555e+00 4.999225e-04
6.145833e+01 1.197474e+00 4.922106e-04
6.197917e+01 1.189649e+00 4.884645e-04
6.250000e+01 1.182000e+00 4.848000e-04
6.458334e+01 1.152559e+00 4.705712e-04
6.562500e+01 1.138525e+00 4.637584e-04
6.614584e+01 1.131696e+00 4.604440e-04
6.666667e+01 1.125000e+00 4.572000e-04
6.875000e+01 1.098787e+00 4.446353e-04
6.979166e+01 1.086165e+00 4.386149e-04
7.031250e+01 1.080017e+00 4.356799e-04
7.083333e+01 1.074000e+00 4.328000e-04
7.291666e+01 1.050824e+00 4.215629e-04
7.395833e+01 1.039735e+00 4.161453e-04
7.447917e+01 1.034322e+00 4.134986e-04
7.500000e+01 1.029000e+00 4.109000e-04
7.916666e+01 9.878139e-01 3.911317e-04
8.125000e+01 9.683820e-01 3.819431e-04
8.229166e+01 9.590414e-01 3.775483e-04
8.333333e+01 9.500000e-01 3.733000e-04
8.854166e+01 9.076740e-01 3.532737e-04
9.114583e+01 8.882514e-01 3.440379e-04
9.244792e+01 8.790108e-01 3.396394e-04
9.309896e+01 8.745134e-01 3.374991e-04
9.375000e+01 8.701000e-01 3.354000e-04
9.895835e+01 8.361279e-01 3.193191e-04
1.015625e+02 8.201720e-01 3.117965e-04
1.028646e+02 8.125128e-01 3.081899e-04
1.041667e+02 8.051000e-01 3.047000e-04
1.093750e+02 7.769341e-01 2.914056e-04
1.119792e+02 7.637672e-01 2.851847e-04
1.132812e+02 7.574408e-01 2.821971e-04
1.145833e+02 7.513000e-01 2.793000e-04
1.197917e+02 7.276892e-01 2.682044e-04
1.223958e+02 7.165292e-01 2.629755e-04
1.236979e+02 7.111419e-01 2.604536e-04
1.250000e+02 7.059000e-01 2.580000e-04
1.302083e+02 6.857486e-01 2.485526e-04
1.328125e+02 6.762089e-01 2.440755e-04
1.341146e+02 6.715960e-01 2.419102e-04
1.354167e+02 6.671000e-01 2.398000e-04
1.406250e+02 6.497510e-01 2.316667e-04
1.432292e+02 6.415020e-01 2.278021e-04
1.445312e+02 6.375036e-01 2.259290e-04
1.458333e+02 6.336000e-01 2.241000e-04
1.510417e+02 6.185155e-01 2.170193e-04
1.536458e+02 6.113193e-01 2.136418e-04
1.549479e+02 6.078221e-01 2.120022e-04
1.562500e+02 6.044000e-01 2.104000e-04
1.614583e+02 5.911078e-01 2.042080e-04
1.640625e+02 5.847375e-01 2.012497e-04
1.653646e+02 5.816363e-01 1.998101e-04
1.666667e+02 5.786000e-01 1.984000e-04
1.770833e+02 5.556853e-01 1.876914e-04
1.822917e+02 5.451429e-01 1.827365e-04
1.848958e+02 5.401287e-01 1.803753e-04
1.875000e+02 5.353000e-01 1.781000e-04
1.979167e+02 5.169682e-01 1.694767e-04
2.031250e+02 5.084342e-01 1.654691e-04
2.057291e+02 5.043498e-01 1.635525e-04
2.083333e+02 5.004000e-01 1.617000e-04
2.187500e+02 4.853311e-01 1.546413e-04
2.239583e+02 4.782742e-01 1.513340e-04
2.265625e+02 4.748853e-01 1.497438e-04
2.291667e+02 4.716000e-01 1.482000e-04
2.395833e+02 4.590322e-01 1.422667e-04
2.447917e+02 4.531190e-01 1.394651e-04
2.473958e+02 4.502698e-01 1.381138e-04
2.500000e+02 4.475000e-01 1.368000e-04
2.604167e+02 4.368469e-01 1.317540e-04
2.656250e+02 4.318065e-01 1.293704e-04
2.682291e+02 4.293713e-01 1.282197e-04
2.708333e+02 4.270000e-01 1.271000e-04
2.812500e+02 4.178707e-01 1.227988e-04
2.864583e+02 4.135403e-01 1.207574e-04
2.890625e+02 4.114441e-01 1.197675e-04
2.916667e+02 4.094000e-01 1.188000e-04
3.125000e+02 3.941242e-01 1.114765e-04
3.229167e+02 3.871942e-01 1.081153e-04
3.281250e+02 3.839264e-01 1.065240e-04
3.333333e+02 3.808000e-01 1.050000e-04
3.541667e+02 3.690469e-01 9.930322e-05
3.645833e+02 3.636413e-01 9.669024e-05
3.697917e+02 3.610721e-01 9.544766e-05
3.750000e+02 3.586000e-01 9.425000e-05
4.166667e+02 3.408000e-01 8.553000e-05
