2.500000e-03 2.315000e-01 5.255000e-02
2.750000e-03 2.429000e-01 4.995000e-02
2.875000e-03 2.483750e-01 4.875100e-02
2.937500e-03 2.510558e-01 4.818018e-02
2.968750e-03 2.523824e-01 4.790243e-02
3.000000e-03 2.537000e-01 4.763000e-02
3.125000e-03 2.589433e-01 4.656429e-02
3.187500e-03 2.615364e-01 4.604932e-02
3.250000e-03 2.641000e-01 4.555000e-02
3.375000e-03 2.691506e-01 4.458471e-02
3.437500e-03 2.716384e-01 4.412031e-02
3.500000e-03 2.741000e-01 4.367000e-02
3.625000e-03 2.789871e-01 4.279422e-02
3.687500e-03 2.814051e-01 4.237107e-02
3.750000e-03 2.838000e-01 4.196000e-02
3.875000e-03 2.885475e-01 4.116134e-02
3.937500e-03 2.908889e-01 4.077536e-02
4.000000e-03 2.932000e-01 4.040000e-02
4.125000e-03 2.977430e-01 3.966857e-02
4.187500e-03 2.999813e-01 3.931447e-02
4.250000e-03 3.022000e-01 3.897000e-02
4.375000e-03 3.066241e-01 3.830048e-02
4.437500e-03 3.088206e-01 3.797620e-02
4.500000e-03 3.110000e-01 3.766000e-02
4.750000e-03 3.195774e-01 3.644119e-02
4.875000e-03 3.237750e-01 3.586283e-02
4.937500e-03 3.258474e-01 3.558291e-02
5.000000e-03 3.279000e-01 3.531000e-02
5.312500e-03 3.380038e-01 3.400561e-02
5.468750e-03 3.429464e-01 3.339255e-02
5.546875e-03 3.453853e-01 3.309719e-02
5.625000e-03 3.478000e-01 3.281000e-02
5.937500e-03 3.573255e-01 3.170386e-02
6.093750e-03 3.619991e-01 3.117990e-02
6.171875e-03 3.643095e-01 3.092664e-02
6.250000e-03 3.666000e-01 3.068000e-02
6.562500e-03 3.756683e-01 2.973139e-02
6.718750e-03 3.801221e-01 2.928124e-02
6.796875e-03 3.823220e-01 2.906308e-02
6.875000e-03 3.845000e-01 2.885000e-02
7.187500e-03 3.930647e-01 2.802357e-02
7.343750e-03 3.972625e-01 2.762888e-02
7.421875e-03 3.993390e-01 2.743724e-02
7.500000e-03 4.014000e-01 2.725000e-02
7.812500e-03 4.095873e-01 2.652803e-02
7.968750e-03 4.136232e-01 2.618308e-02
8.125000e-03 4.176000e-01 2.585000e-02
8.437500e-03 4.253946e-01 2.520221e-02
8.593750e-03 4.292204e-01 2.489065e-02
8.750000e-03 4.330000e-01 2.459000e-02
9.062500e-03 4.405211e-01 2.401280e-02
9.218750e-03 4.442358e-01 2.373675e-02
9.375000e-03 4.479000e-01 2.347000e-02
9.687500e-03 4.550692e-01 2.295194e-02
9.843750e-03 4.585975e-01 2.270214e-02
1.000000e-02 4.621000e-01 2.246000e-02
1.062500e-02 4.760618e-01 2.154228e-02
1.093750e-02 4.830594e-01 2.111442e-02
1.109375e-02 4.865721e-01 2.090911e-02
1.125000e-02 4.901000e-01 2.071000e-02
1.187500e-02 5.045411e-01 1.994541e-02
1.218750e-02 5.117470e-01 1.958419e-02
1.234375e-02 5.153027e-01 1.940978e-02
1.250000e-02 5.188000e-01 1.924000e-02
1.312500e-02 5.321837e-01 1.858564e-02
1.343750e-02 5.385797e-01 1.827564e-02
1.359375e-02 5.417099e-01 1.812584e-02
1.375000e-02 5.448000e-01 1.798000e-02
1.437500e-02 5.570552e-01 1.742019e-02
1.468750e-02 5.630796e-01 1.715466e-02
1.484375e-02 5.660551e-01 1.702589e-02
1.500000e-02 5.690000e-01 1.690000e-02
1.562500e-02 5.805653e-01 1.640993e-02
1.593750e-02 5.862260e-01 1.617531e-02
1.625000e-02 5.918000e-01 1.595000e-02
1.687500e-02 6.028207e-01 1.552044e-02
1.718750e-02 6.082472e-01 1.531631e-02
1.750000e-02 6.136000e-01 1.512000e-02
1.875000e-02 6.344961e-01 1.437719e-02
1.937500e-02 6.446223e-01 1.403292e-02
1.968750e-02 6.495943e-01 1.386859e-02
2.000000e-02 6.545000e-01 1.371000e-02
2.125000e-02 6.737740e-01 1.310658e-02
2.187500e-02 6.831802e-01 1.282516e-02
2.218750e-02 6.878155e-01 1.269037e-02
2.250000e-02 6.924000e-01 1.256000e-02
2.375000e-02 7.104744e-01 1.206314e-02
2.437500e-02 7.193199e-01 1.183040e-02
2.468750e-02 7.236830e-01 1.171855e-02
2.500000e-02 7.280000e-01 1.161000e-02
2.625000e-02 7.450011e-01 1.119394e-02
2.687500e-02 7.533232e-01 1.099745e-02
2.718750e-02 7.574315e-01 1.090251e-02
2.750000e-02 7.615000e-01 1.081000e-02
2.875000e-02 7.775748e-01 1.045274e-02
2.937500e-02 7.854571e-01 1.028280e-02
3.000000e-02 7.932000e-01 1.012000e-02
3.125000e-02 8.083715e-01 9.808539e-03
3.187500e-02 8.157953e-01 9.660685e-03
3.250000e-02 8.231000e-01 9.519000e-03
3.375000e-02 8.375336e-01 9.247158e-03
3.437500e-02 8.446245e-01 9.117602e-03
3.500000e-02 8.516000e-01 8.993000e-03
3.625000e-02 8.652878e-01 8.752824e-03
3.687500e-02 8.719947e-01 8.637870e-03
3.750000e-02 8.786000e-01 8.527000e-03
3.875000e-02 8.916527e-01 8.312877e-03
3.937500e-02 8.980731e-01 8.210188e-03
4.000000e-02 9.044000e-01 8.111000e-03
4.125000e-02 9.168572e-01 7.919281e-03
4.187500e-02 9.229734e-01 7.827164e-03
4.250000e-02 9.290000e-01 7.738000e-03
4.375000e-02 9.408915e-01 7.565120e-03
4.437500e-02 9.467378e-01 7.481801e-03
4.500000e-02 9.525000e-01 7.401000e-03
4.750000e-02 9.750278e-01 7.093623e-03
4.875000e-02 9.859215e-01 6.949915e-03
4.937500e-02 9.912547e-01 6.880911e-03
5.000000e-02 9.965000e-01 6.814000e-03
5.312500e-02 1.021878e+00 6.496493e-03
5.468750e-02 1.034096e+00 6.348884e-03
5.546875e-02 1.040087e+00 6.278272e-03
5.625000e-02 1.046000e+00 6.210000e-03
5.937500e-02 1.069476e+00 5.949537e-03
6.093750e-02 1.080915e+00 5.827504e-03
6.171875e-02 1.086512e+00 5.768870e-03
6.250000e-02 1.092000e+00 5.712000e-03
6.562500e-02 1.113084e+00 5.494229e-03
6.718750e-02 1.123182e+00 5.391622e-03
6.875000e-02 1.133000e+00 5.294000e-03
7.187500e-02 1.152346e+00 5.108252e-03
7.343750e-02 1.161786e+00 5.020600e-03
7.500000e-02 1.171000e+00 4.937000e-03
7.812500e-02 1.188982e+00 4.777262e-03
7.968750e-02 1.197644e+00 4.701523e-03
8.125000e-02 1.206000e+00 4.629000e-03
8.437500e-02 1.221928e+00 4.489864e-03
8.593750e-02 1.229562e+00 4.423620e-03
8.750000e-02 1.237000e+00 4.360000e-03
9.062500e-02 1.251844e+00 4.237627e-03
9.218750e-02 1.259059e+00 4.179211e-03
9.375000e-02 1.266000e+00 4.123000e-03
9.687500e-02 1.278971e+00 4.014786e-03
1.000000e-01 1.291000e+00 3.913000e-03
1.062500e-01 1.314390e+00 3.723419e-03
1.093750e-01 1.325492e+00 3.635969e-03
1.125000e-01 1.336000e+00 3.554000e-03
1.187500e-01 1.355566e+00 3.399765e-03
1.218750e-01 1.364576e+00 3.327883e-03
1.250000e-01 1.373000e+00 3.260000e-03
1.312500e-01 1.388899e+00 3.131433e-03
1.343750e-01 1.396224e+00 3.071152e-03
1.375000e-01 1.403000e+00 3.014000e-03
1.437500e-01 1.415263e+00 2.905674e-03
1.500000e-01 1.426000e+00 2.806000e-03
1.562500e-01 1.436094e+00 2.712453e-03
1.625000e-01 1.445000e+00 2.626000e-03
1.750000e-01 1.459000e+00 2.469000e-03
1.875000e-01 1.470125e+00 2.329864e-03
2.000000e-01 1.476000e+00 2.209000e-03
2.250000e-01 1.471000e+00 2.002000e-03
2.500000e-01 1.459000e+00 1.832000e-03
2.625000e-01 1.450750e+00 1.757750e-03
2.750000e-01 1.441000e+00 1.691000e-03
2.875000e-01 1.430392e+00 1.628460e-03
3.000000e-01 1.419000e+00 1.571000e-03
3.125000e-01 1.407329e+00 1.517326e-03
3.250000e-01 1.395000e+00 1.468000e-03
3.375000e-01 1.381740e+00 1.421831e-03
3.500000e-01 1.368000e+00 1.379000e-03
3.625000e-01 1.354519e+00 1.338137e-03
3.750000e-01 1.341000e+00 1.300000e-03
3.875000e-01 1.327030e+00 1.264279e-03
3.937500e-01 1.319994e+00 1.247329e-03
4.000000e-01 1.313000e+00 1.231000e-03
4.125000e-01 1.299315e+00 1.199211e-03
4.187500e-01 1.292612e+00 1.183868e-03
4.250000e-01 1.286000e+00 1.169000e-03
4.375000e-01 1.272960e+00 1.140213e-03
4.437500e-01 1.266481e+00 1.126378e-03
4.500000e-01 1.260000e+00 1.113000e-03
4.750000e-01 1.233532e+00 1.062506e-03
4.875000e-01 1.220216e+00 1.039073e-03
4.937500e-01 1.213584e+00 1.027858e-03
5.000000e-01 1.207000e+00 1.017000e-03
5.312500e-01 1.174802e+00 9.654603e-04
5.468750e-01 1.159199e+00 9.415395e-04
5.546875e-01 1.151544e+00 9.301190e-04
5.625000e-01 1.144000e+00 9.191000e-04
5.937500e-01 1.114435e+00 8.772763e-04
6.093750e-01 1.100055e+00 8.577852e-04
6.171875e-01 1.092983e+00 8.484447e-04
6.250000e-01 1.086000e+00 8.394000e-04
6.562500e-01 1.058474e+00 8.047947e-04
6.718750e-01 1.045067e+00 7.885293e-04
6.796875e-01 1.038484e+00 7.807011e-04
6.875000e-01 1.032000e+00 7.731000e-04
7.187500e-01 1.006664e+00 7.439550e-04
7.343750e-01 9.944103e-01 7.302012e-04
7.421875e-01 9.884078e-01 7.235623e-04
7.500000e-01 9.825000e-01 7.171000e-04
7.812500e-01 9.593932e-01 6.922107e-04
7.968750e-01 9.481983e-01 6.803998e-04
8.046875e-01 9.427084e-01 6.746804e-04
8.125000e-01 9.373000e-01 6.691000e-04
8.437500e-01 9.160964e-01 6.475314e-04
8.593750e-01 9.058109e-01 6.372565e-04
8.671875e-01 9.007669e-01 6.322709e-04
8.750000e-01 8.958000e-01 6.274000e-04
9.062500e-01 8.763743e-01 6.085510e-04
9.218750e-01 8.669628e-01 5.995520e-04
9.296875e-01 8.623472e-01 5.951786e-04
9.375000e-01 8.578000e-01 5.909000e-04
9.687500e-01 8.399746e-01 5.743101e-04
9.843750e-01 8.313240e-01 5.663630e-04
9.921875e-01 8.270802e-01 5.624925e-04
1.000000e+00 8.229000e-01 5.587000e-04
1.062500e+00 7.908069e-01 5.299493e-04
1.093750e+00 7.756882e-01 5.166539e-04
1.109375e+00 7.683959e-01 5.103144e-04
1.125000e+00 7.613000e-01 5.042000e-04
1.187500e+00 7.339562e-01 4.809616e-04
1.218750e+00 7.209886e-01 4.701232e-04
1.234375e+00 7.147149e-01 4.649288e-04
1.250000e+00 7.086000e-01 4.599000e-04
1.312500e+00 6.850234e-01 4.406836e-04
1.343750e+00 6.738231e-01 4.316592e-04
1.359375e+00 6.683965e-01 4.273167e-04
1.375000e+00 6.631000e-01 4.231000e-04
1.437500e+00 6.426231e-01 4.069159e-04
1.468750e+00 6.328644e-01 3.992755e-04
1.484375e+00 6.281282e-01 3.955882e-04
1.500000e+00 6.235000e-01 3.920000e-04
1.562500e+00 6.055944e-01 3.781930e-04
1.593750e+00 5.970384e-01 3.716506e-04
1.609375e+00 5.928762e-01 3.684856e-04
1.625000e+00 5.888000e-01 3.654000e-04
1.687500e+00 5.729486e-01 3.534973e-04
1.718750e+00 5.653399e-01 3.478329e-04
1.734375e+00 5.616325e-01 3.450848e-04
1.750000e+00 5.580000e-01 3.424000e-04
1.875000e+00 5.303732e-01 3.222064e-04
1.937500e+00 5.176928e-01 3.129713e-04
1.968750e+00 5.117078e-01 3.085973e-04
1.984375e+00 5.088166e-01 3.064757e-04
2.000000e+00 5.060000e-01 3.044000e-04
2.125000e+00 4.852927e-01 2.886033e-04
2.187500e+00 4.757629e-01 2.812738e-04
2.218750e+00 4.711493e-01 2.777751e-04
2.250000e+00 4.666000e-01 2.744000e-04
2.375000e+00 4.478777e-01 2.615881e-04
2.437500e+00 4.387023e-01 2.556215e-04
2.468750e+00 4.342676e-01 2.527644e-04
2.500000e+00 4.300000e-01 2.500000e-04
2.625000e+00 4.145845e-01 2.394490e-04
2.687500e+00 4.076367e-01 2.344972e-04
2.718750e+00 4.043245e-01 2.321144e-04
2.750000e+00 4.011000e-01 2.298000e-04
2.875000e+00 3.882947e-01 2.209045e-04
2.937500e+00 3.820818e-01 2.167017e-04
2.968750e+00 3.790548e-01 2.146733e-04
3.000000e+00 3.761000e-01 2.127000e-04
3.125000e+00 3.648250e-01 2.051160e-04
3.187500e+00 3.595004e-01 2.015267e-04
3.218750e+00 3.569214e-01 1.997913e-04
3.250000e+00 3.544000e-01 1.981000e-04
3.375000e+00 3.445704e-01 1.915754e-04
3.437500e+00 3.398495e-01 1.884730e-04
3.468750e+00 3.375506e-01 1.869688e-04
3.500000e+00 3.353000e-01 1.855000e-04
3.625000e+00 3.265951e-01 1.798241e-04
3.687500e+00 3.224269e-01 1.771126e-04
3.718750e+00 3.203947e-01 1.757931e-04
3.750000e+00 3.184000e-01 1.745000e-04
3.875000e+00 3.105998e-01 1.694531e-04
3.937500e+00 3.068379e-01 1.670304e-04
3.968750e+00 3.050014e-01 1.658520e-04
4.000000e+00 3.032000e-01 1.647000e-04
4.125000e+00 2.962157e-01 1.602665e-04
4.187500e+00 2.928574e-01 1.581484e-04
4.218750e+00 2.912155e-01 1.571153e-04
4.250000e+00 2.896000e-01 1.561000e-04
4.375000e+00 2.832596e-01 1.521085e-04
4.437500e+00 2.801857e-01 1.501744e-04
4.468750e+00 2.786802e-01 1.492285e-04
4.500000e+00 2.772000e-01 1.483000e-04
4.750000e+00 2.659310e-01 1.412883e-04
4.875000e+00 2.606727e-01 1.380468e-04
4.937500e+00 2.581485e-01 1.364980e-04
5.000000e+00 2.557000e-01 1.350000e-04
5.312500e+00 2.440454e-01 1.278865e-04
5.468750e+00 2.386140e-01 1.245882e-04
5.546875e+00 2.360140e-01 1.230154e-04
5.585938e+00 2.347457e-01 1.222501e-04
5.625000e+00 2.335000e-01 1.215000e-04
5.937500e+00 2.239422e-01 1.157834e-04
6.093750e+00 2.194537e-01 1.131173e-04
6.171875e+00 2.172949e-01 1.118388e-04
6.250000e+00 2.152000e-01 1.106000e-04
6.562500e+00 2.071800e-01 1.058488e-04
6.718750e+00 2.033997e-01 1.036150e-04
6.796875e+00 2.015756e-01 1.025411e-04
6.875000e+00 1.998000e-01 1.015000e-04
7.187500e+00 1.929533e-01 9.753007e-05
7.343750e+00 1.897045e-01 9.566456e-05
7.421875e+00 1.881324e-01 9.476524e-05
7.500000e+00 1.866000e-01 9.389000e-05
7.812500e+00 1.806971e-01 9.051009e-05
7.968750e+00 1.778912e-01 8.890459e-05
8.046875e+00 1.765301e-01 8.812749e-05
8.125000e+00 1.752000e-01 8.737000e-05
8.437500e+00 1.700395e-01 8.445294e-05
8.593750e+00 1.675721e-01 8.306746e-05
8.671875e+00 1.663728e-01 8.239590e-05
8.750000e+00 1.652000e-01 8.174000e-05
9.062500e+00 1.606595e-01 7.920001e-05
9.218750e+00 1.584892e-01 7.798669e-05
9.296875e+00 1.574336e-01 7.739695e-05
9.375000e+00 1.564000e-01 7.682000e-05
9.687500e+00 1.523866e-01 7.458278e-05
9.843750e+00 1.504603e-01 7.351174e-05
9.921875e+00 1.495211e-01 7.299045e-05
1.000000e+01 1.486000e-01 7.248000e-05
1.062500e+01 1.415993e-01 6.862172e-05
1.093750e+01 1.383509e-01 6.684310e-05
1.109375e+01 1.367990e-01 6.599620e-05
1.117188e+01 1.360426e-01 6.558411e-05
1.125000e+01 1.353000e-01 6.518000e-05
1.187500e+01 1.296072e-01 6.208425e-05
1.218750e+01 1.269343e-01 6.063612e-05
1.234375e+01 1.256484e-01 5.994182e-05
1.250000e+01 1.244000e-01 5.927000e-05
1.312500e+01 1.196014e-01 5.671116e-05
1.343750e+01 1.173414e-01 5.551351e-05
1.359375e+01 1.162542e-01 5.493815e-05
1.375000e+01 1.152000e-01 5.438000e-05
1.437500e+01 1.111883e-01 5.224048e-05
1.468750e+01 1.093012e-01 5.123117e-05
1.484375e+01 1.083895e-01 5.074407e-05
1.500000e+01 1.075000e-01 5.027000e-05
1.562500e+01 1.040428e-01 4.844295e-05
1.593750e+01 1.023889e-01 4.757684e-05
1.609375e+01 1.015853e-01 4.715802e-05
1.625000e+01 1.008000e-01 4.675000e-05
1.687500e+01 9.776470e-02 4.517981e-05
1.718750e+01 9.631810e-02 4.443423e-05
1.734375e+01 9.561599e-02 4.407287e-05
1.750000e+01 9.493000e-02 4.372000e-05
1.875000e+01 8.978130e-02 4.106643e-05
1.937500e+01 8.742781e-02 3.985395e-05
1.968750e+01 8.631213e-02 3.928016e-05
1.984375e+01 8.577046e-02 3.900201e-05
2.000000e+01 8.524000e-02 3.873000e-05
2.125000e+01 8.118559e-02 3.666356e-05
2.187500e+01 7.929612e-02 3.570653e-05
2.218750e+01 7.839252e-02 3.525010e-05
2.234375e+01 7.795214e-02 3.502791e-05
2.250000e+01 7.752000e-02 3.481000e-05
2.375000e+01 7.421529e-02 3.314308e-05
2.437500e+01 7.266988e-02 3.236431e-05
2.468750e+01 7.192836e-02 3.199109e-05
2.500000e+01 7.121000e-02 3.163000e-05
2.625000e+01 6.846466e-02 3.025401e-05
2.687500e+01 6.717460e-02 2.960977e-05
2.718750e+01 6.655347e-02 2.930025e-05
2.750000e+01 6.595000e-02 2.900000e-05
2.875000e+01 6.363137e-02 2.784866e-05
2.937500e+01 6.253516e-02 2.730597e-05
2.968750e+01 6.200563e-02 2.704435e-05
3.000000e+01 6.149000e-02 2.679000e-05
3.125000e+01 5.950421e-02 2.581359e-05
3.187500e+01 5.856180e-02 2.535152e-05
3.218750e+01 5.810538e-02 2.512800e-05
3.250000e+01 5.766000e-02 2.491000e-05
3.375000e+01 5.593761e-02 2.406666e-05
3.437500e+01 5.511699e-02 2.366496e-05
3.468750e+01 5.471887e-02 2.347017e-05
3.500000e+01 5.433000e-02 2.328000e-05
3.625000e+01 5.282799e-02 2.254579e-05
3.687500e+01 5.211081e-02 2.219597e-05
3.718750e+01 5.176187e-02 2.202611e-05
3.750000e+01 5.142000e-02 2.186000e-05
3.875000e+01 5.008762e-02 2.121570e-05
3.937500e+01 4.944745e-02 2.090722e-05
3.968750e+01 4.913554e-02 2.075707e-05
4.000000e+01 4.883000e-02 2.061000e-05
4.125000e+01 4.764623e-02 2.003861e-05
4.187500e+01 4.707864e-02 1.976450e-05
4.218750e+01 4.680178e-02 1.963093e-05
4.250000e+01 4.653000e-02 1.950000e-05
4.375000e+01 4.546830e-02 1.899114e-05
4.437500e+01 4.495605e-02 1.874655e-05
4.468750e+01 4.470574e-02 1.862717e-05
4.500000e+01 4.446000e-02 1.851000e-05
4.750000e+01 4.259425e-02 1.761725e-05
4.875000e+01 4.172716e-02 1.720153e-05
4.937500e+01 4.131197e-02 1.700250e-05
5.000000e+01 4.091000e-02 1.681000e-05
5.312500e+01 3.900370e-02 1.590139e-05
5.468750e+01 3.811948e-02 1.548207e-05
5.546875e+01 3.769735e-02 1.528239e-05
5.585938e+01 3.749173e-02 1.518525e-05
5.625000e+01 3.729000e-02 1.509000e-05
5.937500e+01 3.574465e-02 1.436084e-05
6.093750e+01 3.502182e-02 1.402041e-05
6.171875e+01 3.467529e-02 1.385745e-05
6.250000e+01 3.434000e-02 1.370000e-05
6.562500e+01 3.306366e-02 1.310322e-05
6.718750e+01 3.246610e-02 1.282440e-05
6.796875e+01 3.217886e-02 1.269032e-05
6.875000e+01 3.190000e-02 1.256000e-05
7.187500e+01 3.082898e-02 1.205601e-05
7.343750e+01 3.032272e-02 1.181717e-05
7.421875e+01 3.007816e-02 1.170193e-05
7.500000e+01 2.984000e-02 1.159000e-05
7.812500e+01 2.892191e-02 1.116294e-05
7.968750e+01 2.848631e-02 1.096183e-05
8.046875e+01 2.827551e-02 1.086470e-05
8.125000e+01 2.807000e-02 1.077000e-05
8.437500e+01 2.727724e-02 1.040268e-05
8.593750e+01 2.690056e-02 1.022759e-05
8.671875e+01 2.671808e-02 1.014274e-05
8.750000e+01 2.654000e-02 1.006000e-05
9.062500e+01 2.585291e-02 9.742163e-06
9.218750e+01 2.552526e-02 9.591133e-06
9.296875e+01 2.536598e-02 9.517792e-06
9.375000e+01 2.521000e-02 9.446000e-06
9.687500e+01 2.460289e-02 9.166187e-06
9.843750e+01 2.431131e-02 9.031712e-06
9.921875e+01 2.416922e-02 8.966183e-06
1.000000e+02 2.403000e-02 8.902000e-06
1.062500e+02 2.297801e-02 8.418161e-06
1.093750e+02 2.249320e-02 8.195713e-06
1.109375e+02 2.226241e-02 8.089912e-06
1.125000e+02 2.204000e-02 7.988000e-06
1.187500e+02 2.119479e-02 7.600572e-06
1.218750e+02 2.080096e-02 7.420028e-06
1.234375e+02 2.061239e-02 7.333591e-06
1.250000e+02 2.043000e-02 7.250000e-06
1.312500e+02 1.973454e-02 6.931417e-06
1.343750e+02 1.940866e-02 6.782229e-06
1.359375e+02 1.925201e-02 6.710544e-06
1.375000e+02 1.910000e-02 6.641000e-06
1.437500e+02 1.851711e-02 6.374310e-06
1.468750e+02 1.824203e-02 6.248576e-06
1.484375e+02 1.810925e-02 6.187950e-06
1.500000e+02 1.798000e-02 6.129000e-06
1.562500e+02 1.748139e-02 5.902537e-06
1.593750e+02 1.724515e-02 5.795359e-06
1.609375e+02 1.713103e-02 5.743529e-06
1.625000e+02 1.702000e-02 5.693000e-06
1.687500e+02 1.659432e-02 5.497828e-06
1.718750e+02 1.639281e-02 5.404956e-06
1.734375e+02 1.629524e-02 5.359937e-06
1.750000e+02 1.620000e-02 5.316000e-06
1.875000e+02 1.548261e-02 4.987582e-06
1.937500e+02 1.515437e-02 4.838257e-06
1.968750e+02 1.499899e-02 4.767680e-06
2.000000e+02 1.485000e-02 4.700000e-06
2.125000e+02 1.428915e-02 4.444055e-06
2.187500e+02 1.403092e-02 4.325694e-06
2.218750e+02 1.390814e-02 4.269310e-06
2.250000e+02 1.379000e-02 4.215000e-06
2.500000e+02 1.294000e-02 3.824000e-06
