7.142857e-03 1.376000e+00 2.640000e-01
7.857143e-03 1.413000e+00 2.504000e-01
8.214286e-03 1.431500e+00 2.441400e-01
8.392857e-03 1.440750e+00 2.411642e-01
8.571429e-03 1.450000e+00 2.383000e-01
8.928571e-03 1.468500e+00 2.327491e-01
9.107143e-03 1.477750e+00 2.300804e-01
9.285714e-03 1.487000e+00 2.275000e-01
9.642857e-03 1.505375e+00 2.225160e-01
9.821428e-03 1.514624e+00 2.201207e-01
1.000000e-02 1.524000e+00 2.178000e-01
1.035714e-02 1.543313e+00 2.132896e-01
1.053572e-02 1.553135e+00 2.111127e-01
1.071429e-02 1.563000e+00 2.090000e-01
1.107143e-02 1.582432e+00 2.048999e-01
1.125000e-02 1.592160e+00 2.029214e-01
1.142857e-02 1.602000e+00 2.010000e-01
1.178572e-02 1.622233e+00 1.972705e-01
1.196429e-02 1.632561e+00 1.954640e-01
1.214286e-02 1.643000e+00 1.937000e-01
1.250000e-02 1.663927e+00 1.902316e-01
1.267857e-02 1.674438e+00 1.885437e-01
1.285714e-02 1.685000e+00 1.869000e-01
1.357142e-02 1.727557e+00 1.806809e-01
1.392857e-02 1.749132e+00 1.777706e-01
1.410714e-02 1.760022e+00 1.763675e-01
1.428571e-02 1.771000e+00 1.750000e-01
1.517857e-02 1.826804e+00 1.683998e-01
1.562500e-02 1.855225e+00 1.652749e-01
1.584821e-02 1.869568e+00 1.637665e-01
1.607143e-02 1.884000e+00 1.623000e-01
1.696429e-02 1.942166e+00 1.566752e-01
1.741071e-02 1.971496e+00 1.540228e-01
1.763393e-02 1.986226e+00 1.527438e-01
1.785714e-02 2.001000e+00 1.515000e-01
1.875000e-02 2.060270e+00 1.467301e-01
1.919643e-02 2.090060e+00 1.444687e-01
1.941964e-02 2.105008e+00 1.433722e-01
1.964286e-02 2.120000e+00 1.423000e-01
2.053572e-02 2.180409e+00 1.381242e-01
2.098214e-02 2.210719e+00 1.361233e-01
2.120536e-02 2.225870e+00 1.351507e-01
2.142857e-02 2.241000e+00 1.342000e-01
2.232143e-02 2.301088e+00 1.305321e-01
2.276786e-02 2.331029e+00 1.287830e-01
2.299107e-02 2.346004e+00 1.279327e-01
2.321429e-02 2.361000e+00 1.271000e-01
2.410714e-02 2.421472e+00 1.238582e-01
2.455357e-02 2.451782e+00 1.223015e-01
2.477679e-02 2.466912e+00 1.215430e-01
2.500000e-02 2.482000e+00 1.208000e-01
2.589285e-02 2.541857e+00 1.179164e-01
2.633928e-02 2.571518e+00 1.165340e-01
2.656250e-02 2.586281e+00 1.158604e-01
2.678571e-02 2.601000e+00 1.152000e-01
2.767857e-02 2.659706e+00 1.126350e-01
2.812500e-02 2.688919e+00 1.113995e-01
2.834821e-02 2.703479e+00 1.107949e-01
2.857143e-02 2.718000e+00 1.102000e-01
3.035715e-02 2.833620e+00 1.056089e-01
3.125000e-02 2.890707e+00 1.034465e-01
3.169643e-02 2.918974e+00 1.024069e-01
3.214286e-02 2.947000e+00 1.014000e-01
3.392858e-02 3.057518e+00 9.757211e-02
3.482143e-02 3.111701e+00 9.577999e-02
3.526786e-02 3.138472e+00 9.491784e-02
3.571429e-02 3.165000e+00 9.408000e-02
3.750000e-02 3.269997e+00 9.085290e-02
3.839286e-02 3.321487e+00 8.932254e-02
3.883928e-02 3.346886e+00 8.858201e-02
3.928571e-02 3.372000e+00 8.786000e-02
4.107143e-02 3.470675e+00 8.507328e-02
4.196428e-02 3.518822e+00 8.374848e-02
4.241071e-02 3.542543e+00 8.310653e-02
4.285714e-02 3.566000e+00 8.248000e-02
4.464286e-02 3.658557e+00 8.006106e-02
4.553571e-02 3.703774e+00 7.890807e-02
4.598214e-02 3.726030e+00 7.834797e-02
4.642857e-02 3.748000e+00 7.780000e-02
4.821429e-02 3.834133e+00 7.567238e-02
4.910714e-02 3.876040e+00 7.465271e-02
4.955357e-02 3.896650e+00 7.415623e-02
5.000000e-02 3.917000e+00 7.367000e-02
5.357143e-02 4.074953e+00 6.999686e-02
5.535714e-02 4.150126e+00 6.830378e-02
5.625000e-02 4.186525e+00 6.749742e-02
5.714286e-02 4.222000e+00 6.672000e-02
6.071428e-02 4.358652e+00 6.376228e-02
6.250000e-02 4.423343e+00 6.238194e-02
6.339285e-02 4.454590e+00 6.172038e-02
6.428571e-02 4.485000e+00 6.108000e-02
6.785714e-02 4.602004e+00 5.863492e-02
6.964286e-02 4.657323e+00 5.748761e-02
7.053571e-02 4.684025e+00 5.693575e-02
7.142857e-02 4.710000e+00 5.640000e-02
7.500000e-02 4.809804e+00 5.434493e-02
7.678572e-02 4.856996e+00 5.337463e-02
7.857143e-02 4.902000e+00 5.245000e-02
8.214286e-02 4.987877e+00 5.068831e-02
8.392858e-02 5.028411e+00 4.985554e-02
8.571429e-02 5.067000e+00 4.906000e-02
8.928572e-02 5.140420e+00 4.753661e-02
9.107143e-02 5.175032e+00 4.681316e-02
9.285714e-02 5.208000e+00 4.612000e-02
9.642857e-02 5.270921e+00 4.479154e-02
9.821429e-02 5.300653e+00 4.415872e-02
1.000000e-01 5.329000e+00 4.355000e-02
1.035715e-01 5.383174e+00 4.237502e-02
1.071429e-01 5.433000e+00 4.127000e-02
1.107143e-01 5.478942e+00 4.022227e-02
1.142857e-01 5.521000e+00 3.924000e-02
1.178571e-01 5.561046e+00 3.830362e-02
1.214286e-01 5.598000e+00 3.742000e-02
1.250000e-01 5.632034e+00 3.657236e-02
1.285714e-01 5.663000e+00 3.577000e-02
1.357142e-01 5.719551e+00 3.426737e-02
1.428571e-01 5.768000e+00 3.291000e-02
1.517857e-01 5.819911e+00 3.135558e-02
1.607143e-01 5.862000e+00 2.997000e-02
1.696429e-01 5.897893e+00 2.869750e-02
1.785714e-01 5.927000e+00 2.755000e-02
1.964286e-01 5.971000e+00 2.552000e-02
2.142857e-01 6.000000e+00 2.379000e-02
2.321429e-01 6.019000e+00 2.229000e-02
2.500000e-01 6.030000e+00 2.099000e-02
2.678571e-01 6.035000e+00 1.984000e-02
2.857143e-01 6.036000e+00 1.882000e-02
3.214286e-01 6.030000e+00 1.709000e-02
3.571429e-01 6.016000e+00 1.566000e-02
3.928571e-01 5.997000e+00 1.448000e-02
4.285714e-01 5.975000e+00 1.347000e-02
4.642857e-01 5.951000e+00 1.260000e-02
5.000000e-01 5.925000e+00 1.184000e-02
5.714286e-01 5.872000e+00 1.059000e-02
6.428571e-01 5.816000e+00 9.592000e-03
7.142857e-01 5.758000e+00 8.776000e-03
7.500000e-01 5.728650e+00 8.418000e-03
7.857143e-01 5.699000e+00 8.096000e-03
8.214286e-01 5.669140e+00 7.795523e-03
8.571429e-01 5.639000e+00 7.520000e-03
8.928571e-01 5.608642e+00 7.262336e-03
9.285714e-01 5.578000e+00 7.025000e-03
9.642857e-01 5.547005e+00 6.801817e-03
1.000000e+00 5.516000e+00 6.595000e-03
1.035715e+00 5.485465e+00 6.399822e-03
1.071429e+00 5.455000e+00 6.218000e-03
1.107143e+00 5.424109e+00 6.045514e-03
1.142857e+00 5.393000e+00 5.884000e-03
1.178571e+00 5.361978e+00 5.730326e-03
1.214286e+00 5.331000e+00 5.586000e-03
1.250000e+00 5.299983e+00 5.448502e-03
1.285714e+00 5.269000e+00 5.319000e-03
1.357143e+00 5.207260e+00 5.076447e-03
1.392857e+00 5.176554e+00 4.963913e-03
1.428571e+00 5.146000e+00 4.858000e-03
1.517857e+00 5.070024e+00 4.610696e-03
1.562500e+00 5.032360e+00 4.496727e-03
1.607143e+00 4.995000e+00 4.390000e-03
1.696429e+00 4.920945e+00 4.189387e-03
1.741071e+00 4.884311e+00 4.096031e-03
1.785714e+00 4.848000e+00 4.008000e-03
1.875000e+00 4.775907e+00 3.841609e-03
1.919643e+00 4.740263e+00 3.763738e-03
1.964286e+00 4.705000e+00 3.690000e-03
2.053571e+00 4.637056e+00 3.550256e-03
2.098214e+00 4.602711e+00 3.484543e-03
2.142857e+00 4.567000e+00 3.422000e-03
2.232143e+00 4.488520e+00 3.302541e-03
2.276786e+00 4.447392e+00 3.246003e-03
2.321429e+00 4.406000e+00 3.192000e-03
2.410715e+00 4.324991e+00 3.088873e-03
2.455357e+00 4.286147e+00 3.039936e-03
2.500000e+00 4.249000e+00 2.993000e-03
2.589285e+00 4.179802e+00 2.902595e-03
2.633928e+00 4.147003e+00 2.859452e-03
2.678571e+00 4.115000e+00 2.818000e-03
2.767857e+00 4.050596e+00 2.738474e-03
2.812500e+00 4.018596e+00 2.700534e-03
2.857143e+00 3.987000e+00 2.664000e-03
3.035715e+00 3.865295e+00 2.526173e-03
3.125000e+00 3.807162e+00 2.462527e-03
3.169643e+00 3.778826e+00 2.432212e-03
3.214286e+00 3.751000e+00 2.403000e-03
3.392857e+00 3.641918e+00 2.292258e-03
3.482143e+00 3.589151e+00 2.240675e-03
3.526786e+00 3.563345e+00 2.215951e-03
3.571429e+00 3.538000e+00 2.192000e-03
3.750000e+00 3.439433e+00 2.100223e-03
3.839285e+00 3.391983e+00 2.057020e-03
3.883928e+00 3.368793e+00 2.036213e-03
3.928571e+00 3.346000e+00 2.016000e-03
4.107143e+00 3.256889e+00 1.938425e-03
4.196428e+00 3.213812e+00 1.901823e-03
4.241071e+00 3.192730e+00 1.884169e-03
4.285714e+00 3.172000e+00 1.867000e-03
4.464285e+00 3.091077e+00 1.801048e-03
4.553571e+00 3.051977e+00 1.769828e-03
4.598214e+00 3.032834e+00 1.754727e-03
4.642857e+00 3.014000e+00 1.740000e-03
4.821428e+00 2.940287e+00 1.683097e-03
4.910714e+00 2.904622e+00 1.655993e-03
4.955357e+00 2.887164e+00 1.642843e-03
5.000000e+00 2.870000e+00 1.630000e-03
5.357143e+00 2.739113e+00 1.533689e-03
5.535715e+00 2.677931e+00 1.489752e-03
5.625000e+00 2.648534e+00 1.468956e-03
5.669643e+00 2.634156e+00 1.458870e-03
5.714286e+00 2.620000e+00 1.449000e-03
6.071428e+00 2.510376e+00 1.373800e-03
6.250000e+00 2.458435e+00 1.338842e-03
6.339285e+00 2.433365e+00 1.322134e-03
6.383928e+00 2.421088e+00 1.313992e-03
6.428571e+00 2.409000e+00 1.306000e-03
6.785714e+00 2.315876e+00 1.244689e-03
6.964286e+00 2.271889e+00 1.216010e-03
7.053571e+00 2.250658e+00 1.202274e-03
7.142857e+00 2.230000e+00 1.189000e-03
7.500000e+00 2.150604e+00 1.138688e-03
7.678572e+00 2.112982e+00 1.115213e-03
7.767857e+00 2.094770e+00 1.103941e-03
7.857143e+00 2.077000e+00 1.093000e-03
8.214286e+00 2.008215e+00 1.050932e-03
8.392857e+00 1.975431e+00 1.031015e-03
8.482143e+00 1.959528e+00 1.021385e-03
8.571429e+00 1.944000e+00 1.012000e-03
8.928572e+00 1.884023e+00 9.757529e-04
9.107143e+00 1.855443e+00 9.585412e-04
9.196428e+00 1.841567e+00 9.502138e-04
9.285714e+00 1.828000e+00 9.421000e-04
9.642857e+00 1.775377e+00 9.108923e-04
9.821428e+00 1.750210e+00 8.960838e-04
9.910714e+00 1.737973e+00 8.889080e-04
1.000000e+01 1.726000e+00 8.819000e-04
1.035714e+01 1.679601e+00 8.547495e-04
1.053572e+01 1.657396e+00 8.417761e-04
1.062500e+01 1.646588e+00 8.354697e-04
1.071429e+01 1.636000e+00 8.293000e-04
1.107143e+01 1.594870e+00 8.053794e-04
1.125000e+01 1.575110e+00 7.939303e-04
1.133929e+01 1.565467e+00 7.883578e-04
1.142857e+01 1.556000e+00 7.829000e-04
1.178571e+01 1.519064e+00 7.617017e-04
1.196429e+01 1.501254e+00 7.515274e-04
1.205357e+01 1.492550e+00 7.465663e-04
1.214286e+01 1.484000e+00 7.417000e-04
1.250000e+01 1.450671e+00 7.227505e-04
1.267857e+01 1.434594e+00 7.136282e-04
1.276786e+01 1.426730e+00 7.091734e-04
1.285714e+01 1.419000e+00 7.048000e-04
1.357142e+01 1.359867e+00 6.714990e-04
1.392857e+01 1.332184e+00 6.559985e-04
1.410714e+01 1.318889e+00 6.485780e-04
1.428571e+01 1.306000e+00 6.414000e-04
1.517857e+01 1.244872e+00 6.075086e-04
1.562500e+01 1.216541e+00 5.918539e-04
1.584821e+01 1.203028e+00 5.843934e-04
1.595982e+01 1.196450e+00 5.807619e-04
1.607143e+01 1.190000e+00 5.772000e-04
1.696429e+01 1.140832e+00 5.499102e-04
1.741071e+01 1.117826e+00 5.371435e-04
1.763393e+01 1.106758e+00 5.310226e-04
1.785714e+01 1.096000e+00 5.251000e-04
1.875000e+01 1.054408e+00 5.025437e-04
1.919643e+01 1.034714e+00 4.919883e-04
1.941964e+01 1.025219e+00 4.869180e-04
1.964286e+01 1.016000e+00 4.820000e-04
2.053571e+01 9.808798e-01 4.631532e-04
2.098214e+01 9.643577e-01 4.542642e-04
2.120536e+01 9.563793e-01 4.499747e-04
2.142857e+01 9.486000e-01 4.458000e-04
2.232143e+01 9.184213e-01 4.297167e-04
2.276786e+01 9.040155e-01 4.220891e-04
2.299107e+01 8.970252e-01 4.183982e-04
2.321429e+01 8.902000e-01 4.148000e-04
2.410714e+01 8.638720e-01 4.009215e-04
2.455357e+01 8.513366e-01 3.943230e-04
2.477679e+01 8.452510e-01 3.911240e-04
2.500000e+01 8.393000e-01 3.880000e-04
2.589286e+01 8.162063e-01 3.759120e-04
2.633928e+01 8.051492e-01 3.701433e-04
2.656250e+01 7.997684e-01 3.673408e-04
2.678571e+01 7.945000e-01 3.646000e-04
2.767857e+01 7.740579e-01 3.539792e-04
2.812500e+01 7.642570e-01 3.488964e-04
2.834821e+01 7.594813e-01 3.464226e-04
2.857143e+01 7.548000e-01 3.440000e-04
3.035714e+01 7.192887e-01 3.256694e-04
3.125000e+01 7.028393e-01 3.172114e-04
3.169643e+01 6.949849e-01 3.131828e-04
3.191965e+01 6.911574e-01 3.112225e-04
3.214286e+01 6.874000e-01 3.093000e-04
3.392857e+01 6.585447e-01 2.945755e-04
3.482143e+01 6.450041e-01 2.876909e-04
3.526786e+01 6.385007e-01 2.843915e-04
3.571429e+01 6.322000e-01 2.812000e-04
3.750000e+01 6.081645e-01 2.690612e-04
3.839285e+01 5.968904e-01 2.633810e-04
3.883928e+01 5.914668e-01 2.606508e-04
3.928571e+01 5.862000e-01 2.580000e-04
4.107143e+01 5.659787e-01 2.478042e-04
4.196428e+01 5.564192e-01 2.429860e-04
4.241071e+01 5.518001e-01 2.406611e-04
4.285714e+01 5.473000e-01 2.384000e-04
4.464285e+01 5.299406e-01 2.297200e-04
4.553571e+01 5.216931e-01 2.256161e-04
4.598214e+01 5.176981e-01 2.236327e-04
4.642857e+01 5.138000e-01 2.217000e-04
4.821429e+01 4.987461e-01 2.142452e-04
4.910714e+01 4.915768e-01 2.106991e-04
4.955357e+01 4.880982e-01 2.089794e-04
5.000000e+01 4.847000e-01 2.073000e-04
5.357143e+01 4.591930e-01 1.946876e-04
5.535715e+01 4.475348e-01 1.889320e-04
5.625000e+01 4.420091e-01 1.862097e-04
5.669643e+01 4.393266e-01 1.848902e-04
5.714286e+01 4.367000e-01 1.836000e-04
6.071428e+01 4.166211e-01 1.737966e-04
6.250000e+01 4.072727e-01 1.692552e-04
6.339285e+01 4.028070e-01 1.670890e-04
6.383928e+01 4.006324e-01 1.660344e-04
6.428571e+01 3.985000e-01 1.650000e-04
6.785714e+01 3.822396e-01 1.570862e-04
6.964285e+01 3.746559e-01 1.533880e-04
7.053571e+01 3.710205e-01 1.516153e-04
7.142857e+01 3.675000e-01 1.499000e-04
7.500000e+01 3.540273e-01 1.433550e-04
7.678572e+01 3.476980e-01 1.402925e-04
7.767857e+01 3.446538e-01 1.388231e-04
7.857143e+01 3.417000e-01 1.374000e-04
8.214286e+01 3.304028e-01 1.319795e-04
8.392858e+01 3.250770e-01 1.294303e-04
8.482143e+01 3.225054e-01 1.281997e-04
8.571429e+01 3.200000e-01 1.270000e-04
8.928572e+01 3.103088e-01 1.223398e-04
9.107143e+01 3.057019e-01 1.201198e-04
9.196428e+01 3.034723e-01 1.190456e-04
9.285714e+01 3.013000e-01 1.180000e-04
9.642857e+01 2.929530e-01 1.139979e-04
9.821429e+01 2.889937e-01 1.121071e-04
9.910714e+01 2.870748e-01 1.111925e-04
1.000000e+02 2.852000e-01 1.103000e-04
1.035714e+02 2.779241e-01 1.068447e-04
1.053572e+02 2.744447e-01 1.051923e-04
1.062500e+02 2.727536e-01 1.043880e-04
1.071429e+02 2.711000e-01 1.036000e-04
1.107143e+02 2.647073e-01 1.005312e-04
1.125000e+02 2.616498e-01 9.905861e-05
1.133929e+02 2.601606e-01 9.834171e-05
1.142857e+02 2.587000e-01 9.764000e-05
1.178572e+02 2.529916e-01 9.492326e-05
1.196429e+02 2.502459e-01 9.362336e-05
1.205357e+02 2.489087e-01 9.299039e-05
1.214286e+02 2.476000e-01 9.237000e-05
1.250000e+02 2.425508e-01 8.995541e-05
1.267857e+02 2.401352e-01 8.879373e-05
1.285714e+02 2.378000e-01 8.767000e-05
1.357142e+02 2.288876e-01 8.342714e-05
1.392857e+02 2.247231e-01 8.145988e-05
1.410714e+02 2.227283e-01 8.051937e-05
1.428571e+02 2.208000e-01 7.961000e-05
1.517857e+02 2.117505e-01 7.530830e-05
1.562500e+02 2.075900e-01 7.331988e-05
1.584821e+02 2.056096e-01 7.237262e-05
1.607143e+02 2.037000e-01 7.146000e-05
1.696429e+02 1.964099e-01 6.800124e-05
1.741071e+02 1.930050e-01 6.639323e-05
1.763393e+02 1.913750e-01 6.562392e-05
1.785714e+02 1.898000e-01 6.488000e-05
1.875000e+02 1.838258e-01 6.204129e-05
1.919643e+02 1.810376e-01 6.071049e-05
1.941964e+02 1.796989e-01 6.007076e-05
1.964286e+02 1.784000e-01 5.945000e-05
2.053571e+02 1.734067e-01 5.706946e-05
2.098214e+02 1.710470e-01 5.594720e-05
2.120536e+02 1.699081e-01 5.540610e-05
2.142857e+02 1.688000e-01 5.488000e-05
2.232143e+02 1.645362e-01 5.285911e-05
2.276786e+02 1.625201e-01 5.190293e-05
2.299108e+02 1.615468e-01 5.144062e-05
2.321429e+02 1.606000e-01 5.099000e-05
2.410714e+02 1.569665e-01 4.924977e-05
2.455357e+02 1.552460e-01 4.842225e-05
2.477679e+02 1.544131e-01 4.802128e-05
2.500000e+02 1.536000e-01 4.763000e-05
2.589285e+02 1.504462e-01 4.612051e-05
2.633928e+02 1.489417e-01 4.540129e-05
2.678571e+02 1.475000e-01 4.471000e-05
2.767857e+02 1.447533e-01 4.337852e-05
2.812500e+02 1.434505e-01 4.274229e-05
2.857143e+02 1.422000e-01 4.213000e-05
3.035715e+02 1.374952e-01 3.983644e-05
3.125000e+02 1.353269e-01 3.878325e-05
3.169643e+02 1.342947e-01 3.828245e-05
3.214286e+02 1.333000e-01 3.780000e-05
3.392858e+02 1.295114e-01 3.596369e-05
3.482143e+02 1.277500e-01 3.510708e-05
3.526786e+02 1.269096e-01 3.469681e-05
3.571429e+02 1.261000e-01 3.430000e-05
3.750000e+02 1.230463e-01 3.278746e-05
3.839285e+02 1.216311e-01 3.207952e-05
3.883928e+02 1.209545e-01 3.173958e-05
3.928571e+02 1.203000e-01 3.141000e-05
4.107142e+02 1.177977e-01 3.014844e-05
4.196428e+02 1.166200e-01 2.955453e-05
4.285714e+02 1.155000e-01 2.899000e-05
4.464285e+02 1.133587e-01 2.791836e-05
4.553571e+02 1.123518e-01 2.741282e-05
4.642857e+02 1.114000e-01 2.693000e-05
4.821429e+02 1.096213e-01 2.600262e-05
4.910714e+02 1.087907e-01 2.556181e-05
5.000000e+02 1.080000e-01 2.514000e-05
5.357143e+02 1.050154e-01 2.358394e-05
5.535714e+02 1.036521e-01 2.288052e-05
5.625000e+02 1.030105e-01 2.254850e-05
5.714286e+02 1.024000e-01 2.223000e-05
6.071428e+02 1.001546e-01 2.101875e-05
6.250000e+02 9.914313e-02 2.045638e-05
6.428571e+02 9.821000e-02 1.993000e-05
7.142857e+02 9.492000e-02 1.808000e-05
