1.818182e-03 8.634000e-01 3.510000e+00
2.000000e-03 9.066000e-01 3.452000e+00
2.090909e-03 9.628400e-01 3.422850e+00
2.136364e-03 9.950648e-01 3.408359e+00
2.159091e-03 1.011286e+00 3.401158e+00
2.170454e-03 1.019248e+00 3.397572e+00
2.181818e-03 1.027000e+00 3.394000e+00
2.272727e-03 1.080331e+00 3.365770e+00
2.318182e-03 1.102763e+00 3.351834e+00
2.340909e-03 1.113107e+00 3.344906e+00
2.363636e-03 1.123000e+00 3.338000e+00
2.454545e-03 1.162321e+00 3.310407e+00
2.500000e-03 1.181178e+00 3.296668e+00
2.522728e-03 1.190253e+00 3.289823e+00
2.545455e-03 1.199000e+00 3.283000e+00
2.636364e-03 1.231407e+00 3.255859e+00
2.681819e-03 1.246190e+00 3.242389e+00
2.704546e-03 1.253217e+00 3.235683e+00
2.727273e-03 1.260000e+00 3.229000e+00
2.818182e-03 1.286068e+00 3.202317e+00
2.863636e-03 1.298352e+00 3.189089e+00
2.909091e-03 1.310000e+00 3.176000e+00
3.000000e-03 1.331887e+00 3.150206e+00
3.045455e-03 1.342167e+00 3.137520e+00
3.090909e-03 1.352000e+00 3.125000e+00
3.181818e-03 1.371054e+00 3.100275e+00
3.227273e-03 1.380193e+00 3.088076e+00
3.272727e-03 1.389000e+00 3.076000e+00
3.454546e-03 1.421607e+00 3.028275e+00
3.545455e-03 1.436662e+00 3.004905e+00
3.636364e-03 1.451000e+00 2.982000e+00
3.863636e-03 1.485788e+00 2.926289e+00
3.977273e-03 1.502606e+00 2.899310e+00
4.034091e-03 1.510858e+00 2.886067e+00
4.090909e-03 1.519000e+00 2.873000e+00
4.318182e-03 1.550859e+00 2.821534e+00
4.431819e-03 1.566495e+00 2.796461e+00
4.545455e-03 1.582000e+00 2.772000e+00
4.772728e-03 1.613065e+00 2.724457e+00
4.886364e-03 1.628564e+00 2.701438e+00
5.000000e-03 1.644000e+00 2.679000e+00
5.227272e-03 1.674593e+00 2.635156e+00
5.340909e-03 1.689807e+00 2.613835e+00
5.454545e-03 1.705000e+00 2.593000e+00
5.681818e-03 1.735472e+00 2.552208e+00
5.795454e-03 1.750733e+00 2.532367e+00
5.909091e-03 1.766000e+00 2.513000e+00
6.136364e-03 1.796509e+00 2.475254e+00
6.250000e-03 1.811755e+00 2.456920e+00
6.363636e-03 1.827000e+00 2.439000e+00
6.590909e-03 1.857497e+00 2.403915e+00
6.704545e-03 1.872748e+00 2.386793e+00
6.818182e-03 1.888000e+00 2.370000e+00
7.045454e-03 1.918481e+00 2.336968e+00
7.159091e-03 1.933730e+00 2.320821e+00
7.272727e-03 1.949000e+00 2.305000e+00
7.727273e-03 2.010381e+00 2.244034e+00
7.954545e-03 2.041177e+00 2.214974e+00
8.068182e-03 2.056588e+00 2.200844e+00
8.181818e-03 2.072000e+00 2.187000e+00
8.636364e-03 2.133424e+00 2.132988e+00
8.863636e-03 2.164154e+00 2.107028e+00
8.977273e-03 2.179556e+00 2.094382e+00
9.090909e-03 2.195000e+00 2.082000e+00
9.545454e-03 2.257297e+00 2.034121e+00
9.772727e-03 2.288625e+00 2.011183e+00
9.886364e-03 2.304312e+00 1.999992e+00
1.000000e-02 2.320000e+00 1.989000e+00
1.045454e-02 2.382512e+00 1.946036e+00
1.068182e-02 2.413733e+00 1.925237e+00
1.079545e-02 2.429356e+00 1.915041e+00
1.090909e-02 2.445000e+00 1.905000e+00
1.136364e-02 2.507822e+00 1.865563e+00
1.159091e-02 2.539366e+00 1.846479e+00
1.170454e-02 2.555172e+00 1.837152e+00
1.181818e-02 2.571000e+00 1.828000e+00
1.227272e-02 2.634387e+00 1.792549e+00
1.250000e-02 2.666156e+00 1.775515e+00
1.261363e-02 2.682067e+00 1.767189e+00
1.272727e-02 2.698000e+00 1.759000e+00
1.363636e-02 2.826078e+00 1.696041e+00
1.409091e-02 2.890442e+00 1.666324e+00
1.431818e-02 2.922699e+00 1.651974e+00
1.443181e-02 2.938844e+00 1.644938e+00
1.454545e-02 2.955000e+00 1.638000e+00
1.545455e-02 3.084199e+00 1.584105e+00
1.590909e-02 3.148967e+00 1.558469e+00
1.613637e-02 3.181440e+00 1.546070e+00
1.625000e-02 3.197707e+00 1.539990e+00
1.636364e-02 3.214000e+00 1.534000e+00
1.727273e-02 3.345096e+00 1.487855e+00
1.772728e-02 3.410978e+00 1.465971e+00
1.795455e-02 3.443977e+00 1.455364e+00
1.818182e-02 3.477000e+00 1.445000e+00
1.909091e-02 3.608908e+00 1.404782e+00
1.954546e-02 3.674895e+00 1.385532e+00
1.977273e-02 3.707926e+00 1.376167e+00
2.000000e-02 3.741000e+00 1.367000e+00
2.090909e-02 3.873744e+00 1.331422e+00
2.136363e-02 3.940318e+00 1.314392e+00
2.159091e-02 3.973648e+00 1.306108e+00
2.181818e-02 4.007000e+00 1.298000e+00
2.272727e-02 4.140533e+00 1.266605e+00
2.318182e-02 4.207295e+00 1.251554e+00
2.340909e-02 4.240658e+00 1.244211e+00
2.363636e-02 4.274000e+00 1.237000e+00
2.454546e-02 4.407103e+00 1.208829e+00
2.500000e-02 4.473563e+00 1.195216e+00
2.522728e-02 4.506782e+00 1.188553e+00
2.545455e-02 4.540000e+00 1.182000e+00
2.636364e-02 4.673022e+00 1.156366e+00
2.681819e-02 4.739538e+00 1.143989e+00
2.704546e-02 4.772780e+00 1.137939e+00
2.727273e-02 4.806000e+00 1.132000e+00
2.818182e-02 4.938666e+00 1.108912e+00
2.863637e-02 5.004876e+00 1.097791e+00
2.886364e-02 5.037949e+00 1.092351e+00
2.909091e-02 5.071000e+00 1.087000e+00
3.000000e-02 5.203174e+00 1.066070e+00
3.045454e-02 5.269156e+00 1.055912e+00
3.068182e-02 5.302100e+00 1.050923e+00
3.090909e-02 5.335000e+00 1.046000e+00
3.181818e-02 5.466330e+00 1.026609e+00
3.227273e-02 5.531770e+00 1.017177e+00
3.250000e-02 5.564416e+00 1.012551e+00
3.272727e-02 5.597000e+00 1.008000e+00
3.454546e-02 5.856411e+00 9.734019e-01
3.545455e-02 5.985132e+00 9.572095e-01
3.590909e-02 6.049186e+00 9.494047e-01
3.613637e-02 6.081125e+00 9.455771e-01
3.636364e-02 6.113000e+00 9.418000e-01
3.863637e-02 6.430311e+00 9.051704e-01
3.977273e-02 6.587433e+00 8.878087e-01
4.034091e-02 6.665447e+00 8.794334e-01
4.062500e-02 6.704287e+00 8.753340e-01
4.090909e-02 6.743000e+00 8.713000e-01
4.318182e-02 7.050354e+00 8.403097e-01
4.431819e-02 7.202065e+00 8.257030e-01
4.488637e-02 7.277286e+00 8.186566e-01
4.517046e-02 7.314711e+00 8.152034e-01
4.545455e-02 7.352000e+00 8.118000e-01
4.772727e-02 7.647943e+00 7.854399e-01
4.886364e-02 7.793894e+00 7.729022e-01
4.943182e-02 7.866211e+00 7.668273e-01
5.000000e-02 7.938000e+00 7.609000e-01
5.227273e-02 8.222138e+00 7.380310e-01
5.340909e-02 8.362014e+00 7.271457e-01
5.397727e-02 8.431271e+00 7.218633e-01
5.454545e-02 8.500000e+00 7.167000e-01
5.681818e-02 8.772129e+00 6.966839e-01
5.795455e-02 8.906033e+00 6.871116e-01
5.852273e-02 8.972291e+00 6.824562e-01
5.909091e-02 9.038000e+00 6.779000e-01
6.136363e-02 9.297688e+00 6.602309e-01
6.250000e-02 9.425295e+00 6.517657e-01
6.306818e-02 9.488412e+00 6.476421e-01
6.363636e-02 9.551000e+00 6.436000e-01
6.590909e-02 9.798260e+00 6.278741e-01
6.704546e-02 9.919909e+00 6.203127e-01
6.761364e-02 9.980164e+00 6.166222e-01
6.818182e-02 1.004000e+01 6.130000e-01
7.045455e-02 1.027780e+01 5.988878e-01
7.159091e-02 1.039488e+01 5.920876e-01
7.215909e-02 1.045274e+01 5.887644e-01
7.272727e-02 1.051000e+01 5.855000e-01
7.727273e-02 1.095293e+01 5.605961e-01
7.954545e-02 1.116490e+01 5.489731e-01
8.068182e-02 1.126833e+01 5.433994e-01
8.181818e-02 1.137000e+01 5.380000e-01
8.636363e-02 1.176879e+01 5.173429e-01
8.863636e-02 1.196211e+01 5.076269e-01
8.977273e-02 1.205682e+01 5.029473e-01
9.090909e-02 1.215000e+01 4.984000e-01
9.545455e-02 1.251408e+01 4.809398e-01
9.772727e-02 1.268979e+01 4.726821e-01
9.886364e-02 1.277566e+01 4.686903e-01
1.000000e-01 1.286000e+01 4.648000e-01
1.045455e-01 1.318839e+01 4.497789e-01
1.068182e-01 1.334662e+01 4.426370e-01
1.079545e-01 1.342397e+01 4.391767e-01
1.090909e-01 1.350000e+01 4.358000e-01
1.136363e-01 1.379690e+01 4.227634e-01
1.159091e-01 1.394046e+01 4.165560e-01
1.170454e-01 1.401078e+01 4.135438e-01
1.181818e-01 1.408000e+01 4.106000e-01
1.227272e-01 1.435100e+01 3.992030e-01
1.250000e-01 1.448230e+01 3.937517e-01
1.272727e-01 1.461000e+01 3.885000e-01
1.363636e-01 1.509608e+01 3.687653e-01
1.409090e-01 1.532387e+01 3.596827e-01
1.431818e-01 1.543348e+01 3.553618e-01
1.454545e-01 1.554000e+01 3.512000e-01
1.545454e-01 1.595019e+01 3.353960e-01
1.590909e-01 1.614452e+01 3.280348e-01
1.613637e-01 1.623847e+01 3.245100e-01
1.636364e-01 1.633000e+01 3.211000e-01
1.727273e-01 1.668262e+01 3.080927e-01
1.772728e-01 1.684995e+01 3.019898e-01
1.818182e-01 1.701000e+01 2.962000e-01
1.909091e-01 1.731502e+01 2.851989e-01
1.954546e-01 1.746012e+01 2.800221e-01
2.000000e-01 1.760000e+01 2.751000e-01
2.090909e-01 1.787306e+01 2.657327e-01
2.136364e-01 1.800416e+01 2.613133e-01
2.181818e-01 1.813000e+01 2.571000e-01
2.272727e-01 1.836792e+01 2.490684e-01
2.318182e-01 1.848084e+01 2.452580e-01
2.363636e-01 1.859000e+01 2.416000e-01
2.454545e-01 1.880395e+01 2.345272e-01
2.500000e-01 1.890816e+01 2.311466e-01
2.545455e-01 1.901000e+01 2.279000e-01
2.636364e-01 1.920967e+01 2.217017e-01
2.727273e-01 1.940000e+01 2.159000e-01
2.818182e-01 1.957950e+01 2.103360e-01
2.909091e-01 1.975000e+01 2.051000e-01
3.000000e-01 1.991749e+01 2.001495e-01
3.090909e-01 2.008000e+01 1.955000e-01
3.181818e-01 2.023798e+01 1.910332e-01
3.272727e-01 2.039000e+01 1.868000e-01
3.454546e-01 2.067967e+01 1.788671e-01
3.545455e-01 2.081738e+01 1.751795e-01
3.636364e-01 2.095000e+01 1.717000e-01
3.863637e-01 2.126991e+01 1.635309e-01
3.977273e-01 2.142280e+01 1.597491e-01
4.090909e-01 2.157000e+01 1.562000e-01
4.318182e-01 2.185360e+01 1.495379e-01
4.431818e-01 2.198925e+01 1.464344e-01
4.545455e-01 2.212000e+01 1.435000e-01
4.772728e-01 2.237100e+01 1.379203e-01
4.886364e-01 2.249192e+01 1.352948e-01
5.000000e-01 2.261000e+01 1.328000e-01
5.227272e-01 2.284404e+01 1.280589e-01
5.454545e-01 2.307000e+01 1.237000e-01
5.681818e-01 2.328599e+01 1.196448e-01
5.909091e-01 2.349000e+01 1.159000e-01
6.136363e-01 2.368423e+01 1.123283e-01
6.363636e-01 2.387000e+01 1.090000e-01
6.590909e-01 2.405323e+01 1.058872e-01
6.818182e-01 2.423000e+01 1.030000e-01
7.045455e-01 2.439914e+01 1.002507e-01
7.272727e-01 2.456000e+01 9.767000e-02
7.727272e-01 2.486668e+01 9.288027e-02
7.954545e-01 2.501163e+01 9.067563e-02
8.181818e-01 2.515000e+01 8.861000e-02
8.636363e-01 2.541544e+01 8.471406e-02
9.090909e-01 2.566000e+01 8.118000e-02
9.545455e-01 2.588446e+01 7.792712e-02
1.000000e+00 2.609000e+01 7.498000e-02
1.045454e+00 2.628727e+01 7.223468e-02
1.090909e+00 2.647000e+01 6.972000e-02
1.136363e+00 2.663806e+01 6.736836e-02
1.181818e+00 2.679000e+01 6.520000e-02
1.227272e+00 2.693138e+01 6.315624e-02
1.272727e+00 2.706000e+01 6.126000e-02
1.363636e+00 2.729118e+01 5.778375e-02
1.454545e+00 2.748000e+01 5.474000e-02
1.636364e+00 2.775000e+01 4.955000e-02
1.818182e+00 2.791000e+01 4.531000e-02
2.000000e+00 2.798000e+01 4.178000e-02
2.181818e+00 2.794000e+01 3.879000e-02
2.272727e+00 2.780650e+01 3.745300e-02
2.363636e+00 2.764000e+01 3.623000e-02
2.545455e+00 2.738000e+01 3.400000e-02
2.727273e+00 2.713000e+01 3.204000e-02
2.818182e+00 2.699300e+01 3.114350e-02
2.909091e+00 2.685000e+01 3.031000e-02
3.000000e+00 2.670677e+01 2.951610e-02
3.090909e+00 2.656000e+01 2.877000e-02
3.181818e+00 2.640704e+01 2.805924e-02
3.272727e+00 2.625000e+01 2.739000e-02
3.454546e+00 2.593666e+01 2.613805e-02
3.545455e+00 2.577908e+01 2.555720e-02
3.636364e+00 2.562000e+01 2.501000e-02
3.863637e+00 2.521322e+01 2.372689e-02
3.977273e+00 2.500698e+01 2.313442e-02
4.090909e+00 2.480000e+01 2.258000e-02
4.318182e+00 2.438714e+01 2.154341e-02
4.431819e+00 2.418251e+01 2.106275e-02
4.545455e+00 2.398000e+01 2.061000e-02
4.772728e+00 2.358125e+01 1.975238e-02
4.886364e+00 2.338471e+01 1.935054e-02
5.000000e+00 2.319000e+01 1.897000e-02
5.227272e+00 2.280140e+01 1.825036e-02
5.340909e+00 2.260931e+01 1.791215e-02
5.454545e+00 2.242000e+01 1.759000e-02
5.681818e+00 2.204910e+01 1.697268e-02
5.795454e+00 2.186790e+01 1.667988e-02
5.909091e+00 2.169000e+01 1.640000e-02
6.136363e+00 2.133980e+01 1.586569e-02
6.250000e+00 2.116833e+01 1.561246e-02
6.363636e+00 2.100000e+01 1.537000e-02
6.590909e+00 2.066959e+01 1.490439e-02
6.704546e+00 2.050820e+01 1.468273e-02
6.818182e+00 2.035000e+01 1.447000e-02
7.045454e+00 2.004014e+01 1.406202e-02
7.159091e+00 1.988872e+01 1.386741e-02
7.272727e+00 1.974000e+01 1.368000e-02
7.727272e+00 1.915898e+01 1.297354e-02
7.954545e+00 1.887948e+01 1.264674e-02
8.068182e+00 1.874331e+01 1.249072e-02
8.181818e+00 1.861000e+01 1.234000e-02
8.636363e+00 1.809362e+01 1.176341e-02
8.863636e+00 1.784700e+01 1.149378e-02
8.977273e+00 1.772718e+01 1.136469e-02
9.090909e+00 1.761000e+01 1.124000e-02
9.545454e+00 1.715723e+01 1.076832e-02
9.772727e+00 1.694020e+01 1.054836e-02
9.886364e+00 1.683422e+01 1.044268e-02
1.000000e+01 1.673000e+01 1.034000e-02
1.045454e+01 1.631998e+01 9.943483e-03
1.068182e+01 1.612165e+01 9.755394e-03
1.079545e+01 1.602484e+01 9.664486e-03
1.090909e+01 1.593000e+01 9.576000e-03
1.136364e+01 1.556347e+01 9.236265e-03
1.159091e+01 1.538846e+01 9.075527e-03
1.170454e+01 1.530335e+01 8.997793e-03
1.181818e+01 1.522000e+01 8.922000e-03
1.227273e+01 1.489667e+01 8.629180e-03
1.250000e+01 1.474105e+01 8.489724e-03
1.261363e+01 1.466492e+01 8.422073e-03
1.272727e+01 1.459000e+01 8.356000e-03
1.363636e+01 1.401100e+01 7.860663e-03
1.409090e+01 1.373811e+01 7.634682e-03
1.431818e+01 1.360697e+01 7.527697e-03
1.454545e+01 1.348000e+01 7.425000e-03
1.545454e+01 1.299833e+01 7.036462e-03
1.590909e+01 1.277327e+01 6.856545e-03
1.613637e+01 1.266509e+01 6.770739e-03
1.636364e+01 1.256000e+01 6.688000e-03
1.727273e+01 1.215502e+01 6.373978e-03
1.772727e+01 1.196311e+01 6.227755e-03
1.795455e+01 1.187034e+01 6.157741e-03
1.818182e+01 1.178000e+01 6.090000e-03
1.909091e+01 1.143348e+01 5.831330e-03
1.954546e+01 1.126871e+01 5.709983e-03
1.977273e+01 1.118858e+01 5.651631e-03
2.000000e+01 1.111000e+01 5.595000e-03
2.090909e+01 1.080163e+01 5.377915e-03
2.136364e+01 1.065305e+01 5.275510e-03
2.159091e+01 1.058071e+01 5.226093e-03
2.181818e+01 1.051000e+01 5.178000e-03
2.272727e+01 1.023848e+01 4.992786e-03
2.318182e+01 1.010905e+01 4.904952e-03
2.340909e+01 1.004597e+01 4.862447e-03
2.363636e+01 9.984000e+00 4.821000e-03
2.454546e+01 9.740761e+00 4.661040e-03
2.500000e+01 9.622755e+00 4.584943e-03
2.522728e+01 9.564916e+00 4.548042e-03
2.545455e+01 9.508000e+00 4.512000e-03
2.636364e+01 9.285892e+00 4.372547e-03
2.681818e+01 9.178482e+00 4.305983e-03
2.704546e+01 9.125844e+00 4.273639e-03
2.727273e+01 9.074000e+00 4.242000e-03
2.818182e+01 8.870593e+00 4.119293e-03
2.863637e+01 8.771938e+00 4.060563e-03
2.886364e+01 8.723584e+00 4.031984e-03
2.909091e+01 8.676000e+00 4.004000e-03
3.000000e+01 8.489847e+00 3.895401e-03
3.045454e+01 8.399988e+00 3.843309e-03
3.068182e+01 8.356087e+00 3.817912e-03
3.090909e+01 8.313000e+00 3.793000e-03
3.181818e+01 8.145714e+00 3.695962e-03
3.227272e+01 8.065169e+00 3.649233e-03
3.272727e+01 7.987000e+00 3.604000e-03
3.454545e+01 7.687986e+00 3.433023e-03
3.545455e+01 7.547408e+00 3.353664e-03
3.590909e+01 7.479730e+00 3.315708e-03
3.636364e+01 7.414000e+00 3.279000e-03
3.863636e+01 7.101745e+00 3.105431e-03
3.977273e+01 6.956243e+00 3.025164e-03
4.034091e+01 6.886518e+00 2.986898e-03
4.090909e+01 6.819000e+00 2.950000e-03
4.318182e+01 6.560640e+00 2.809783e-03
4.431818e+01 6.439198e+00 2.744475e-03
4.488637e+01 6.380750e+00 2.713219e-03
4.545455e+01 6.324000e+00 2.683000e-03
4.772727e+01 6.106364e+00 2.567949e-03
4.886364e+01 6.003704e+00 2.514066e-03
4.943182e+01 5.954179e+00 2.488158e-03
5.000000e+01 5.906000e+00 2.463000e-03
5.227273e+01 5.720747e+00 2.366272e-03
5.340909e+01 5.632953e+00 2.320550e-03
5.397727e+01 5.590458e+00 2.298477e-03
5.454545e+01 5.549000e+00 2.277000e-03
5.681818e+01 5.388668e+00 2.194408e-03
5.795454e+01 5.312272e+00 2.155313e-03
5.852273e+01 5.275206e+00 2.136414e-03
5.909091e+01 5.239000e+00 2.118000e-03
6.136364e+01 5.099237e+00 2.047054e-03
6.250000e+01 5.032447e+00 2.013332e-03
6.306818e+01 4.999914e+00 1.996978e-03
6.363636e+01 4.968000e+00 1.981000e-03
6.590909e+01 4.843538e+00 1.919020e-03
6.704546e+01 4.783417e+00 1.889417e-03
6.761364e+01 4.753977e+00 1.875044e-03
6.818182e+01 4.725000e+00 1.861000e-03
7.045454e+01 4.611234e+00 1.806798e-03
7.159091e+01 4.556220e+00 1.780923e-03
7.215909e+01 4.529349e+00 1.768333e-03
7.272727e+01 4.503000e+00 1.756000e-03
7.727273e+01 4.304688e+00 1.662131e-03
7.954545e+01 4.213447e+00 1.618654e-03
8.068182e+01 4.169971e+00 1.597941e-03
8.125000e+01 4.148794e+00 1.587869e-03
8.181818e+01 4.128000e+00 1.578000e-03
8.636364e+01 3.967777e+00 1.502915e-03
8.863636e+01 3.892374e+00 1.467962e-03
8.977273e+01 3.856125e+00 1.451216e-03
9.090909e+01 3.821000e+00 1.435000e-03
9.545454e+01 3.687140e+00 1.372878e-03
9.772727e+01 3.624423e+00 1.343675e-03
9.886364e+01 3.594270e+00 1.329628e-03
1.000000e+02 3.565000e+00 1.316000e-03
1.045455e+02 3.452688e+00 1.263852e-03
1.068182e+02 3.399618e+00 1.239314e-03
1.079545e+02 3.373978e+00 1.227491e-03
1.090909e+02 3.349000e+00 1.216000e-03
1.136363e+02 3.252532e+00 1.171881e-03
1.159091e+02 3.206734e+00 1.150987e-03
1.170454e+02 3.184581e+00 1.140872e-03
1.181818e+02 3.163000e+00 1.131000e-03
1.227272e+02 3.080072e+00 1.092744e-03
1.250000e+02 3.040717e+00 1.074495e-03
1.261363e+02 3.021639e+00 1.065642e-03
1.272727e+02 3.003000e+00 1.057000e-03
1.363636e+02 2.862367e+00 9.925402e-04
1.409090e+02 2.797886e+00 9.632806e-04
1.431818e+02 2.767325e+00 9.494571e-04
1.443181e+02 2.752501e+00 9.427562e-04
1.454545e+02 2.738000e+00 9.362000e-04
1.545455e+02 2.627798e+00 8.861213e-04
1.590909e+02 2.576770e+00 8.628327e-04
1.613637e+02 2.552444e+00 8.517158e-04
1.636364e+02 2.529000e+00 8.410000e-04
1.818182e+02 2.360000e+00 7.640000e-04
