1.449275e-03 9.213000e-01 4.784000e+00
1.594203e-03 9.662000e-01 4.740000e+00
1.666666e-03 9.878925e-01 4.716875e+00
1.702898e-03 9.985237e-01 4.705029e+00
1.721014e-03 1.003782e+00 4.699037e+00
1.739130e-03 1.009000e+00 4.693000e+00
1.811594e-03 1.028726e+00 4.668658e+00
1.847826e-03 1.038908e+00 4.656371e+00
1.865942e-03 1.044291e+00 4.650197e+00
1.884058e-03 1.050000e+00 4.644000e+00
1.956522e-03 1.073911e+00 4.619060e+00
1.992754e-03 1.088388e+00 4.606537e+00
2.010870e-03 1.096702e+00 4.600269e+00
2.028986e-03 1.106000e+00 4.594000e+00
2.101449e-03 1.153870e+00 4.569038e+00
2.137681e-03 1.180599e+00 4.556548e+00
2.155797e-03 1.193998e+00 4.550285e+00
2.164855e-03 1.200578e+00 4.547146e+00
2.173913e-03 1.207000e+00 4.544000e+00
2.246377e-03 1.251843e+00 4.518544e+00
2.282609e-03 1.271178e+00 4.505753e+00
2.300725e-03 1.280236e+00 4.499366e+00
2.318841e-03 1.289000e+00 4.493000e+00
2.391305e-03 1.324300e+00 4.467870e+00
2.427536e-03 1.341511e+00 4.455420e+00
2.445652e-03 1.349875e+00 4.449210e+00
2.463768e-03 1.358000e+00 4.443000e+00
2.536232e-03 1.388481e+00 4.418011e+00
2.572464e-03 1.402620e+00 4.405492e+00
2.608696e-03 1.416000e+00 4.393000e+00
2.753623e-03 1.465516e+00 4.343536e+00
2.826087e-03 1.488039e+00 4.319135e+00
2.862319e-03 1.498718e+00 4.307031e+00
2.898551e-03 1.509000e+00 4.295000e+00
3.079710e-03 1.557311e+00 4.235320e+00
3.170290e-03 1.579737e+00 4.205936e+00
3.215580e-03 1.590513e+00 4.191402e+00
3.260870e-03 1.601000e+00 4.177000e+00
3.442029e-03 1.641364e+00 4.120255e+00
3.532609e-03 1.660854e+00 4.092420e+00
3.577898e-03 1.670461e+00 4.078655e+00
3.623188e-03 1.680000e+00 4.065000e+00
3.804348e-03 1.718102e+00 4.010834e+00
3.894927e-03 1.737087e+00 3.984194e+00
3.940217e-03 1.746555e+00 3.971031e+00
3.985507e-03 1.756000e+00 3.958000e+00
4.166667e-03 1.793579e+00 3.906750e+00
4.257246e-03 1.812299e+00 3.881667e+00
4.302536e-03 1.821649e+00 3.869278e+00
4.347826e-03 1.831000e+00 3.857000e+00
4.528985e-03 1.868472e+00 3.808394e+00
4.619565e-03 1.887233e+00 3.784505e+00
4.710145e-03 1.906000e+00 3.761000e+00
4.891304e-03 1.943446e+00 3.714810e+00
4.981884e-03 1.962192e+00 3.692204e+00
5.072464e-03 1.981000e+00 3.670000e+00
5.253624e-03 2.019029e+00 3.626336e+00
5.344203e-03 2.038067e+00 3.604970e+00
5.434783e-03 2.057000e+00 3.584000e+00
5.615942e-03 2.094252e+00 3.542893e+00
5.706522e-03 2.112670e+00 3.522780e+00
5.797101e-03 2.131000e+00 3.503000e+00
6.159420e-03 2.204743e+00 3.425662e+00
6.340580e-03 2.241521e+00 3.388279e+00
6.431159e-03 2.259815e+00 3.369985e+00
6.521739e-03 2.278000e+00 3.352000e+00
6.884058e-03 2.349782e+00 3.281771e+00
7.065218e-03 2.385103e+00 3.247870e+00
7.155797e-03 2.402607e+00 3.231292e+00
7.246377e-03 2.420000e+00 3.215000e+00
7.608696e-03 2.489036e+00 3.151523e+00
7.789855e-03 2.523177e+00 3.120849e+00
7.880434e-03 2.540133e+00 3.105814e+00
7.971014e-03 2.557000e+00 3.091000e+00
8.333333e-03 2.624066e+00 3.032780e+00
8.514492e-03 2.657220e+00 3.004506e+00
8.605072e-03 2.673665e+00 2.990643e+00
8.695652e-03 2.690000e+00 2.977000e+00
9.057971e-03 2.754553e+00 2.923749e+00
9.239130e-03 2.786413e+00 2.898012e+00
9.329710e-03 2.802240e+00 2.885407e+00
9.420290e-03 2.818000e+00 2.873000e+00
9.782610e-03 2.880868e+00 2.824506e+00
9.963770e-03 2.912067e+00 2.800972e+00
1.005435e-02 2.927574e+00 2.789411e+00
1.014493e-02 2.943000e+00 2.778000e+00
1.086957e-02 3.064235e+00 2.689471e+00
1.123188e-02 3.123560e+00 2.647327e+00
1.141304e-02 3.152891e+00 2.626910e+00
1.159420e-02 3.182000e+00 2.607000e+00
1.231884e-02 3.297455e+00 2.530300e+00
1.268116e-02 3.354508e+00 2.493877e+00
1.286232e-02 3.382831e+00 2.476229e+00
1.304348e-02 3.411000e+00 2.459000e+00
1.376812e-02 3.522764e+00 2.392438e+00
1.413043e-02 3.578092e+00 2.360641e+00
1.431159e-02 3.605601e+00 2.345166e+00
1.449275e-02 3.633000e+00 2.330000e+00
1.521739e-02 3.742043e+00 2.270790e+00
1.557971e-02 3.796181e+00 2.242357e+00
1.576087e-02 3.823135e+00 2.228525e+00
1.594203e-02 3.850000e+00 2.215000e+00
1.666666e-02 3.956888e+00 2.162960e+00
1.702898e-02 4.010037e+00 2.138084e+00
1.721014e-02 4.036541e+00 2.125942e+00
1.739130e-02 4.063000e+00 2.114000e+00
1.811594e-02 4.168771e+00 2.066975e+00
1.847826e-02 4.221490e+00 2.044150e+00
1.865942e-02 4.247778e+00 2.032976e+00
1.884058e-02 4.274000e+00 2.022000e+00
1.956522e-02 4.378309e+00 1.979355e+00
1.992754e-02 4.430214e+00 1.958851e+00
2.010870e-02 4.456118e+00 1.948837e+00
2.028986e-02 4.482000e+00 1.939000e+00
2.101450e-02 4.585566e+00 1.900570e+00
2.137681e-02 4.637315e+00 1.882008e+00
2.155797e-02 4.663168e+00 1.872927e+00
2.173913e-02 4.689000e+00 1.864000e+00
2.246377e-02 4.792092e+00 1.829227e+00
2.282609e-02 4.843556e+00 1.812403e+00
2.300725e-02 4.869278e+00 1.804146e+00
2.318841e-02 4.895000e+00 1.796000e+00
2.391305e-02 4.998027e+00 1.763902e+00
2.427536e-02 5.049541e+00 1.748260e+00
2.445652e-02 5.075281e+00 1.740575e+00
2.463768e-02 5.101000e+00 1.733000e+00
2.536232e-02 5.203669e+00 1.703385e+00
2.572464e-02 5.254880e+00 1.689017e+00
2.608696e-02 5.306000e+00 1.675000e+00
2.753623e-02 5.509894e+00 1.621049e+00
2.826087e-02 5.611542e+00 1.595464e+00
2.862319e-02 5.662294e+00 1.583079e+00
2.898551e-02 5.713000e+00 1.571000e+00
3.079710e-02 5.966384e+00 1.513107e+00
3.170290e-02 6.092833e+00 1.485864e+00
3.215580e-02 6.155960e+00 1.472745e+00
3.238225e-02 6.187493e+00 1.466323e+00
3.260870e-02 6.219000e+00 1.460000e+00
3.442029e-02 6.470711e+00 1.411194e+00
3.532609e-02 6.596108e+00 1.388073e+00
3.577898e-02 6.658631e+00 1.376893e+00
3.623188e-02 6.721000e+00 1.366000e+00
3.804348e-02 6.969466e+00 1.323991e+00
3.894927e-02 7.093015e+00 1.304054e+00
3.940217e-02 7.154585e+00 1.294406e+00
3.985507e-02 7.216000e+00 1.285000e+00
4.166666e-02 7.460995e+00 1.248852e+00
4.257246e-02 7.582831e+00 1.231624e+00
4.302536e-02 7.643514e+00 1.223234e+00
4.347826e-02 7.704000e+00 1.215000e+00
4.528986e-02 7.944773e+00 1.182627e+00
4.619565e-02 8.064276e+00 1.167018e+00
4.664855e-02 8.123748e+00 1.159421e+00
4.710145e-02 8.183000e+00 1.152000e+00
4.891305e-02 8.418791e+00 1.123592e+00
4.981884e-02 8.535787e+00 1.110070e+00
5.027174e-02 8.594004e+00 1.103480e+00
5.072464e-02 8.652000e+00 1.097000e+00
5.253624e-02 8.882961e+00 1.071449e+00
5.344203e-02 8.997465e+00 1.059039e+00
5.389493e-02 9.054375e+00 1.052965e+00
5.434783e-02 9.111000e+00 1.047000e+00
5.615942e-02 9.335781e+00 1.023867e+00
5.706522e-02 9.446929e+00 1.012756e+00
5.751811e-02 9.502116e+00 1.007330e+00
5.797101e-02 9.557000e+00 1.002000e+00
6.159420e-02 9.989692e+00 9.611991e-01
6.340580e-02 1.020160e+01 9.420858e-01
6.431159e-02 1.030628e+01 9.329039e-01
6.476449e-02 1.035826e+01 9.284155e-01
6.521739e-02 1.041000e+01 9.240000e-01
6.884058e-02 1.082104e+01 8.899673e-01
7.065217e-02 1.102268e+01 8.738943e-01
7.155797e-02 1.112200e+01 8.661403e-01
7.246377e-02 1.122000e+01 8.586000e-01
7.608695e-02 1.160213e+01 8.296606e-01
7.789855e-02 1.178786e+01 8.159725e-01
7.880434e-02 1.187937e+01 8.093535e-01
7.971014e-02 1.197000e+01 8.029000e-01
8.333333e-02 1.233004e+01 7.779605e-01
8.514492e-02 1.250682e+01 7.660853e-01
8.605072e-02 1.259396e+01 7.603254e-01
8.695652e-02 1.268000e+01 7.547000e-01
9.057971e-02 1.301692e+01 7.329546e-01
9.239131e-02 1.318047e+01 7.225781e-01
9.329710e-02 1.326079e+01 7.175350e-01
9.420290e-02 1.334000e+01 7.126000e-01
9.782610e-02 1.365062e+01 6.934386e-01
9.963770e-02 1.380191e+01 6.842540e-01
1.005435e-01 1.387639e+01 6.797812e-01
1.014493e-01 1.395000e+01 6.754000e-01
1.086957e-01 1.452359e+01 6.422821e-01
1.123188e-01 1.479759e+01 6.270031e-01
1.141304e-01 1.493044e+01 6.197223e-01
1.159420e-01 1.506000e+01 6.127000e-01
1.231884e-01 1.555778e+01 5.859737e-01
1.268116e-01 1.579386e+01 5.734890e-01
1.286232e-01 1.590825e+01 5.675007e-01
1.304348e-01 1.602000e+01 5.617000e-01
1.376811e-01 1.645286e+01 5.395082e-01
1.413043e-01 1.666010e+01 5.290827e-01
1.431159e-01 1.676104e+01 5.240675e-01
1.449275e-01 1.686000e+01 5.192000e-01
1.521739e-01 1.724555e+01 5.005654e-01
1.557971e-01 1.743093e+01 4.917766e-01
1.576087e-01 1.752135e+01 4.875331e-01
1.594203e-01 1.761000e+01 4.834000e-01
1.666666e-01 1.795520e+01 4.674471e-01
1.702898e-01 1.812072e+01 4.598626e-01
1.739130e-01 1.828000e+01 4.526000e-01
1.811594e-01 1.858339e+01 4.387062e-01
1.847826e-01 1.872863e+01 4.321136e-01
1.884058e-01 1.887000e+01 4.258000e-01
1.956522e-01 1.915068e+01 4.137057e-01
1.992754e-01 1.928746e+01 4.079443e-01
2.028986e-01 1.942000e+01 4.024000e-01
2.101449e-01 1.967190e+01 3.916904e-01
2.137681e-01 1.979247e+01 3.865560e-01
2.173913e-01 1.991000e+01 3.816000e-01
2.246377e-01 2.014314e+01 3.720220e-01
2.282609e-01 2.025766e+01 3.674303e-01
2.318841e-01 2.037000e+01 3.630000e-01
2.391304e-01 2.058929e+01 3.544661e-01
2.427536e-01 2.069587e+01 3.503697e-01
2.463768e-01 2.080000e+01 3.464000e-01
2.536232e-01 2.100382e+01 3.386653e-01
2.608696e-01 2.120000e+01 3.313000e-01
2.753623e-01 2.157180e+01 3.175300e-01
2.826087e-01 2.174871e+01 3.111354e-01
2.898551e-01 2.192000e+01 3.051000e-01
3.079711e-01 2.234026e+01 2.908975e-01
3.170290e-01 2.254350e+01 2.843036e-01
3.260870e-01 2.274000e+01 2.781000e-01
3.442029e-01 2.311512e+01 2.664107e-01
3.532608e-01 2.329494e+01 2.609558e-01
3.623188e-01 2.347000e+01 2.558000e-01
3.804347e-01 2.381628e+01 2.460346e-01
3.894927e-01 2.398532e+01 2.414514e-01
3.985507e-01 2.415000e+01 2.371000e-01
4.166667e-01 2.446671e+01 2.288305e-01
4.257246e-01 2.461986e+01 2.249275e-01
4.347826e-01 2.477000e+01 2.212000e-01
4.528986e-01 2.506820e+01 2.140488e-01
4.619565e-01 2.521520e+01 2.106517e-01
4.710145e-01 2.536000e+01 2.074000e-01
4.891304e-01 2.564428e+01 2.011867e-01
4.981884e-01 2.578336e+01 1.982347e-01
5.072464e-01 2.592000e+01 1.954000e-01
5.253623e-01 2.618894e+01 1.899389e-01
5.434783e-01 2.645000e+01 1.848000e-01
5.615942e-01 2.670376e+01 1.798980e-01
5.797101e-01 2.695000e+01 1.753000e-01
6.159420e-01 2.743062e+01 1.668197e-01
6.340579e-01 2.766348e+01 1.629341e-01
6.521739e-01 2.789000e+01 1.593000e-01
6.884058e-01 2.833014e+01 1.524454e-01
7.065218e-01 2.854294e+01 1.492390e-01
7.246377e-01 2.875000e+01 1.462000e-01
7.608696e-01 2.915416e+01 1.404055e-01
7.789855e-01 2.934984e+01 1.376808e-01
7.971014e-01 2.954000e+01 1.351000e-01
8.333333e-01 2.990883e+01 1.302471e-01
8.514493e-01 3.008689e+01 1.279710e-01
8.695652e-01 3.026000e+01 1.258000e-01
9.057971e-01 3.059780e+01 1.216082e-01
9.239131e-01 3.076126e+01 1.196110e-01
9.420290e-01 3.092000e+01 1.177000e-01
9.782610e-01 3.122749e+01 1.140661e-01
1.014493e+00 3.152000e+01 1.107000e-01
1.086956e+00 3.207563e+01 1.045088e-01
1.123188e+00 3.233539e+01 1.016890e-01
1.159420e+00 3.258000e+01 9.907000e-02
1.231884e+00 3.303793e+01 9.417549e-02
1.268116e+00 3.325025e+01 9.191261e-02
1.304348e+00 3.345000e+01 8.979000e-02
1.376812e+00 3.382800e+01 8.579932e-02
1.413043e+00 3.400423e+01 8.394184e-02
1.449275e+00 3.417000e+01 8.219000e-02
1.521739e+00 3.448163e+01 7.888033e-02
1.594203e+00 3.476000e+01 7.586000e-02
1.666667e+00 3.501069e+01 7.305528e-02
1.739130e+00 3.523000e+01 7.049000e-02
1.811594e+00 3.542747e+01 6.808619e-02
1.884058e+00 3.560000e+01 6.587000e-02
2.028986e+00 3.589000e+01 6.186000e-02
2.173913e+00 3.606000e+01 5.834000e-02
2.318841e+00 3.598000e+01 5.522000e-02
2.463768e+00 3.583000e+01 5.244000e-02
2.608696e+00 3.576000e+01 4.995000e-02
2.898551e+00 3.552000e+01 4.564000e-02
3.079711e+00 3.531144e+01 4.330721e-02
3.260870e+00 3.506000e+01 4.126000e-02
3.442029e+00 3.478596e+01 3.937580e-02
3.623188e+00 3.449000e+01 3.768000e-02
3.804347e+00 3.418230e+01 3.612052e-02
3.985507e+00 3.386000e+01 3.471000e-02
4.166666e+00 3.352430e+01 3.339933e-02
4.257246e+00 3.335289e+01 3.278475e-02
4.347826e+00 3.318000e+01 3.220000e-02
4.528986e+00 3.283543e+01 3.107950e-02
4.619565e+00 3.266301e+01 3.054804e-02
4.710145e+00 3.249000e+01 3.004000e-02
4.891305e+00 3.214037e+01 2.906973e-02
4.981884e+00 3.196498e+01 2.860997e-02
5.072464e+00 3.179000e+01 2.817000e-02
5.253623e+00 3.144376e+01 2.732751e-02
5.344203e+00 3.127174e+01 2.692622e-02
5.434783e+00 3.110000e+01 2.654000e-02
5.615942e+00 3.075400e+01 2.579325e-02
5.706522e+00 3.058135e+01 2.543525e-02
5.797101e+00 3.041000e+01 2.509000e-02
6.159420e+00 2.974176e+01 2.379418e-02
6.340580e+00 2.941741e+01 2.319775e-02
6.431159e+00 2.925782e+01 2.291379e-02
6.521739e+00 2.910000e+01 2.264000e-02
6.884058e+00 2.847515e+01 2.159690e-02
7.065217e+00 2.816925e+01 2.110965e-02
7.155797e+00 2.801864e+01 2.087607e-02
7.246377e+00 2.787000e+01 2.065000e-02
7.608695e+00 2.728841e+01 1.978746e-02
7.789855e+00 2.700592e+01 1.938309e-02
7.880434e+00 2.686708e+01 1.918868e-02
7.971014e+00 2.673000e+01 1.900000e-02
8.333333e+00 2.618957e+01 1.827708e-02
8.514492e+00 2.592640e+01 1.793570e-02
8.695652e+00 2.567000e+01 1.761000e-02
9.057971e+00 2.517305e+01 1.698652e-02
9.239130e+00 2.493321e+01 1.669142e-02
9.420290e+00 2.470000e+01 1.641000e-02
9.782610e+00 2.424545e+01 1.587495e-02
9.963770e+00 2.402498e+01 1.562199e-02
1.014493e+01 2.381000e+01 1.538000e-02
1.086957e+01 2.298327e+01 1.447632e-02
1.123188e+01 2.259239e+01 1.406347e-02
1.141304e+01 2.240366e+01 1.386787e-02
1.159420e+01 2.222000e+01 1.368000e-02
1.231884e+01 2.151350e+01 1.296884e-02
1.268116e+01 2.117908e+01 1.263918e-02
1.286232e+01 2.101744e+01 1.248183e-02
1.304348e+01 2.086000e+01 1.233000e-02
1.376811e+01 2.025420e+01 1.175274e-02
1.413043e+01 1.996630e+01 1.148361e-02
1.431159e+01 1.982661e+01 1.135471e-02
1.449275e+01 1.969000e+01 1.123000e-02
1.521739e+01 1.915913e+01 1.075405e-02
1.557971e+01 1.890482e+01 1.053104e-02
1.576087e+01 1.878109e+01 1.042390e-02
1.594203e+01 1.866000e+01 1.032000e-02
1.666667e+01 1.819089e+01 9.922582e-03
1.702898e+01 1.796639e+01 9.735333e-03
1.721014e+01 1.785709e+01 9.644974e-03
1.739130e+01 1.775000e+01 9.557000e-03
1.811594e+01 1.733374e+01 9.217481e-03
1.847826e+01 1.713363e+01 9.056217e-03
1.865942e+01 1.703593e+01 8.978139e-03
1.884058e+01 1.694000e+01 8.902000e-03
1.956522e+01 1.656563e+01 8.608418e-03
1.992754e+01 1.638503e+01 8.468822e-03
2.010870e+01 1.629675e+01 8.401128e-03
2.028986e+01 1.621000e+01 8.335000e-03
2.101450e+01 1.587171e+01 8.078899e-03
2.137681e+01 1.570844e+01 7.956582e-03
2.155797e+01 1.562856e+01 7.897141e-03
2.173913e+01 1.555000e+01 7.839000e-03
2.246377e+01 1.524365e+01 7.613732e-03
2.282609e+01 1.509512e+01 7.505920e-03
2.318841e+01 1.495000e+01 7.402000e-03
2.391305e+01 1.466494e+01 7.201603e-03
2.427536e+01 1.452591e+01 7.105626e-03
2.463768e+01 1.439000e+01 7.013000e-03
2.536232e+01 1.412482e+01 6.834017e-03
2.572464e+01 1.399594e+01 6.748083e-03
2.608696e+01 1.387000e+01 6.665000e-03
2.753624e+01 1.338268e+01 6.350596e-03
2.826087e+01 1.315109e+01 6.204514e-03
2.862319e+01 1.303907e+01 6.134615e-03
2.898551e+01 1.293000e+01 6.067000e-03
3.079711e+01 1.241124e+01 5.747306e-03
3.170290e+01 1.216900e+01 5.599459e-03
3.215580e+01 1.205273e+01 5.528971e-03
3.260870e+01 1.194000e+01 5.461000e-03
3.442029e+01 1.150786e+01 5.202681e-03
3.532608e+01 1.130404e+01 5.082331e-03
3.577898e+01 1.120570e+01 5.024717e-03
3.623188e+01 1.111000e+01 4.969000e-03
3.804348e+01 1.074109e+01 4.756721e-03
3.894927e+01 1.056641e+01 4.657261e-03
3.940217e+01 1.048206e+01 4.609435e-03
3.985507e+01 1.040000e+01 4.563000e-03
4.166666e+01 1.008556e+01 4.384507e-03
4.257246e+01 9.936667e+00 4.300208e-03
4.302536e+01 9.864515e+00 4.259542e-03
4.347826e+01 9.794000e+00 4.220000e-03
4.528986e+01 9.519791e+00 4.068292e-03
4.619565e+01 9.388418e+00 3.996541e-03
4.664855e+01 9.324516e+00 3.961840e-03
4.710145e+01 9.262000e+00 3.928000e-03
4.891304e+01 9.020076e+00 3.797192e-03
4.981884e+01 8.904419e+00 3.734846e-03
5.027174e+01 8.848136e+00 3.704581e-03
5.072464e+01 8.793000e+00 3.675000e-03
5.253624e+01 8.578476e+00 3.560299e-03
5.344203e+01 8.475450e+00 3.505542e-03
5.389493e+01 8.425229e+00 3.478963e-03
5.434783e+01 8.376000e+00 3.453000e-03
5.615942e+01 8.184719e+00 3.352838e-03
5.706521e+01 8.092826e+00 3.305038e-03
5.751811e+01 8.047992e+00 3.281783e-03
5.797101e+01 8.004000e+00 3.259000e-03
6.159420e+01 7.669169e+00 3.085571e-03
6.340579e+01 7.513482e+00 3.005202e-03
6.431159e+01 7.439005e+00 2.966895e-03
6.521739e+01 7.367000e+00 2.930000e-03
6.884058e+01 7.092459e+00 2.790622e-03
7.065217e+01 6.963826e+00 2.725925e-03
7.155797e+01 6.901997e+00 2.694965e-03
7.246377e+01 6.842000e+00 2.665000e-03
7.608695e+01 6.612086e+00 2.550176e-03
7.789855e+01 6.503533e+00 2.496181e-03
7.880434e+01 6.451093e+00 2.470205e-03
7.971014e+01 6.400000e+00 2.445000e-03
8.333333e+01 6.203078e+00 2.348578e-03
8.514493e+01 6.109255e+00 2.303181e-03
8.605072e+01 6.063652e+00 2.281293e-03
8.695652e+01 6.019000e+00 2.260000e-03
9.057971e+01 5.844660e+00 2.177976e-03
9.239131e+01 5.761120e+00 2.139105e-03
9.329710e+01 5.720566e+00 2.120310e-03
9.420290e+01 5.681000e+00 2.102000e-03
9.782610e+01 5.529096e+00 2.031528e-03
9.963770e+01 5.457047e+00 1.998061e-03
1.005435e+02 5.422123e+00 1.981840e-03
1.014493e+02 5.388000e+00 1.966000e-03
1.086957e+02 5.130381e+00 1.846940e-03
1.123188e+02 5.012076e+00 1.792515e-03
1.141304e+02 4.955934e+00 1.766738e-03
1.150362e+02 4.928679e+00 1.754234e-03
1.159420e+02 4.902000e+00 1.742000e-03
1.231884e+02 4.698820e+00 1.648775e-03
1.268116e+02 4.604487e+00 1.605516e-03
1.286232e+02 4.559450e+00 1.584883e-03
1.304348e+02 4.516000e+00 1.565000e-03
1.449275e+02 4.202000e+00 1.422000e-03
