1.190476e-03 1.242000e+00 6.422000e+00
1.309524e-03 1.302000e+00 6.377000e+00
1.369048e-03 1.331300e+00 6.352675e+00
1.398809e-03 1.345733e+00 6.340012e+00
1.413690e-03 1.352889e+00 6.333551e+00
1.428571e-03 1.360000e+00 6.327000e+00
1.488095e-03 1.388301e+00 6.300342e+00
1.517857e-03 1.402258e+00 6.286759e+00
1.547619e-03 1.416000e+00 6.273000e+00
1.607143e-03 1.442808e+00 6.245246e+00
1.636905e-03 1.455964e+00 6.231200e+00
1.666667e-03 1.469000e+00 6.217000e+00
1.726191e-03 1.495206e+00 6.188213e+00
1.755952e-03 1.508200e+00 6.173655e+00
1.785714e-03 1.521000e+00 6.159000e+00
1.845238e-03 1.549463e+00 6.129547e+00
1.875000e-03 1.561627e+00 6.114779e+00
1.904762e-03 1.570000e+00 6.100000e+00
2.023810e-03 1.560000e+00 6.041000e+00
2.083334e-03 1.482087e+00 6.011500e+00
2.113095e-03 1.433787e+00 5.996750e+00
2.127976e-03 1.409044e+00 5.989375e+00
2.135417e-03 1.396858e+00 5.985688e+00
2.142857e-03 1.385000e+00 5.982000e+00
2.261905e-03 1.253017e+00 5.922865e+00
2.321428e-03 1.215794e+00 5.893357e+00
2.351190e-03 1.202954e+00 5.878652e+00
2.380952e-03 1.193000e+00 5.864000e+00
2.529761e-03 1.146000e+00 5.791348e+00
2.604166e-03 1.127804e+00 5.755477e+00
2.641369e-03 1.120908e+00 5.737684e+00
2.678571e-03 1.116000e+00 5.720000e+00
2.827380e-03 1.112932e+00 5.649860e+00
2.901785e-03 1.119241e+00 5.615235e+00
2.976190e-03 1.130000e+00 5.581000e+00
3.125000e-03 1.155942e+00 5.513258e+00
3.199405e-03 1.171157e+00 5.479897e+00
3.236607e-03 1.179368e+00 5.463383e+00
3.273810e-03 1.188000e+00 5.447000e+00
3.422619e-03 1.224914e+00 5.382218e+00
3.497024e-03 1.244580e+00 5.350373e+00
3.534227e-03 1.254701e+00 5.334620e+00
3.571429e-03 1.265000e+00 5.319000e+00
3.720239e-03 1.307192e+00 5.257232e+00
3.794643e-03 1.328585e+00 5.226881e+00
3.831846e-03 1.339303e+00 5.211875e+00
3.869048e-03 1.350000e+00 5.197000e+00
4.017857e-03 1.392398e+00 5.138285e+00
4.092262e-03 1.413318e+00 5.109439e+00
4.129465e-03 1.423692e+00 5.095164e+00
4.166667e-03 1.434000e+00 5.081000e+00
4.315477e-03 1.475116e+00 5.024823e+00
4.389881e-03 1.495300e+00 4.997187e+00
4.427084e-03 1.505226e+00 4.983528e+00
4.464286e-03 1.515000e+00 4.970000e+00
4.613095e-03 1.553004e+00 4.916773e+00
4.687500e-03 1.571291e+00 4.890688e+00
4.724703e-03 1.580224e+00 4.877791e+00
4.761905e-03 1.589000e+00 4.865000e+00
5.059524e-03 1.656268e+00 4.764338e+00
5.208334e-03 1.687618e+00 4.715482e+00
5.282738e-03 1.702584e+00 4.691543e+00
5.357143e-03 1.717000e+00 4.668000e+00
5.654762e-03 1.771405e+00 4.576307e+00
5.803572e-03 1.796523e+00 4.532036e+00
5.877976e-03 1.808482e+00 4.510353e+00
5.952381e-03 1.820000e+00 4.489000e+00
6.250000e-03 1.863664e+00 4.405279e+00
6.398809e-03 1.883946e+00 4.364625e+00
6.473214e-03 1.893639e+00 4.344670e+00
6.547619e-03 1.903000e+00 4.325000e+00
6.845238e-03 1.938614e+00 4.247844e+00
6.994047e-03 1.955260e+00 4.210415e+00
7.142857e-03 1.971000e+00 4.174000e+00
7.440476e-03 2.000745e+00 4.103480e+00
7.589286e-03 2.014710e+00 4.069346e+00
7.738095e-03 2.028000e+00 4.036000e+00
8.035714e-03 2.053258e+00 3.970350e+00
8.184523e-03 2.065310e+00 3.938307e+00
8.333333e-03 2.077000e+00 3.907000e+00
8.928571e-03 2.122069e+00 3.787365e+00
9.226191e-03 2.143779e+00 3.730920e+00
9.523810e-03 2.165000e+00 3.677000e+00
1.011905e-02 2.206611e+00 3.573540e+00
1.041667e-02 2.227269e+00 3.524288e+00
1.071429e-02 2.248000e+00 3.477000e+00
1.130953e-02 2.289865e+00 3.386106e+00
1.160714e-02 2.311214e+00 3.342734e+00
1.190476e-02 2.333000e+00 3.301000e+00
1.250000e-02 2.377518e+00 3.220633e+00
1.279762e-02 2.400451e+00 3.182155e+00
1.309524e-02 2.424000e+00 3.145000e+00
1.369048e-02 2.472462e+00 3.073048e+00
1.398809e-02 2.497441e+00 3.038459e+00
1.413690e-02 2.510143e+00 3.021575e+00
1.428571e-02 2.523000e+00 3.005000e+00
1.488095e-02 2.575089e+00 2.940369e+00
1.517857e-02 2.601745e+00 2.909205e+00
1.532738e-02 2.615285e+00 2.893970e+00
1.547619e-02 2.629000e+00 2.879000e+00
1.607143e-02 2.684930e+00 2.820663e+00
1.636905e-02 2.713647e+00 2.792459e+00
1.651786e-02 2.728235e+00 2.778630e+00
1.666667e-02 2.743000e+00 2.765000e+00
1.726191e-02 2.803102e+00 2.711346e+00
1.755952e-02 2.833802e+00 2.685297e+00
1.770833e-02 2.849335e+00 2.672539e+00
1.785714e-02 2.865000e+00 2.660000e+00
1.845238e-02 2.928272e+00 2.611285e+00
1.875000e-02 2.960406e+00 2.587808e+00
1.889881e-02 2.976637e+00 2.576316e+00
1.904762e-02 2.993000e+00 2.565000e+00
1.964286e-02 3.059271e+00 2.520653e+00
1.994048e-02 3.092930e+00 2.499083e+00
2.008929e-02 3.109910e+00 2.488475e+00
2.023810e-02 3.127000e+00 2.478000e+00
2.083334e-02 3.195933e+00 2.436761e+00
2.113095e-02 3.230798e+00 2.416651e+00
2.127976e-02 3.248352e+00 2.406760e+00
2.142857e-02 3.266000e+00 2.397000e+00
2.261905e-02 3.409179e+00 2.321754e+00
2.321428e-02 3.482087e+00 2.286096e+00
2.351190e-02 3.518910e+00 2.268837e+00
2.366071e-02 3.537420e+00 2.260363e+00
2.380952e-02 3.556000e+00 2.252000e+00
2.529762e-02 3.743705e+00 2.171354e+00
2.604166e-02 3.838854e+00 2.133256e+00
2.641369e-02 3.886794e+00 2.114874e+00
2.659970e-02 3.910863e+00 2.105870e+00
2.678571e-02 3.935000e+00 2.097000e+00
2.827380e-02 4.129498e+00 2.028500e+00
2.901785e-02 4.227512e+00 1.996024e+00
2.938988e-02 4.276700e+00 1.980314e+00
2.957589e-02 4.301337e+00 1.972604e+00
2.976190e-02 4.326000e+00 1.965000e+00
3.125000e-02 4.523622e+00 1.906062e+00
3.199405e-02 4.622695e+00 1.877967e+00
3.236607e-02 4.672314e+00 1.864329e+00
3.255209e-02 4.697148e+00 1.857624e+00
3.273810e-02 4.722000e+00 1.851000e+00
3.422620e-02 4.921407e+00 1.799484e+00
3.497024e-02 5.021241e+00 1.774800e+00
3.534227e-02 5.071142e+00 1.762779e+00
3.571429e-02 5.121000e+00 1.751000e+00
3.720239e-02 5.319938e+00 1.705179e+00
3.794643e-02 5.419092e+00 1.683194e+00
3.831846e-02 5.468579e+00 1.672487e+00
3.869048e-02 5.518000e+00 1.662000e+00
4.017858e-02 5.715426e+00 1.621284e+00
4.092262e-02 5.813860e+00 1.601783e+00
4.129465e-02 5.862974e+00 1.592293e+00
4.166667e-02 5.912000e+00 1.583000e+00
4.315476e-02 6.107604e+00 1.547038e+00
4.389881e-02 6.204993e+00 1.529763e+00
4.427084e-02 6.253551e+00 1.521315e+00
4.464286e-02 6.302000e+00 1.513000e+00
4.613096e-02 6.495169e+00 1.480303e+00
4.687500e-02 6.591289e+00 1.464429e+00
4.724703e-02 6.639203e+00 1.456650e+00
4.761905e-02 6.687000e+00 1.449000e+00
5.059524e-02 7.067201e+00 1.390778e+00
5.208334e-02 7.255447e+00 1.363638e+00
5.282738e-02 7.348965e+00 1.350620e+00
5.319941e-02 7.395548e+00 1.344259e+00
5.357143e-02 7.442000e+00 1.338000e+00
5.654762e-02 7.811046e+00 1.289698e+00
5.803572e-02 7.993754e+00 1.266825e+00
5.877976e-02 8.084576e+00 1.255769e+00
5.915179e-02 8.129840e+00 1.250347e+00
5.952381e-02 8.175000e+00 1.245000e+00
6.250000e-02 8.534646e+00 1.203549e+00
6.398809e-02 8.713008e+00 1.183840e+00
6.473214e-02 8.801702e+00 1.174299e+00
6.510417e-02 8.845905e+00 1.169617e+00
6.547619e-02 8.890000e+00 1.165000e+00
6.845238e-02 9.240565e+00 1.129263e+00
6.994048e-02 9.414361e+00 1.112270e+00
7.068452e-02 9.500835e+00 1.104036e+00
7.142857e-02 9.587000e+00 1.096000e+00
7.440476e-02 9.930150e+00 1.065034e+00
7.589286e-02 1.010058e+01 1.050255e+00
7.663690e-02 1.018543e+01 1.043059e+00
7.738095e-02 1.027000e+01 1.036000e+00
8.035714e-02 1.060654e+01 1.008373e+00
8.184523e-02 1.077371e+01 9.950562e-01
8.258928e-02 1.085697e+01 9.885617e-01
8.333333e-02 1.094000e+01 9.822000e-01
8.928572e-02 1.160001e+01 9.344226e-01
9.226191e-02 1.192656e+01 9.124973e-01
9.375000e-02 1.208872e+01 9.020639e-01
9.449405e-02 1.216948e+01 8.969849e-01
9.523810e-02 1.225000e+01 8.920000e-01
1.011905e-01 1.288888e+01 8.536195e-01
1.041667e-01 1.320537e+01 8.355728e-01
1.056548e-01 1.336291e+01 8.269010e-01
1.063988e-01 1.344151e+01 8.226643e-01
1.071429e-01 1.352000e+01 8.185000e-01
1.130953e-01 1.414813e+01 7.865570e-01
1.160714e-01 1.446040e+01 7.715453e-01
1.175595e-01 1.461564e+01 7.643190e-01
1.183036e-01 1.469295e+01 7.607822e-01
1.190476e-01 1.477000e+01 7.573000e-01
1.250000e-01 1.538012e+01 7.304019e-01
1.279762e-01 1.568138e+01 7.176585e-01
1.294643e-01 1.583102e+01 7.114988e-01
1.309524e-01 1.598000e+01 7.055000e-01
1.369047e-01 1.657342e+01 6.824193e-01
1.398809e-01 1.686783e+01 6.714730e-01
1.413690e-01 1.701425e+01 6.661725e-01
1.428571e-01 1.716000e+01 6.610000e-01
1.488095e-01 1.773901e+01 6.410035e-01
1.517857e-01 1.802570e+01 6.314655e-01
1.532738e-01 1.816818e+01 6.268320e-01
1.547619e-01 1.831000e+01 6.223000e-01
1.607143e-01 1.887439e+01 6.047124e-01
1.636905e-01 1.915367e+01 5.962970e-01
1.651786e-01 1.929228e+01 5.922045e-01
1.666667e-01 1.943000e+01 5.882000e-01
1.726190e-01 1.997541e+01 5.726903e-01
1.755952e-01 2.024430e+01 5.652644e-01
1.770833e-01 2.037759e+01 5.616469e-01
1.785714e-01 2.051000e+01 5.581000e-01
1.845238e-01 2.103447e+01 5.442843e-01
1.875000e-01 2.129348e+01 5.376344e-01
1.889881e-01 2.142207e+01 5.343875e-01
1.904762e-01 2.155000e+01 5.312000e-01
1.964286e-01 2.205982e+01 5.187825e-01
1.994048e-01 2.231168e+01 5.127988e-01
2.008929e-01 2.243639e+01 5.098740e-01
2.023810e-01 2.256000e+01 5.070000e-01
2.083334e-01 2.304621e+01 4.957793e-01
2.113095e-01 2.328472e+01 4.903595e-01
2.127976e-01 2.340277e+01 4.877075e-01
2.142857e-01 2.352000e+01 4.851000e-01
2.261904e-01 2.444739e+01 4.651670e-01
2.321428e-01 2.489962e+01 4.558344e-01
2.351190e-01 2.512158e+01 4.513501e-01
2.380952e-01 2.534000e+01 4.470000e-01
2.529762e-01 2.639647e+01 4.263460e-01
2.604166e-01 2.690197e+01 4.167396e-01
2.641369e-01 2.714830e+01 4.121437e-01
2.678571e-01 2.739000e+01 4.077000e-01
2.827381e-01 2.833547e+01 3.907583e-01
2.901785e-01 2.879077e+01 3.828198e-01
2.938988e-01 2.901269e+01 3.790036e-01
2.976190e-01 2.923000e+01 3.753000e-01
3.125000e-01 3.007021e+01 3.610823e-01
3.199405e-01 3.047214e+01 3.543761e-01
3.236607e-01 3.066795e+01 3.511428e-01
3.273810e-01 3.086000e+01 3.480000e-01
3.422619e-01 3.161012e+01 3.359452e-01
3.497024e-01 3.197127e+01 3.302449e-01
3.534227e-01 3.214739e+01 3.274882e-01
3.571429e-01 3.232000e+01 3.248000e-01
3.720238e-01 3.298957e+01 3.144058e-01
3.794643e-01 3.331044e+01 3.094525e-01
3.869048e-01 3.362000e+01 3.047000e-01
4.017857e-01 3.421790e+01 2.955925e-01
4.092262e-01 3.450417e+01 2.912598e-01
4.166667e-01 3.478000e+01 2.871000e-01
4.315477e-01 3.531041e+01 2.791014e-01
4.389881e-01 3.556441e+01 2.752807e-01
4.464286e-01 3.581000e+01 2.716000e-01
4.613096e-01 3.628744e+01 2.644920e-01
4.687500e-01 3.651746e+01 2.610857e-01
4.761905e-01 3.674000e+01 2.578000e-01
5.059524e-01 3.757993e+01 2.454539e-01
5.208333e-01 3.796767e+01 2.397530e-01
5.357143e-01 3.833000e+01 2.344000e-01
5.654762e-01 3.900491e+01 2.242860e-01
5.803571e-01 3.931682e+01 2.195618e-01
5.952381e-01 3.961000e+01 2.151000e-01
6.250000e-01 4.016596e+01 2.066816e-01
6.398810e-01 4.042559e+01 2.027401e-01
6.547619e-01 4.067000e+01 1.990000e-01
6.845238e-01 4.112783e+01 1.918737e-01
6.994048e-01 4.134019e+01 1.885089e-01
7.142857e-01 4.154000e+01 1.853000e-01
7.440476e-01 4.191741e+01 1.791768e-01
7.738095e-01 4.226000e+01 1.735000e-01
8.035714e-01 4.257535e+01 1.681566e-01
8.333333e-01 4.286000e+01 1.632000e-01
8.928571e-01 4.336920e+01 1.540967e-01
9.523810e-01 4.379000e+01 1.461000e-01
1.011905e+00 4.414494e+01 1.388382e-01
1.071429e+00 4.443000e+01 1.324000e-01
1.190476e+00 4.486000e+01 1.213000e-01
1.309524e+00 4.515000e+01 1.120000e-01
1.428571e+00 4.532000e+01 1.041000e-01
1.547619e+00 4.541000e+01 9.728000e-02
1.666667e+00 4.542000e+01 9.138000e-02
1.785714e+00 4.538000e+01 8.620000e-02
1.904762e+00 4.529000e+01 8.161000e-02
2.023810e+00 4.524000e+01 7.751000e-02
2.142857e+00 4.528000e+01 7.383000e-02
2.261904e+00 4.509567e+01 7.048306e-02
2.380952e+00 4.481000e+01 6.749000e-02
2.678571e+00 4.437000e+01 6.102000e-02
2.827380e+00 4.413175e+01 5.822825e-02
2.976190e+00 4.388000e+01 5.575000e-02
3.125000e+00 4.361907e+01 5.345536e-02
3.273810e+00 4.335000e+01 5.137000e-02
3.422620e+00 4.307758e+01 4.943175e-02
3.571429e+00 4.280000e+01 4.766000e-02
3.720238e+00 4.251584e+01 4.600419e-02
3.869048e+00 4.223000e+01 4.448000e-02
4.017857e+00 4.194949e+01 4.304733e-02
4.166667e+00 4.167000e+01 4.172000e-02
4.315477e+00 4.138476e+01 4.046691e-02
4.464286e+00 4.110000e+01 3.930000e-02
4.613096e+00 4.082218e+01 3.819384e-02
4.761905e+00 4.055000e+01 3.716000e-02
5.059524e+00 4.000953e+01 3.524745e-02
5.208334e+00 3.974292e+01 3.437007e-02
5.357143e+00 3.948000e+01 3.355000e-02
5.654762e+00 3.896292e+01 3.200684e-02
5.803572e+00 3.870943e+01 3.128809e-02
5.952381e+00 3.846000e+01 3.061000e-02
6.250000e+00 3.796841e+01 2.932783e-02
6.398810e+00 3.772723e+01 2.872785e-02
6.547619e+00 3.749000e+01 2.816000e-02
6.845238e+00 3.702451e+01 2.708482e-02
6.994048e+00 3.679589e+01 2.657992e-02
7.142857e+00 3.657000e+01 2.610000e-02
7.440476e+00 3.612080e+01 2.518567e-02
7.589286e+00 3.589894e+01 2.475329e-02
7.738095e+00 3.568000e+01 2.434000e-02
8.035714e+00 3.524974e+01 2.354786e-02
8.184524e+00 3.503846e+01 2.317119e-02
8.333333e+00 3.483000e+01 2.281000e-02
8.928572e+00 3.401220e+01 2.146280e-02
9.226191e+00 3.361268e+01 2.084881e-02
9.375000e+00 3.341546e+01 2.055844e-02
9.523810e+00 3.322000e+01 2.028000e-02
1.011905e+01 3.244617e+01 1.923051e-02
1.041667e+01 3.206536e+01 1.874523e-02
1.056548e+01 3.187691e+01 1.851364e-02
1.071429e+01 3.169000e+01 1.829000e-02
1.130953e+01 3.095094e+01 1.743564e-02
1.160714e+01 3.058772e+01 1.703623e-02
1.175595e+01 3.040809e+01 1.684492e-02
1.190476e+01 3.023000e+01 1.666000e-02
1.250000e+01 2.952601e+01 1.595809e-02
1.279762e+01 2.918027e+01 1.563027e-02
1.294643e+01 2.900937e+01 1.547282e-02
1.309524e+01 2.884000e+01 1.532000e-02
1.369047e+01 2.817157e+01 1.473320e-02
1.398809e+01 2.784336e+01 1.445544e-02
1.413690e+01 2.768102e+01 1.432107e-02
1.428571e+01 2.752000e+01 1.419000e-02
1.488095e+01 2.688135e+01 1.368216e-02
1.517857e+01 2.656773e+01 1.344062e-02
1.532738e+01 2.641299e+01 1.332377e-02
1.547619e+01 2.626000e+01 1.321000e-02
1.607143e+01 2.566031e+01 1.277369e-02
1.636905e+01 2.536758e+01 1.256729e-02
1.651786e+01 2.522313e+01 1.246743e-02
1.666667e+01 2.508000e+01 1.237000e-02
1.726190e+01 2.451121e+01 1.199336e-02
1.755952e+01 2.423240e+01 1.181339e-02
1.770833e+01 2.409522e+01 1.172581e-02
1.785714e+01 2.396000e+01 1.164000e-02
1.845238e+01 2.343304e+01 1.130576e-02
1.875000e+01 2.317820e+01 1.114512e-02
1.889881e+01 2.305321e+01 1.106679e-02
1.904762e+01 2.293000e+01 1.099000e-02
1.964286e+01 2.244529e+01 1.069119e-02
1.994048e+01 2.220958e+01 1.054793e-02
2.008929e+01 2.209391e+01 1.047822e-02
2.023810e+01 2.198000e+01 1.041000e-02
2.083333e+01 2.153356e+01 1.014635e-02
2.113095e+01 2.131811e+01 1.002008e-02
2.142857e+01 2.111000e+01 9.898000e-03
2.261904e+01 2.032978e+01 9.433395e-03
2.321428e+01 1.997519e+01 9.216522e-03
2.351190e+01 1.980855e+01 9.112585e-03
2.380952e+01 1.965000e+01 9.012000e-03
2.529762e+01 1.891882e+01 8.537281e-03
2.604166e+01 1.860234e+01 8.318105e-03
2.641369e+01 1.845991e+01 8.213675e-03
2.678571e+01 1.833000e+01 8.113000e-03
2.827381e+01 1.793073e+01 7.730373e-03
2.901785e+01 1.775944e+01 7.552036e-03
2.938988e+01 1.767268e+01 7.466628e-03
2.976190e+01 1.758000e+01 7.384000e-03
3.125000e+01 1.710031e+01 7.068832e-03
3.199405e+01 1.682698e+01 6.921057e-03
3.236608e+01 1.668760e+01 6.849991e-03
3.273810e+01 1.655000e+01 6.781000e-03
3.422620e+01 1.605095e+01 6.516069e-03
3.497024e+01 1.582447e+01 6.391009e-03
3.534227e+01 1.571599e+01 6.330678e-03
3.571429e+01 1.561000e+01 6.272000e-03
3.720238e+01 1.518720e+01 6.046561e-03
3.794643e+01 1.498051e+01 5.939875e-03
3.831846e+01 1.487927e+01 5.888287e-03
3.869048e+01 1.478000e+01 5.838000e-03
4.017858e+01 1.439711e+01 5.643967e-03
4.092262e+01 1.421488e+01 5.551613e-03
4.129465e+01 1.412645e+01 5.506799e-03
4.166667e+01 1.404000e+01 5.463000e-03
4.315476e+01 1.370564e+01 5.293148e-03
4.389881e+01 1.354528e+01 5.211985e-03
4.427084e+01 1.346698e+01 5.172552e-03
4.464286e+01 1.339000e+01 5.134000e-03
4.613096e+01 1.308794e+01 4.984881e-03
4.687500e+01 1.294173e+01 4.913618e-03
4.724703e+01 1.287021e+01 4.878949e-03
4.761905e+01 1.280000e+01 4.845000e-03
5.059524e+01 1.226899e+01 4.587897e-03
5.208334e+01 1.202261e+01 4.469146e-03
5.282738e+01 1.190453e+01 4.412557e-03
5.357143e+01 1.179000e+01 4.358000e-03
5.654762e+01 1.134748e+01 4.150627e-03
5.803571e+01 1.113831e+01 4.053999e-03
5.877976e+01 1.103762e+01 4.007738e-03
5.952381e+01 1.094000e+01 3.963000e-03
6.250000e+01 1.056881e+01 3.792525e-03
6.398810e+01 1.039497e+01 3.712662e-03
6.473214e+01 1.031131e+01 3.674268e-03
6.547619e+01 1.023000e+01 3.637000e-03
6.845238e+01 9.916891e+00 3.493843e-03
6.994047e+01 9.768270e+00 3.426273e-03
7.068452e+01 9.696275e+00 3.393685e-03
7.142857e+01 9.626000e+00 3.362000e-03
7.440476e+01 9.354101e+00 3.240445e-03
7.589285e+01 9.224445e+00 3.182944e-03
7.663690e+01 9.161506e+00 3.155130e-03
7.738095e+01 9.100000e+00 3.128000e-03
8.035714e+01 8.861936e+00 3.023025e-03
8.184524e+01 8.748259e+00 2.972985e-03
8.258928e+01 8.693021e+00 2.948707e-03
8.333333e+01 8.639000e+00 2.925000e-03
8.928572e+01 8.232518e+00 2.747615e-03
9.226191e+01 8.045992e+00 2.666853e-03
9.375000e+01 7.957349e+00 2.628653e-03
9.449405e+01 7.914250e+00 2.610128e-03
9.523810e+01 7.872000e+00 2.592000e-03
1.011905e+02 7.548449e+00 2.453575e-03
1.041667e+02 7.397020e+00 2.389250e-03
1.056548e+02 7.324364e+00 2.358563e-03
1.071429e+02 7.254000e+00 2.329000e-03
1.190476e+02 6.740000e+00 2.117000e-03
