1.923077e-03 1.028000e+00 3.610000e+00
2.115385e-03 1.035000e+00 3.529000e+00
2.307692e-03 1.040000e+00 3.451000e+00
2.403846e-03 1.050100e+00 3.413050e+00
2.451923e-03 1.056983e+00 3.394400e+00
2.500000e-03 1.065000e+00 3.376000e+00
2.596154e-03 1.082446e+00 3.339550e+00
2.644231e-03 1.091932e+00 3.321626e+00
2.692308e-03 1.102000e+00 3.304000e+00
2.788462e-03 1.123347e+00 3.269500e+00
2.836538e-03 1.134525e+00 3.252619e+00
2.860577e-03 1.140229e+00 3.244276e+00
2.884615e-03 1.146000e+00 3.236000e+00
2.980769e-03 1.169324e+00 3.203212e+00
3.028846e-03 1.181118e+00 3.187024e+00
3.052885e-03 1.187048e+00 3.178990e+00
3.076923e-03 1.193000e+00 3.171000e+00
3.173077e-03 1.217005e+00 3.139195e+00
3.221154e-03 1.229027e+00 3.123489e+00
3.269231e-03 1.241000e+00 3.108000e+00
3.365385e-03 1.264700e+00 3.077577e+00
3.413461e-03 1.276407e+00 3.062670e+00
3.461538e-03 1.288000e+00 3.048000e+00
3.653846e-03 1.333908e+00 2.990736e+00
3.750000e-03 1.356276e+00 2.963010e+00
3.798077e-03 1.367236e+00 2.949408e+00
3.846154e-03 1.378000e+00 2.936000e+00
4.086539e-03 1.430025e+00 2.870373e+00
4.206731e-03 1.454635e+00 2.838683e+00
4.266827e-03 1.466494e+00 2.823198e+00
4.326923e-03 1.478000e+00 2.808000e+00
4.567307e-03 1.521894e+00 2.748988e+00
4.687500e-03 1.542481e+00 2.720577e+00
4.747596e-03 1.552384e+00 2.706678e+00
4.807692e-03 1.562000e+00 2.693000e+00
5.048077e-03 1.599037e+00 2.639351e+00
5.168269e-03 1.616487e+00 2.613324e+00
5.228366e-03 1.624876e+00 2.600563e+00
5.288462e-03 1.633000e+00 2.588000e+00
5.528847e-03 1.663929e+00 2.538898e+00
5.649039e-03 1.678372e+00 2.515127e+00
5.769231e-03 1.692000e+00 2.492000e+00
6.009616e-03 1.717626e+00 2.446936e+00
6.129808e-03 1.729613e+00 2.425151e+00
6.250000e-03 1.741000e+00 2.404000e+00
6.490384e-03 1.762819e+00 2.363112e+00
6.610577e-03 1.773149e+00 2.343332e+00
6.730769e-03 1.783000e+00 2.324000e+00
6.971154e-03 1.801675e+00 2.285834e+00
7.211538e-03 1.819000e+00 2.249000e+00
7.451923e-03 1.835469e+00 2.213676e+00
7.692308e-03 1.851000e+00 2.180000e+00
8.173077e-03 1.880141e+00 2.115724e+00
8.413462e-03 1.893847e+00 2.085236e+00
8.653846e-03 1.907000e+00 2.056000e+00
9.134616e-03 1.932389e+00 1.999695e+00
9.375000e-03 1.944763e+00 1.972823e+00
9.615385e-03 1.957000e+00 1.947000e+00
1.009615e-02 1.981431e+00 1.897463e+00
1.033654e-02 1.993683e+00 1.873812e+00
1.057692e-02 2.006000e+00 1.851000e+00
1.105769e-02 2.030721e+00 1.806719e+00
1.129808e-02 2.043255e+00 1.785469e+00
1.153846e-02 2.056000e+00 1.765000e+00
1.201923e-02 2.081997e+00 1.725891e+00
1.225962e-02 2.095343e+00 1.707172e+00
1.250000e-02 2.109000e+00 1.689000e+00
1.298077e-02 2.136921e+00 1.653238e+00
1.322115e-02 2.151283e+00 1.635865e+00
1.346154e-02 2.166000e+00 1.619000e+00
1.442308e-02 2.227025e+00 1.555847e+00
1.490385e-02 2.259241e+00 1.526624e+00
1.514423e-02 2.275901e+00 1.512612e+00
1.538462e-02 2.293000e+00 1.499000e+00
1.634616e-02 2.364010e+00 1.446093e+00
1.682692e-02 2.401281e+00 1.420937e+00
1.706731e-02 2.420442e+00 1.408793e+00
1.730769e-02 2.440000e+00 1.397000e+00
1.826923e-02 2.520362e+00 1.352241e+00
1.875000e-02 2.562046e+00 1.331175e+00
1.899039e-02 2.583347e+00 1.320977e+00
1.923077e-02 2.605000e+00 1.311000e+00
2.019231e-02 2.693469e+00 1.271878e+00
2.067308e-02 2.739112e+00 1.253066e+00
2.091346e-02 2.762380e+00 1.243924e+00
2.115385e-02 2.786000e+00 1.235000e+00
2.211539e-02 2.882666e+00 1.200774e+00
2.259615e-02 2.932330e+00 1.184551e+00
2.283654e-02 2.957533e+00 1.176687e+00
2.307692e-02 2.983000e+00 1.169000e+00
2.403846e-02 3.086116e+00 1.139157e+00
2.451923e-02 3.138631e+00 1.124835e+00
2.475962e-02 3.165194e+00 1.117851e+00
2.500000e-02 3.192000e+00 1.111000e+00
2.596154e-02 3.300633e+00 1.084312e+00
2.644231e-02 3.355916e+00 1.071455e+00
2.668269e-02 3.383848e+00 1.065172e+00
2.692308e-02 3.412000e+00 1.059000e+00
2.788462e-02 3.525917e+00 1.034861e+00
2.836538e-02 3.583664e+00 1.023230e+00
2.860577e-02 3.612755e+00 1.017558e+00
2.884615e-02 3.642000e+00 1.012000e+00
2.980769e-02 3.759663e+00 9.905261e-01
3.028846e-02 3.819065e+00 9.802144e-01
3.052885e-02 3.848955e+00 9.751695e-01
3.076923e-02 3.879000e+00 9.702000e-01
3.173077e-02 4.000195e+00 9.506159e-01
3.221154e-02 4.061383e+00 9.410834e-01
3.245193e-02 4.092136e+00 9.364055e-01
3.269231e-02 4.123000e+00 9.318000e-01
3.365385e-02 4.246961e+00 9.138347e-01
3.413461e-02 4.309317e+00 9.051483e-01
3.437500e-02 4.340612e+00 9.008917e-01
3.461538e-02 4.372000e+00 8.967000e-01
3.653846e-02 4.625195e+00 8.644305e-01
3.750000e-02 4.753114e+00 8.491982e-01
3.798077e-02 4.817431e+00 8.418488e-01
3.822116e-02 4.849683e+00 8.382479e-01
3.846154e-02 4.882000e+00 8.347000e-01
4.086539e-02 5.207208e+00 8.007146e-01
4.206731e-02 5.370834e+00 7.847834e-01
4.266827e-02 5.452861e+00 7.771270e-01
4.296875e-02 5.493919e+00 7.733834e-01
4.326923e-02 5.535000e+00 7.697000e-01
4.567308e-02 5.863896e+00 7.412943e-01
4.687500e-02 6.028436e+00 7.278729e-01
4.747596e-02 6.110718e+00 7.213972e-01
4.777644e-02 6.151859e+00 7.182249e-01
4.807692e-02 6.193000e+00 7.151000e-01
5.048077e-02 6.522488e+00 6.909709e-01
5.168270e-02 6.686995e+00 6.795310e-01
5.228366e-02 6.769084e+00 6.739961e-01
5.258414e-02 6.810068e+00 6.712797e-01
5.288462e-02 6.851000e+00 6.686000e-01
5.528846e-02 7.177298e+00 6.478119e-01
5.649039e-02 7.339542e+00 6.379027e-01
5.709135e-02 7.420381e+00 6.330952e-01
5.739183e-02 7.460720e+00 6.307326e-01
5.769231e-02 7.501000e+00 6.284000e-01
6.009615e-02 7.822459e+00 6.102861e-01
6.129808e-02 7.982239e+00 6.016284e-01
6.189904e-02 8.061773e+00 5.974190e-01
6.250000e-02 8.141000e+00 5.933000e-01
6.490385e-02 8.456037e+00 5.773263e-01
6.610577e-02 8.612142e+00 5.696759e-01
6.670673e-02 8.689747e+00 5.659505e-01
6.730769e-02 8.767000e+00 5.623000e-01
6.971154e-02 9.074183e+00 5.481045e-01
7.091346e-02 9.226281e+00 5.412862e-01
7.151442e-02 9.301838e+00 5.379612e-01
7.211538e-02 9.377000e+00 5.347000e-01
7.451923e-02 9.675388e+00 5.220141e-01
7.572116e-02 9.822921e+00 5.159096e-01
7.632212e-02 9.896165e+00 5.129280e-01
7.692308e-02 9.969000e+00 5.100000e-01
8.173077e-02 1.054365e+01 4.876521e-01
8.413461e-02 1.082460e+01 4.772279e-01
8.533654e-02 1.096308e+01 4.722334e-01
8.593750e-02 1.103175e+01 4.697956e-01
8.653846e-02 1.110000e+01 4.674000e-01
9.134615e-02 1.163930e+01 4.489918e-01
9.375000e-02 1.190267e+01 4.403273e-01
9.495193e-02 1.203221e+01 4.361541e-01
9.555289e-02 1.209635e+01 4.341114e-01
9.615385e-02 1.216000e+01 4.321000e-01
1.009615e-01 1.265914e+01 4.165659e-01
1.033654e-01 1.290208e+01 4.092111e-01
1.045673e-01 1.302170e+01 4.056582e-01
1.057692e-01 1.314000e+01 4.022000e-01
1.105769e-01 1.360840e+01 3.889162e-01
1.129808e-01 1.383711e+01 3.826222e-01
1.141827e-01 1.394943e+01 3.795747e-01
1.153846e-01 1.406000e+01 3.766000e-01
1.201923e-01 1.448919e+01 3.650813e-01
1.225962e-01 1.469687e+01 3.595825e-01
1.237981e-01 1.479899e+01 3.569115e-01
1.250000e-01 1.490000e+01 3.543000e-01
1.298077e-01 1.530090e+01 3.441843e-01
1.322116e-01 1.549753e+01 3.393498e-01
1.334135e-01 1.559439e+01 3.369994e-01
1.346154e-01 1.569000e+01 3.347000e-01
1.442308e-01 1.642421e+01 3.173878e-01
1.490385e-01 1.677033e+01 3.094324e-01
1.514424e-01 1.693737e+01 3.056477e-01
1.538462e-01 1.710000e+01 3.020000e-01
1.634616e-01 1.772659e+01 2.880976e-01
1.682692e-01 1.802443e+01 2.816094e-01
1.706731e-01 1.816887e+01 2.785029e-01
1.730769e-01 1.831000e+01 2.755000e-01
1.826923e-01 1.885791e+01 2.640823e-01
1.875000e-01 1.911943e+01 2.587465e-01
1.899038e-01 1.924625e+01 2.561846e-01
1.923077e-01 1.937000e+01 2.537000e-01
2.019231e-01 1.984687e+01 2.441759e-01
2.067308e-01 2.007330e+01 2.396817e-01
2.091346e-01 2.018297e+01 2.375122e-01
2.115385e-01 2.029000e+01 2.354000e-01
2.211538e-01 2.070259e+01 2.272527e-01
2.259615e-01 2.089969e+01 2.233886e-01
2.307692e-01 2.109000e+01 2.197000e-01
2.403846e-01 2.146078e+01 2.126932e-01
2.451923e-01 2.163882e+01 2.093781e-01
2.500000e-01 2.181000e+01 2.062000e-01
2.596154e-01 2.213559e+01 2.000547e-01
2.644231e-01 2.229047e+01 1.971184e-01
2.692308e-01 2.244000e+01 1.943000e-01
2.788462e-01 2.273226e+01 1.889221e-01
2.836538e-01 2.287343e+01 1.863638e-01
2.884615e-01 2.301000e+01 1.839000e-01
2.980769e-01 2.327204e+01 1.791181e-01
3.028846e-01 2.339780e+01 1.768195e-01
3.076923e-01 2.352000e+01 1.746000e-01
3.173077e-01 2.376048e+01 1.703277e-01
3.269231e-01 2.399000e+01 1.663000e-01
3.365385e-01 2.420651e+01 1.624468e-01
3.461538e-01 2.441000e+01 1.588000e-01
3.653846e-01 2.479584e+01 1.519245e-01
3.750000e-01 2.497731e+01 1.487203e-01
3.846154e-01 2.515000e+01 1.457000e-01
4.086538e-01 2.555946e+01 1.386678e-01
4.206731e-01 2.575038e+01 1.354316e-01
4.326923e-01 2.593000e+01 1.324000e-01
4.567307e-01 2.626544e+01 1.266905e-01
4.687500e-01 2.642168e+01 1.240240e-01
4.807692e-01 2.657000e+01 1.215000e-01
5.048077e-01 2.685541e+01 1.167005e-01
5.288462e-01 2.712000e+01 1.123000e-01
5.528846e-01 2.736514e+01 1.082206e-01
5.769231e-01 2.759000e+01 1.045000e-01
6.009616e-01 2.780315e+01 1.010289e-01
6.250000e-01 2.800000e+01 9.783000e-02
6.490384e-01 2.818288e+01 9.480921e-02
6.730769e-01 2.835000e+01 9.200000e-02
6.971154e-01 2.850555e+01 8.934550e-02
7.211538e-01 2.865000e+01 8.687000e-02
7.692308e-01 2.892000e+01 8.232000e-02
8.173077e-01 2.914977e+01 7.821807e-02
8.653846e-01 2.934000e+01 7.459000e-02
9.134615e-01 2.950834e+01 7.126665e-02
9.615385e-01 2.965000e+01 6.828000e-02
1.057692e+00 2.987000e+01 6.302000e-02
1.153846e+00 3.001000e+01 5.855000e-02
1.250000e+00 3.009000e+01 5.472000e-02
1.346154e+00 3.011000e+01 5.139000e-02
1.538462e+00 3.002000e+01 4.587000e-02
1.730769e+00 2.979000e+01 4.148000e-02
1.826923e+00 2.963150e+01 3.958925e-02
1.923077e+00 2.947000e+01 3.791000e-02
2.115385e+00 2.922000e+01 3.493000e-02
2.211538e+00 2.903525e+01 3.360850e-02
2.307692e+00 2.881000e+01 3.241000e-02
2.403846e+00 2.855165e+01 3.128599e-02
2.500000e+00 2.829000e+01 3.025000e-02
2.596154e+00 2.806148e+01 2.927866e-02
2.692308e+00 2.785000e+01 2.838000e-02
2.788462e+00 2.763311e+01 2.753164e-02
2.884615e+00 2.741000e+01 2.674000e-02
2.980769e+00 2.718141e+01 2.598580e-02
3.076923e+00 2.695000e+01 2.528000e-02
3.173077e+00 2.671903e+01 2.461370e-02
3.269231e+00 2.649000e+01 2.399000e-02
3.365385e+00 2.626389e+01 2.339330e-02
3.461538e+00 2.604000e+01 2.283000e-02
3.653846e+00 2.559154e+01 2.177694e-02
3.750000e+00 2.536930e+01 2.128901e-02
3.846154e+00 2.515000e+01 2.083000e-02
4.086538e+00 2.461465e+01 1.975713e-02
4.206731e+00 2.435443e+01 1.926267e-02
4.266827e+00 2.422644e+01 1.902714e-02
4.326923e+00 2.410000e+01 1.880000e-02
4.567308e+00 2.360088e+01 1.793510e-02
4.687500e+00 2.335744e+01 1.753115e-02
4.747596e+00 2.323784e+01 1.733748e-02
4.807692e+00 2.312000e+01 1.715000e-02
5.048077e+00 2.265989e+01 1.643443e-02
5.168270e+00 2.243708e+01 1.609859e-02
5.288462e+00 2.222000e+01 1.578000e-02
5.528847e+00 2.179584e+01 1.517508e-02
5.649039e+00 2.159016e+01 1.489054e-02
5.769231e+00 2.139000e+01 1.462000e-02
6.009616e+00 2.100117e+01 1.410536e-02
6.129808e+00 2.081311e+01 1.386226e-02
6.250000e+00 2.063000e+01 1.363000e-02
6.490384e+00 2.027220e+01 1.318450e-02
6.610577e+00 2.009874e+01 1.297279e-02
6.730769e+00 1.993000e+01 1.277000e-02
6.971153e+00 1.960251e+01 1.238236e-02
7.091346e+00 1.944417e+01 1.219778e-02
7.211538e+00 1.929000e+01 1.202000e-02
7.451923e+00 1.898921e+01 1.167507e-02
7.572115e+00 1.884298e+01 1.150952e-02
7.692308e+00 1.870000e+01 1.135000e-02
8.173077e+00 1.814641e+01 1.075556e-02
8.413462e+00 1.788266e+01 1.048364e-02
8.533654e+00 1.775479e+01 1.035446e-02
8.653846e+00 1.763000e+01 1.023000e-02
9.134615e+00 1.714953e+01 9.755061e-03
9.375000e+00 1.692056e+01 9.532842e-03
9.495193e+00 1.680917e+01 9.426234e-03
9.615385e+00 1.670000e+01 9.323000e-03
1.009615e+01 1.627363e+01 8.928979e-03
1.033654e+01 1.606831e+01 8.744161e-03
1.045673e+01 1.596817e+01 8.655279e-03
1.057692e+01 1.587000e+01 8.569000e-03
1.105769e+01 1.548952e+01 8.237983e-03
1.129808e+01 1.530685e+01 8.081756e-03
1.141827e+01 1.521765e+01 8.006363e-03
1.153846e+01 1.513000e+01 7.933000e-03
1.201923e+01 1.478768e+01 7.650630e-03
1.225962e+01 1.462178e+01 7.516822e-03
1.237981e+01 1.454034e+01 7.452095e-03
1.250000e+01 1.446000e+01 7.389000e-03
1.298077e+01 1.414378e+01 7.145692e-03
1.322115e+01 1.398991e+01 7.029958e-03
1.334135e+01 1.391438e+01 6.973827e-03
1.346154e+01 1.384000e+01 6.919000e-03
1.442308e+01 1.327210e+01 6.506997e-03
1.490385e+01 1.300501e+01 6.318715e-03
1.514423e+01 1.287596e+01 6.229557e-03
1.538462e+01 1.275000e+01 6.144000e-03
1.634615e+01 1.225928e+01 5.821073e-03
1.682692e+01 1.202466e+01 5.671792e-03
1.706731e+01 1.191090e+01 5.600626e-03
1.730769e+01 1.180000e+01 5.532000e-03
1.826923e+01 1.137351e+01 5.271146e-03
1.875000e+01 1.117194e+01 5.149560e-03
1.899038e+01 1.107465e+01 5.091331e-03
1.923077e+01 1.098000e+01 5.035000e-03
2.019231e+01 1.061645e+01 4.820116e-03
2.067308e+01 1.044438e+01 4.719397e-03
2.091346e+01 1.036115e+01 4.670981e-03
2.115385e+01 1.028000e+01 4.624000e-03
2.211538e+01 9.965063e+00 4.443873e-03
2.259615e+01 9.815723e+00 4.358900e-03
2.283654e+01 9.743763e+00 4.317899e-03
2.307692e+01 9.674000e+00 4.278000e-03
2.403846e+01 9.408223e+00 4.124395e-03
2.451923e+01 9.284379e+00 4.051580e-03
2.475962e+01 9.225165e+00 4.016349e-03
2.500000e+01 9.168000e+00 3.982000e-03
2.596154e+01 8.949877e+00 3.849483e-03
2.644231e+01 8.848862e+00 3.786443e-03
2.668269e+01 8.800919e+00 3.755869e-03
2.692308e+01 8.755000e+00 3.726000e-03
2.788462e+01 8.586927e+00 3.610316e-03
2.836538e+01 8.509159e+00 3.555077e-03
2.884615e+01 8.434000e+00 3.502000e-03
2.980769e+01 8.285545e+00 3.400211e-03
3.028846e+01 8.209696e+00 3.351692e-03
3.076923e+01 8.131000e+00 3.305000e-03
3.173077e+01 7.959527e+00 3.214904e-03
3.221154e+01 7.871212e+00 3.171715e-03
3.245193e+01 7.827267e+00 3.150659e-03
3.269231e+01 7.784000e+00 3.130000e-03
3.365385e+01 7.620349e+00 3.049415e-03
3.413461e+01 7.543218e+00 3.010582e-03
3.461538e+01 7.469000e+00 2.973000e-03
3.653846e+01 7.182472e+00 2.831306e-03
3.750000e+01 7.046878e+00 2.765683e-03
3.798077e+01 6.981494e+00 2.734321e-03
3.846154e+01 6.918000e+00 2.704000e-03
4.086539e+01 6.617923e+00 2.560556e-03
4.206731e+01 6.478819e+00 2.494181e-03
4.266827e+01 6.412316e+00 2.462528e-03
4.296875e+01 6.379875e+00 2.447117e-03
4.326923e+01 6.348000e+00 2.432000e-03
4.567307e+01 6.102431e+00 2.316176e-03
4.687500e+01 5.986732e+00 2.262027e-03
4.747596e+01 5.931040e+00 2.236084e-03
4.807692e+01 5.877000e+00 2.211000e-03
5.048077e+01 5.670494e+00 2.115734e-03
5.168269e+01 5.573358e+00 2.071195e-03
5.228366e+01 5.526539e+00 2.049788e-03
5.288462e+01 5.481000e+00 2.029000e-03
5.528847e+01 5.305546e+00 1.948922e-03
5.649039e+01 5.222387e+00 1.911047e-03
5.709135e+01 5.182176e+00 1.892770e-03
5.769231e+01 5.143000e+00 1.875000e-03
6.009615e+01 4.992767e+00 1.806876e-03
6.129808e+01 4.921183e+00 1.774698e-03
6.189904e+01 4.886292e+00 1.759150e-03
6.250000e+01 4.852000e+00 1.744000e-03
6.490384e+01 4.716730e+00 1.685526e-03
6.610577e+01 4.651234e+00 1.657695e-03
6.670673e+01 4.619277e+00 1.644193e-03
6.730769e+01 4.588000e+00 1.631000e-03
6.971153e+01 4.467555e+00 1.579876e-03
7.091346e+01 4.410192e+00 1.555459e-03
7.151442e+01 4.382308e+00 1.543597e-03
7.211538e+01 4.355000e+00 1.532000e-03
7.451923e+01 4.248580e+00 1.487108e-03
7.572115e+01 4.197407e+00 1.465651e-03
7.632212e+01 4.172455e+00 1.455215e-03
7.692308e+01 4.148000e+00 1.445000e-03
8.173077e+01 3.963151e+00 1.367865e-03
8.413461e+01 3.877862e+00 1.332300e-03
8.533654e+01 3.837213e+00 1.315352e-03
8.593750e+01 3.817421e+00 1.307099e-03
8.653846e+01 3.798000e+00 1.299000e-03
9.134616e+01 3.648884e+00 1.236732e-03
9.375000e+01 3.578989e+00 1.207536e-03
9.495193e+01 3.545455e+00 1.193537e-03
9.615385e+01 3.513000e+00 1.180000e-03
1.009615e+02 3.389567e+00 1.128632e-03
1.033654e+02 3.331783e+00 1.104662e-03
1.045673e+02 3.303994e+00 1.093158e-03
1.057692e+02 3.277000e+00 1.082000e-03
1.105769e+02 3.173058e+00 1.039168e-03
1.129808e+02 3.123870e+00 1.018949e-03
1.141827e+02 3.100115e+00 1.009192e-03
1.153846e+02 3.077000e+00 9.997000e-04
1.201923e+02 2.988194e+00 9.631950e-04
1.225961e+02 2.946157e+00 9.459080e-04
1.237981e+02 2.925825e+00 9.375482e-04
1.250000e+02 2.906000e+00 9.294000e-04
1.298077e+02 2.829435e+00 8.979685e-04
1.322115e+02 2.792973e+00 8.830210e-04
1.334135e+02 2.775282e+00 8.757746e-04
1.346154e+02 2.758000e+00 8.687000e-04
1.442308e+02 2.628143e+00 8.156684e-04
1.490385e+02 2.568879e+00 7.914969e-04
1.514424e+02 2.540854e+00 7.800642e-04
1.526443e+02 2.527275e+00 7.745216e-04
1.538462e+02 2.514000e+00 7.691000e-04
1.634615e+02 2.413266e+00 7.278045e-04
1.682692e+02 2.366655e+00 7.086462e-04
1.706731e+02 2.344430e+00 6.995078e-04
1.730769e+02 2.323000e+00 6.907000e-04
1.923077e+02 2.168000e+00 6.273000e-04
