1.265823e-03 7.835000e-01 6.162000e+00
1.392405e-03 8.217000e-01 6.110000e+00
1.455696e-03 8.401825e-01 6.082025e+00
1.487342e-03 8.492520e-01 6.067621e+00
1.503164e-03 8.537415e-01 6.060333e+00
1.518987e-03 8.582000e-01 6.053000e+00
1.582279e-03 8.759119e-01 6.023664e+00
1.613924e-03 8.846587e-01 6.008900e+00
1.645570e-03 8.933000e-01 5.994000e+00
1.708861e-03 9.103331e-01 5.963675e+00
1.740506e-03 9.187168e-01 5.948358e+00
1.772152e-03 9.270000e-01 5.933000e+00
1.835443e-03 9.433353e-01 5.902509e+00
1.867088e-03 9.514299e-01 5.887280e+00
1.898734e-03 9.595000e-01 5.872000e+00
1.962025e-03 9.756413e-01 5.841110e+00
1.993671e-03 9.837469e-01 5.825568e+00
2.025316e-03 9.919000e-01 5.810000e+00
2.088607e-03 1.008583e+00 5.778966e+00
2.120253e-03 1.016882e+00 5.763479e+00
2.151899e-03 1.025000e+00 5.748000e+00
2.215190e-03 1.040351e+00 5.716971e+00
2.246836e-03 1.047733e+00 5.701467e+00
2.278481e-03 1.055000e+00 5.686000e+00
2.405063e-03 1.084530e+00 5.624524e+00
2.468355e-03 1.099331e+00 5.594111e+00
2.500000e-03 1.106693e+00 5.579012e+00
2.531646e-03 1.114000e+00 5.564000e+00
2.689873e-03 1.149673e+00 5.489762e+00
2.768987e-03 1.167011e+00 5.453174e+00
2.808544e-03 1.175550e+00 5.435032e+00
2.848101e-03 1.184000e+00 5.417000e+00
3.006329e-03 1.217342e+00 5.345214e+00
3.085443e-03 1.233759e+00 5.309822e+00
3.125000e-03 1.241902e+00 5.292323e+00
3.164557e-03 1.250000e+00 5.275000e+00
3.322785e-03 1.282345e+00 5.207003e+00
3.401899e-03 1.298310e+00 5.173741e+00
3.441456e-03 1.306198e+00 5.157304e+00
3.481013e-03 1.314000e+00 5.141000e+00
3.639240e-03 1.344456e+00 5.076248e+00
3.718354e-03 1.359329e+00 5.044367e+00
3.757911e-03 1.366687e+00 5.028607e+00
3.797468e-03 1.374000e+00 5.013000e+00
3.955696e-03 1.403305e+00 4.951606e+00
4.034810e-03 1.417785e+00 4.921555e+00
4.074367e-03 1.424936e+00 4.906711e+00
4.113924e-03 1.432000e+00 4.892000e+00
4.272152e-03 1.459412e+00 4.833829e+00
4.351266e-03 1.472777e+00 4.805216e+00
4.430380e-03 1.486000e+00 4.777000e+00
4.588607e-03 1.512674e+00 4.721267e+00
4.667721e-03 1.525930e+00 4.693903e+00
4.746835e-03 1.539000e+00 4.667000e+00
4.905063e-03 1.564426e+00 4.614195e+00
4.984177e-03 1.576818e+00 4.588366e+00
5.063291e-03 1.589000e+00 4.563000e+00
5.379747e-03 1.636897e+00 4.464467e+00
5.537975e-03 1.660222e+00 4.417029e+00
5.617089e-03 1.671688e+00 4.393827e+00
5.696203e-03 1.683000e+00 4.371000e+00
6.012659e-03 1.727343e+00 4.281492e+00
6.170886e-03 1.748915e+00 4.238125e+00
6.250000e-03 1.759523e+00 4.216887e+00
6.329114e-03 1.770000e+00 4.196000e+00
6.645570e-03 1.811247e+00 4.114600e+00
6.803797e-03 1.831356e+00 4.075265e+00
6.882911e-03 1.841244e+00 4.055989e+00
6.962025e-03 1.851000e+00 4.037000e+00
7.278481e-03 1.889105e+00 3.962407e+00
7.436709e-03 1.907695e+00 3.926204e+00
7.594937e-03 1.926000e+00 3.891000e+00
7.911392e-03 1.962403e+00 3.822961e+00
8.069620e-03 1.980345e+00 3.790085e+00
8.227848e-03 1.998000e+00 3.758000e+00
8.544303e-03 2.032512e+00 3.694856e+00
8.702531e-03 2.049387e+00 3.664061e+00
8.860759e-03 2.066000e+00 3.634000e+00
9.493669e-03 2.131158e+00 3.519419e+00
9.810125e-03 2.162907e+00 3.465478e+00
9.968352e-03 2.178542e+00 3.439418e+00
1.012658e-02 2.194000e+00 3.414000e+00
1.075950e-02 2.254691e+00 3.315358e+00
1.107595e-02 2.284498e+00 3.268233e+00
1.123418e-02 2.299283e+00 3.245353e+00
1.139241e-02 2.314000e+00 3.223000e+00
1.202532e-02 2.372604e+00 3.136783e+00
1.234177e-02 2.401814e+00 3.095641e+00
1.250000e-02 2.416407e+00 3.075622e+00
1.265823e-02 2.431000e+00 3.056000e+00
1.329114e-02 2.489464e+00 2.979382e+00
1.360760e-02 2.518728e+00 2.942534e+00
1.376582e-02 2.533364e+00 2.924580e+00
1.392405e-02 2.548000e+00 2.907000e+00
1.455696e-02 2.606337e+00 2.839023e+00
1.487342e-02 2.635576e+00 2.806468e+00
1.503164e-02 2.650256e+00 2.790590e+00
1.518987e-02 2.665000e+00 2.775000e+00
1.582278e-02 2.724595e+00 2.713992e+00
1.613924e-02 2.754702e+00 2.684530e+00
1.629747e-02 2.769829e+00 2.670133e+00
1.645570e-02 2.785000e+00 2.656000e+00
1.708861e-02 2.845735e+00 2.601120e+00
1.740507e-02 2.876264e+00 2.574682e+00
1.756329e-02 2.891599e+00 2.561742e+00
1.772152e-02 2.907000e+00 2.549000e+00
1.835443e-02 2.969013e+00 2.498920e+00
1.867088e-02 3.000353e+00 2.474616e+00
1.882911e-02 3.016133e+00 2.462709e+00
1.898734e-02 3.032000e+00 2.451000e+00
1.962025e-02 3.096034e+00 2.405491e+00
1.993670e-02 3.128391e+00 2.383484e+00
2.009493e-02 3.144662e+00 2.372675e+00
2.025316e-02 3.161000e+00 2.362000e+00
2.088608e-02 3.226642e+00 2.319693e+00
2.120253e-02 3.259707e+00 2.299059e+00
2.136076e-02 3.276320e+00 2.288942e+00
2.151899e-02 3.293000e+00 2.279000e+00
2.215190e-02 3.360134e+00 2.240557e+00
2.246836e-02 3.393964e+00 2.222042e+00
2.262658e-02 3.410954e+00 2.212962e+00
2.278481e-02 3.428000e+00 2.204000e+00
2.405064e-02 3.565265e+00 2.133843e+00
2.468355e-02 3.634732e+00 2.100218e+00
2.500000e-02 3.669750e+00 2.083904e+00
2.531646e-02 3.705000e+00 2.068000e+00
2.689874e-02 3.883698e+00 1.992619e+00
2.768987e-02 3.974399e+00 1.957410e+00
2.808544e-02 4.020088e+00 1.940473e+00
2.828323e-02 4.043017e+00 1.932177e+00
2.848101e-02 4.066000e+00 1.924000e+00
3.006329e-02 4.250504e+00 1.860368e+00
3.085443e-02 4.343418e+00 1.830025e+00
3.125000e-02 4.390110e+00 1.815326e+00
3.144778e-02 4.413528e+00 1.808112e+00
3.164557e-02 4.437000e+00 1.801000e+00
3.322785e-02 4.625940e+00 1.746099e+00
3.401899e-02 4.721178e+00 1.720015e+00
3.441456e-02 4.769011e+00 1.707364e+00
3.461235e-02 4.792986e+00 1.701145e+00
3.481013e-02 4.817000e+00 1.695000e+00
3.639241e-02 5.009859e+00 1.647084e+00
3.718354e-02 5.106759e+00 1.624112e+00
3.757911e-02 5.155335e+00 1.612935e+00
3.797468e-02 5.204000e+00 1.602000e+00
3.955696e-02 5.399029e+00 1.559702e+00
4.034810e-02 5.496863e+00 1.539483e+00
4.074367e-02 5.545888e+00 1.529642e+00
4.113924e-02 5.595000e+00 1.520000e+00
4.272152e-02 5.792146e+00 1.482449e+00
4.351266e-02 5.891008e+00 1.464409e+00
4.390823e-02 5.940493e+00 1.455617e+00
4.430380e-02 5.990000e+00 1.447000e+00
4.588607e-02 6.187950e+00 1.413595e+00
4.667721e-02 6.286945e+00 1.397548e+00
4.707278e-02 6.336462e+00 1.389708e+00
4.746835e-02 6.386000e+00 1.382000e+00
4.905063e-02 6.584434e+00 1.351801e+00
4.984177e-02 6.683722e+00 1.337184e+00
5.023734e-02 6.733366e+00 1.330031e+00
5.063291e-02 6.783000e+00 1.323000e+00
5.379747e-02 7.179715e+00 1.269527e+00
5.537975e-02 7.377610e+00 1.244590e+00
5.617089e-02 7.476382e+00 1.232618e+00
5.656646e-02 7.525712e+00 1.226763e+00
5.696203e-02 7.575000e+00 1.221000e+00
6.012658e-02 7.968603e+00 1.176393e+00
6.170886e-02 8.164672e+00 1.155219e+00
6.250000e-02 8.262445e+00 1.144978e+00
6.289557e-02 8.311253e+00 1.139954e+00
6.329114e-02 8.360000e+00 1.135000e+00
6.645569e-02 8.749086e+00 1.096598e+00
6.803797e-02 8.942591e+00 1.078373e+00
6.882911e-02 9.038960e+00 1.069566e+00
6.922468e-02 9.087026e+00 1.065251e+00
6.962025e-02 9.135000e+00 1.061000e+00
7.278481e-02 9.516982e+00 1.028280e+00
7.436709e-02 9.706584e+00 1.012768e+00
7.515823e-02 9.800957e+00 1.005249e+00
7.594937e-02 9.895000e+00 9.979000e-01
7.911393e-02 1.026941e+01 9.693481e-01
8.069620e-02 1.045529e+01 9.556703e-01
8.148734e-02 1.054781e+01 9.490147e-01
8.227848e-02 1.064000e+01 9.425000e-01
8.544304e-02 1.100744e+01 9.172455e-01
8.702531e-02 1.118958e+01 9.051536e-01
8.781645e-02 1.128005e+01 8.992666e-01
8.860759e-02 1.137000e+01 8.935000e-01
9.493670e-02 1.207632e+01 8.498433e-01
9.810125e-02 1.242117e+01 8.296793e-01
9.968352e-02 1.259136e+01 8.200685e-01
1.004747e-01 1.267588e+01 8.153897e-01
1.012658e-01 1.276000e+01 8.108000e-01
1.075949e-01 1.342784e+01 7.756345e-01
1.107595e-01 1.375652e+01 7.591647e-01
1.123418e-01 1.391903e+01 7.512589e-01
1.131330e-01 1.399973e+01 7.473968e-01
1.139241e-01 1.408000e+01 7.436000e-01
1.202532e-01 1.471465e+01 7.144039e-01
1.234178e-01 1.502538e+01 7.006551e-01
1.250000e-01 1.517857e+01 6.940328e-01
1.265823e-01 1.533000e+01 6.876000e-01
1.329114e-01 1.592493e+01 6.629303e-01
1.360760e-01 1.621531e+01 6.512882e-01
1.376582e-01 1.635843e+01 6.456691e-01
1.392405e-01 1.650000e+01 6.402000e-01
1.455696e-01 1.705868e+01 6.191461e-01
1.487342e-01 1.733205e+01 6.091574e-01
1.503164e-01 1.746679e+01 6.043202e-01
1.518987e-01 1.760000e+01 5.996000e-01
1.582279e-01 1.812295e+01 5.813577e-01
1.613924e-01 1.837860e+01 5.726585e-01
1.629747e-01 1.850485e+01 5.684330e-01
1.645570e-01 1.863000e+01 5.643000e-01
1.708861e-01 1.912649e+01 5.482571e-01
1.740506e-01 1.937045e+01 5.405818e-01
1.756329e-01 1.949088e+01 5.368502e-01
1.772152e-01 1.961000e+01 5.332000e-01
1.835443e-01 2.007756e+01 5.190826e-01
1.867088e-01 2.030587e+01 5.123252e-01
1.882911e-01 2.041849e+01 5.090317e-01
1.898734e-01 2.053000e+01 5.058000e-01
1.962025e-01 2.097104e+01 4.931714e-01
1.993670e-01 2.118743e+01 4.870846e-01
2.009493e-01 2.129427e+01 4.841137e-01
2.025316e-01 2.140000e+01 4.812000e-01
2.088607e-01 2.181598e+01 4.698928e-01
2.120253e-01 2.201965e+01 4.644600e-01
2.151899e-01 2.222000e+01 4.592000e-01
2.215190e-01 2.261527e+01 4.489949e-01
2.246836e-01 2.280926e+01 4.440739e-01
2.278481e-01 2.300000e+01 4.393000e-01
2.405064e-01 2.373975e+01 4.211324e-01
2.468355e-01 2.409534e+01 4.126361e-01
2.500000e-01 2.426913e+01 4.085562e-01
2.531646e-01 2.444000e+01 4.046000e-01
2.689874e-01 2.527318e+01 3.858353e-01
2.768987e-01 2.567364e+01 3.771116e-01
2.808544e-01 2.586880e+01 3.729374e-01
2.848101e-01 2.606000e+01 3.689000e-01
3.006329e-01 2.680022e+01 3.534751e-01
3.085443e-01 2.715560e+01 3.462432e-01
3.125000e-01 2.732924e+01 3.427687e-01
3.164557e-01 2.750000e+01 3.394000e-01
3.322785e-01 2.817051e+01 3.265286e-01
3.401899e-01 2.849520e+01 3.204692e-01
3.441456e-01 2.865403e+01 3.175460e-01
3.481013e-01 2.881000e+01 3.147000e-01
3.639240e-01 2.941480e+01 3.037038e-01
3.718354e-01 2.970629e+01 2.984833e-01
3.797468e-01 2.999000e+01 2.935000e-01
3.955696e-01 3.054560e+01 2.840396e-01
4.034810e-01 3.081597e+01 2.795724e-01
4.113924e-01 3.108000e+01 2.753000e-01
4.272152e-01 3.159577e+01 2.670888e-01
4.351266e-01 3.184607e+01 2.631706e-01
4.430380e-01 3.209000e+01 2.594000e-01
4.588607e-01 3.256509e+01 2.521272e-01
4.667721e-01 3.279541e+01 2.486491e-01
4.746835e-01 3.302000e+01 2.453000e-01
4.905063e-01 3.345835e+01 2.388536e-01
4.984177e-01 3.367153e+01 2.357711e-01
5.063291e-01 3.388000e+01 2.328000e-01
5.379747e-01 3.468628e+01 2.216220e-01
5.537975e-01 3.507079e+01 2.164545e-01
5.617089e-01 3.525749e+01 2.139864e-01
5.696203e-01 3.544000e+01 2.116000e-01
6.012658e-01 3.614705e+01 2.024564e-01
6.170886e-01 3.648495e+01 1.981623e-01
6.329114e-01 3.681000e+01 1.941000e-01
6.645569e-01 3.743502e+01 1.864563e-01
6.803797e-01 3.773322e+01 1.828851e-01
6.962025e-01 3.802000e+01 1.795000e-01
7.278481e-01 3.857151e+01 1.730512e-01
7.436709e-01 3.883533e+01 1.700056e-01
7.594937e-01 3.909000e+01 1.671000e-01
7.911393e-01 3.958421e+01 1.615472e-01
8.069620e-01 3.982142e+01 1.589162e-01
8.227848e-01 4.005000e+01 1.564000e-01
8.544304e-01 4.048904e+01 1.515833e-01
8.702531e-01 4.069849e+01 1.492945e-01
8.860759e-01 4.090000e+01 1.471000e-01
9.493670e-01 4.165818e+01 1.389210e-01
9.810125e-01 4.200636e+01 1.351825e-01
1.012658e+00 4.233000e+01 1.317000e-01
1.075950e+00 4.293120e+01 1.251588e-01
1.107595e+00 4.320584e+01 1.221317e-01
1.139241e+00 4.346000e+01 1.193000e-01
1.202532e+00 4.393020e+01 1.140341e-01
1.265823e+00 4.434000e+01 1.093000e-01
1.329114e+00 4.470189e+01 1.049076e-01
1.392405e+00 4.501000e+01 1.009000e-01
1.455696e+00 4.528211e+01 9.715300e-02
1.518987e+00 4.551000e+01 9.372000e-02
1.645570e+00 4.586000e+01 8.759000e-02
1.772152e+00 4.608000e+01 8.227000e-02
1.898734e+00 4.621000e+01 7.759000e-02
2.025316e+00 4.631000e+01 7.345000e-02
2.151899e+00 4.648000e+01 6.976000e-02
2.278481e+00 4.640000e+01 6.644000e-02
2.531646e+00 4.597000e+01 6.072000e-02
2.689874e+00 4.573265e+01 5.761560e-02
2.848101e+00 4.548000e+01 5.489000e-02
3.006329e+00 4.517593e+01 5.238874e-02
3.164557e+00 4.483000e+01 5.014000e-02
3.322785e+00 4.446833e+01 4.806742e-02
3.481013e+00 4.409000e+01 4.619000e-02
3.639240e+00 4.370045e+01 4.444553e-02
3.797468e+00 4.330000e+01 4.285000e-02
3.955696e+00 4.289195e+01 4.135557e-02
4.113924e+00 4.248000e+01 3.998000e-02
4.272152e+00 4.206892e+01 3.869182e-02
4.430380e+00 4.166000e+01 3.750000e-02
4.588608e+00 4.125352e+01 3.637213e-02
4.746835e+00 4.085000e+01 3.532000e-02
4.905063e+00 4.044724e+01 3.432232e-02
5.063291e+00 4.005000e+01 3.339000e-02
5.379747e+00 3.927888e+01 3.166696e-02
5.537975e+00 3.890516e+01 3.087737e-02
5.696203e+00 3.854000e+01 3.014000e-02
6.012658e+00 3.782242e+01 2.875381e-02
6.170886e+00 3.747233e+01 2.810859e-02
6.329114e+00 3.713000e+01 2.750000e-02
6.645569e+00 3.646133e+01 2.634945e-02
6.803797e+00 3.613666e+01 2.581064e-02
6.962025e+00 3.582000e+01 2.530000e-02
7.278481e+00 3.520229e+01 2.432968e-02
7.436709e+00 3.490250e+01 2.387339e-02
7.594937e+00 3.461000e+01 2.344000e-02
7.911392e+00 3.403875e+01 2.261831e-02
8.069620e+00 3.376114e+01 2.223064e-02
8.227848e+00 3.349000e+01 2.186000e-02
8.544303e+00 3.296002e+01 2.114642e-02
8.702531e+00 3.270213e+01 2.080627e-02
8.860759e+00 3.245000e+01 2.048000e-02
9.493669e+00 3.147843e+01 1.926903e-02
9.810125e+00 3.101547e+01 1.871911e-02
9.968352e+00 3.079042e+01 1.845924e-02
1.012658e+01 3.057000e+01 1.821000e-02
1.075950e+01 2.971250e+01 1.726698e-02
1.107595e+01 2.929977e+01 1.682994e-02
1.123418e+01 2.909812e+01 1.662133e-02
1.139241e+01 2.890000e+01 1.642000e-02
1.202532e+01 2.812684e+01 1.565417e-02
1.234178e+01 2.775317e+01 1.529688e-02
1.250000e+01 2.757015e+01 1.512568e-02
1.265823e+01 2.739000e+01 1.496000e-02
1.329114e+01 2.668436e+01 1.432763e-02
1.360759e+01 2.634246e+01 1.403104e-02
1.376582e+01 2.617491e+01 1.388843e-02
1.392405e+01 2.601000e+01 1.375000e-02
1.455696e+01 2.536522e+01 1.321892e-02
1.487342e+01 2.505323e+01 1.296838e-02
1.503164e+01 2.490040e+01 1.284754e-02
1.518987e+01 2.475000e+01 1.273000e-02
1.582278e+01 2.416283e+01 1.227867e-02
1.613924e+01 2.387807e+01 1.206478e-02
1.629747e+01 2.373815e+01 1.196118e-02
1.645570e+01 2.360000e+01 1.186000e-02
1.708861e+01 2.305419e+01 1.146719e-02
1.740507e+01 2.278842e+01 1.127969e-02
1.756329e+01 2.265811e+01 1.118875e-02
1.772152e+01 2.253000e+01 1.110000e-02
1.835443e+01 2.203259e+01 1.075823e-02
1.867088e+01 2.179292e+01 1.059579e-02
1.882911e+01 2.167558e+01 1.051700e-02
1.898734e+01 2.156000e+01 1.044000e-02
1.962025e+01 2.110544e+01 1.014172e-02
1.993670e+01 2.088467e+01 9.998867e-03
2.009493e+01 2.077646e+01 9.929260e-03
2.025316e+01 2.067000e+01 9.861000e-03
2.088607e+01 2.025445e+01 9.594886e-03
2.120253e+01 2.005407e+01 9.466811e-03
2.151899e+01 1.986000e+01 9.343000e-03
2.215190e+01 1.948398e+01 9.104164e-03
2.246835e+01 1.930367e+01 8.989644e-03
2.278481e+01 1.913000e+01 8.879000e-03
2.405063e+01 1.847776e+01 8.460450e-03
2.468355e+01 1.818135e+01 8.266023e-03
2.500000e+01 1.804220e+01 8.172993e-03
2.531646e+01 1.791000e+01 8.083000e-03
2.689874e+01 1.732289e+01 7.657270e-03
2.768987e+01 1.706297e+01 7.460356e-03
2.808544e+01 1.693979e+01 7.366490e-03
2.848101e+01 1.682000e+01 7.276000e-03
3.006329e+01 1.635036e+01 6.932605e-03
3.085443e+01 1.611644e+01 6.772692e-03
3.125000e+01 1.599876e+01 6.696110e-03
3.164557e+01 1.588000e+01 6.622000e-03
3.322785e+01 1.538358e+01 6.338806e-03
3.401899e+01 1.513370e+01 6.205908e-03
3.441456e+01 1.501056e+01 6.142006e-03
3.481013e+01 1.489000e+01 6.080000e-03
3.639240e+01 1.443527e+01 5.842502e-03
3.718354e+01 1.422269e+01 5.730553e-03
3.757911e+01 1.412013e+01 5.676548e-03
3.797468e+01 1.402000e+01 5.624000e-03
3.955696e+01 1.362896e+01 5.421621e-03
4.034810e+01 1.344102e+01 5.325672e-03
4.074367e+01 1.334952e+01 5.279252e-03
4.113924e+01 1.326000e+01 5.234000e-03
4.272152e+01 1.291382e+01 5.059521e-03
4.351266e+01 1.274868e+01 4.976551e-03
4.390823e+01 1.266846e+01 4.936312e-03
4.430380e+01 1.259000e+01 4.897000e-03
4.588608e+01 1.228677e+01 4.744649e-03
4.667721e+01 1.214123e+01 4.671890e-03
4.707278e+01 1.207006e+01 4.636549e-03
4.746835e+01 1.200000e+01 4.602000e-03
4.905063e+01 1.172374e+01 4.468373e-03
4.984177e+01 1.158974e+01 4.404507e-03
5.023734e+01 1.152424e+01 4.373433e-03
5.063291e+01 1.146000e+01 4.343000e-03
5.379747e+01 1.097890e+01 4.112343e-03
5.537975e+01 1.075780e+01 4.005754e-03
5.617089e+01 1.065224e+01 3.954961e-03
5.696203e+01 1.055000e+01 3.906000e-03
6.012658e+01 1.015471e+01 3.720126e-03
6.170886e+01 9.967627e+00 3.633558e-03
6.250000e+01 9.877472e+00 3.592106e-03
6.329114e+01 9.790000e+00 3.552000e-03
6.645569e+01 9.456922e+00 3.398830e-03
6.803797e+01 9.300604e+00 3.327004e-03
6.882911e+01 9.225285e+00 3.292484e-03
6.962025e+01 9.152000e+00 3.259000e-03
7.278481e+01 8.868940e+00 3.130874e-03
7.436709e+01 8.734488e+00 3.070496e-03
7.515823e+01 8.669418e+00 3.041362e-03
7.594937e+01 8.606000e+00 3.013000e-03
7.911392e+01 8.361874e+00 2.903507e-03
8.069620e+01 8.245985e+00 2.851564e-03
8.148734e+01 8.189831e+00 2.826452e-03
8.227848e+01 8.135000e+00 2.802000e-03
8.544304e+01 7.922935e+00 2.708127e-03
8.702531e+01 7.821590e+00 2.663622e-03
8.781645e+01 7.772284e+00 2.642059e-03
8.860759e+01 7.724000e+00 2.621000e-03
9.493670e+01 7.358368e+00 2.462208e-03
9.810125e+01 7.189370e+00 2.389478e-03
9.968352e+01 7.108771e+00 2.355033e-03
1.004747e+02 7.069519e+00 2.338332e-03
1.012658e+02 7.031000e+00 2.322000e-03
1.075949e+02 6.734955e+00 2.198079e-03
1.107595e+02 6.596388e+00 2.140730e-03
1.123418e+02 6.530050e+00 2.113380e-03
1.139241e+02 6.466000e+00 2.087000e-03
1.265823e+02 6.005000e+00 1.896000e-03
