1.785714e-03 8.780000e-01 4.067000e+00
1.964286e-03 9.209000e-01 3.987000e+00
2.053572e-03 9.503250e-01 3.947625e+00
2.098214e-03 9.658385e-01 3.928196e+00
2.120536e-03 9.735570e-01 3.918565e+00
2.142857e-03 9.811000e-01 3.909000e+00
2.232143e-03 1.008700e+00 3.871169e+00
2.276786e-03 1.021232e+00 3.852498e+00
2.299107e-03 1.027204e+00 3.843227e+00
2.321429e-03 1.033000e+00 3.834000e+00
2.410715e-03 1.055743e+00 3.797268e+00
2.455357e-03 1.066628e+00 3.779059e+00
2.500000e-03 1.077000e+00 3.761000e+00
2.589285e-03 1.096249e+00 3.725158e+00
2.633928e-03 1.105283e+00 3.707467e+00
2.678571e-03 1.114000e+00 3.690000e+00
2.767857e-03 1.131421e+00 3.655579e+00
2.812500e-03 1.139881e+00 3.638668e+00
2.857143e-03 1.148000e+00 3.622000e+00
2.946428e-03 1.163122e+00 3.589166e+00
2.991071e-03 1.170205e+00 3.572996e+00
3.035714e-03 1.177000e+00 3.557000e+00
3.125000e-03 1.190298e+00 3.525208e+00
3.169643e-03 1.196743e+00 3.509504e+00
3.214286e-03 1.203000e+00 3.494000e+00
3.392857e-03 1.226649e+00 3.433701e+00
3.482143e-03 1.237639e+00 3.404513e+00
3.571429e-03 1.248000e+00 3.376000e+00
3.794643e-03 1.272248e+00 3.305978e+00
3.906250e-03 1.283462e+00 3.271998e+00
4.017857e-03 1.294000e+00 3.239000e+00
4.241071e-03 1.313706e+00 3.175376e+00
4.352679e-03 1.323007e+00 3.144758e+00
4.464286e-03 1.332000e+00 3.115000e+00
4.687500e-03 1.349809e+00 3.056746e+00
4.799107e-03 1.358513e+00 3.028485e+00
4.910714e-03 1.367000e+00 3.001000e+00
5.133929e-03 1.383368e+00 2.947757e+00
5.245536e-03 1.391275e+00 2.922041e+00
5.357143e-03 1.399000e+00 2.897000e+00
5.580357e-03 1.414050e+00 2.848042e+00
5.691964e-03 1.421506e+00 2.824240e+00
5.803571e-03 1.429000e+00 2.801000e+00
6.026786e-03 1.444434e+00 2.755630e+00
6.138393e-03 1.452234e+00 2.733569e+00
6.250000e-03 1.460000e+00 2.712000e+00
6.473215e-03 1.475070e+00 2.669653e+00
6.584822e-03 1.482519e+00 2.649059e+00
6.696429e-03 1.490000e+00 2.629000e+00
6.919643e-03 1.505356e+00 2.590172e+00
7.031250e-03 1.513157e+00 2.571373e+00
7.142857e-03 1.521000e+00 2.553000e+00
7.589285e-03 1.552046e+00 2.481382e+00
7.812500e-03 1.567504e+00 2.447033e+00
8.035714e-03 1.583000e+00 2.414000e+00
8.482142e-03 1.614311e+00 2.350921e+00
8.705357e-03 1.630109e+00 2.320905e+00
8.928571e-03 1.646000e+00 2.292000e+00
9.375000e-03 1.677883e+00 2.235922e+00
9.598215e-03 1.693904e+00 2.208988e+00
9.821429e-03 1.710000e+00 2.183000e+00
1.026786e-02 1.742298e+00 2.133006e+00
1.049107e-02 1.758577e+00 2.109088e+00
1.071429e-02 1.775000e+00 2.086000e+00
1.116071e-02 1.808274e+00 2.041331e+00
1.138393e-02 1.825087e+00 2.019836e+00
1.160714e-02 1.842000e+00 1.999000e+00
1.205357e-02 1.875873e+00 1.958536e+00
1.227679e-02 1.892890e+00 1.938992e+00
1.250000e-02 1.910000e+00 1.920000e+00
1.339286e-02 1.979152e+00 1.847392e+00
1.383928e-02 2.014308e+00 1.813303e+00
1.406250e-02 2.032077e+00 1.796909e+00
1.428571e-02 2.050000e+00 1.781000e+00
1.517857e-02 2.122523e+00 1.720059e+00
1.562500e-02 2.159454e+00 1.691335e+00
1.584821e-02 2.178139e+00 1.677480e+00
1.607143e-02 2.197000e+00 1.664000e+00
1.696429e-02 2.273570e+00 1.612194e+00
1.741071e-02 2.312532e+00 1.587598e+00
1.763393e-02 2.332200e+00 1.575666e+00
1.785714e-02 2.352000e+00 1.564000e+00
1.875000e-02 2.431783e+00 1.518547e+00
1.919643e-02 2.472163e+00 1.496814e+00
1.941964e-02 2.492516e+00 1.486275e+00
1.964286e-02 2.513000e+00 1.476000e+00
2.053572e-02 2.595650e+00 1.436659e+00
2.098214e-02 2.637557e+00 1.417981e+00
2.120536e-02 2.658702e+00 1.408902e+00
2.142857e-02 2.680000e+00 1.400000e+00
2.232143e-02 2.766199e+00 1.365138e+00
2.276786e-02 2.809886e+00 1.348299e+00
2.299107e-02 2.831888e+00 1.340073e+00
2.321429e-02 2.854000e+00 1.332000e+00
2.410714e-02 2.942970e+00 1.300645e+00
2.455357e-02 2.987827e+00 1.285578e+00
2.477679e-02 3.010369e+00 1.278223e+00
2.500000e-02 3.033000e+00 1.271000e+00
2.589285e-02 3.124049e+00 1.242816e+00
2.633928e-02 3.169900e+00 1.229207e+00
2.656250e-02 3.192917e+00 1.222549e+00
2.678571e-02 3.216000e+00 1.216000e+00
2.767857e-02 3.308519e+00 1.190371e+00
2.812500e-02 3.355083e+00 1.177991e+00
2.834821e-02 3.378487e+00 1.171941e+00
2.857143e-02 3.402000e+00 1.166000e+00
2.946428e-02 3.496976e+00 1.142910e+00
2.991071e-02 3.544879e+00 1.131790e+00
3.013393e-02 3.568917e+00 1.126351e+00
3.035714e-02 3.593000e+00 1.121000e+00
3.125000e-02 3.689300e+00 1.100079e+00
3.169643e-02 3.737563e+00 1.089921e+00
3.191964e-02 3.761753e+00 1.084929e+00
3.214286e-02 3.786000e+00 1.080000e+00
3.392858e-02 3.981698e+00 1.041629e+00
3.482143e-02 4.080528e+00 1.023378e+00
3.526786e-02 4.130185e+00 1.014563e+00
3.549108e-02 4.155073e+00 1.010247e+00
3.571429e-02 4.180000e+00 1.006000e+00
3.794643e-02 4.429971e+00 9.657741e-01
3.906250e-02 4.555648e+00 9.470786e-01
3.962053e-02 4.618725e+00 9.381087e-01
3.989955e-02 4.650335e+00 9.337212e-01
4.017857e-02 4.682000e+00 9.294000e-01
4.241072e-02 4.936564e+00 8.958147e-01
4.352679e-02 5.064553e+00 8.798397e-01
4.408482e-02 5.128721e+00 8.721154e-01
4.436384e-02 5.160847e+00 8.683294e-01
4.464286e-02 5.193000e+00 8.646000e-01
4.687500e-02 5.450599e+00 8.358782e-01
4.799107e-02 5.579680e+00 8.222858e-01
4.854910e-02 5.644307e+00 8.157112e-01
4.882812e-02 5.676645e+00 8.124842e-01
4.910714e-02 5.709000e+00 8.093000e-01
5.133928e-02 5.968247e+00 7.845609e-01
5.245536e-02 6.098070e+00 7.727461e-01
5.301339e-02 6.163024e+00 7.670081e-01
5.329241e-02 6.195509e+00 7.641867e-01
5.357143e-02 6.228000e+00 7.614000e-01
5.580357e-02 6.488033e+00 7.397363e-01
5.691964e-02 6.618045e+00 7.293726e-01
5.747767e-02 6.683033e+00 7.243323e-01
5.803571e-02 6.748000e+00 7.194000e-01
6.026785e-02 7.007720e+00 7.002781e-01
6.138393e-02 7.137434e+00 6.911235e-01
6.194196e-02 7.202239e+00 6.866666e-01
6.250000e-02 7.267000e+00 6.823000e-01
6.473214e-02 7.525829e+00 6.653290e-01
6.584822e-02 7.655025e+00 6.571776e-01
6.640625e-02 7.719545e+00 6.532013e-01
6.696429e-02 7.784000e+00 6.493000e-01
6.919643e-02 8.041508e+00 6.341047e-01
7.031250e-02 8.169928e+00 6.267862e-01
7.087053e-02 8.234016e+00 6.232110e-01
7.142857e-02 8.298000e+00 6.197000e-01
7.589285e-02 8.807924e+00 5.929456e-01
7.812500e-02 9.060931e+00 5.804717e-01
7.924107e-02 9.186751e+00 5.744920e-01
7.979910e-02 9.249454e+00 5.715716e-01
8.035714e-02 9.312000e+00 5.687000e-01
8.482143e-02 9.809485e+00 5.465676e-01
8.705357e-02 1.005582e+01 5.361241e-01
8.816964e-02 1.017822e+01 5.310905e-01
8.872767e-02 1.023919e+01 5.286262e-01
8.928571e-02 1.030000e+01 5.262000e-01
9.375000e-02 1.078362e+01 5.074959e-01
9.598214e-02 1.102296e+01 4.986453e-01
9.709822e-02 1.114181e+01 4.943675e-01
9.765625e-02 1.120099e+01 4.922692e-01
9.821429e-02 1.126000e+01 4.902000e-01
1.026786e-01 1.172880e+01 4.741532e-01
1.049107e-01 1.196057e+01 4.665140e-01
1.060268e-01 1.207561e+01 4.628118e-01
1.071429e-01 1.219000e+01 4.592000e-01
1.116072e-01 1.264388e+01 4.452762e-01
1.138393e-01 1.286812e+01 4.386533e-01
1.149553e-01 1.297939e+01 4.354402e-01
1.160714e-01 1.309000e+01 4.323000e-01
1.205357e-01 1.352949e+01 4.201292e-01
1.227678e-01 1.374625e+01 4.143063e-01
1.238839e-01 1.385358e+01 4.114733e-01
1.250000e-01 1.396000e+01 4.087000e-01
1.339285e-01 1.479029e+01 3.877566e-01
1.383928e-01 1.519088e+01 3.781119e-01
1.406250e-01 1.538699e+01 3.735220e-01
1.417410e-01 1.548390e+01 3.712892e-01
1.428571e-01 1.558000e+01 3.691000e-01
1.517857e-01 1.633652e+01 3.523364e-01
1.562500e-01 1.670357e+01 3.444965e-01
1.584821e-01 1.688332e+01 3.407377e-01
1.595982e-01 1.697208e+01 3.389028e-01
1.607143e-01 1.706000e+01 3.371000e-01
1.696429e-01 1.774619e+01 3.232621e-01
1.741071e-01 1.807763e+01 3.167612e-01
1.763393e-01 1.824003e+01 3.136343e-01
1.785714e-01 1.840000e+01 3.106000e-01
1.875000e-01 1.902903e+01 2.989790e-01
1.919643e-01 1.933405e+01 2.935050e-01
1.941965e-01 1.948334e+01 2.908661e-01
1.964286e-01 1.963000e+01 2.883000e-01
2.053571e-01 2.019975e+01 2.784385e-01
2.098214e-01 2.047401e+01 2.737669e-01
2.120536e-01 2.060811e+01 2.715058e-01
2.142857e-01 2.074000e+01 2.693000e-01
2.232143e-01 2.125721e+01 2.607657e-01
2.276786e-01 2.150744e+01 2.566990e-01
2.299107e-01 2.162982e+01 2.547264e-01
2.321429e-01 2.175000e+01 2.528000e-01
2.410715e-01 2.221692e+01 2.453582e-01
2.455357e-01 2.244178e+01 2.418099e-01
2.500000e-01 2.266000e+01 2.384000e-01
2.589286e-01 2.308474e+01 2.318450e-01
2.633928e-01 2.329019e+01 2.287149e-01
2.678571e-01 2.349000e+01 2.257000e-01
2.767857e-01 2.387928e+01 2.198863e-01
2.812500e-01 2.406741e+01 2.170976e-01
2.857143e-01 2.425000e+01 2.144000e-01
2.946429e-01 2.460379e+01 2.091575e-01
2.991071e-01 2.477437e+01 2.066356e-01
3.035714e-01 2.494000e+01 2.042000e-01
3.125000e-01 2.526257e+01 1.995178e-01
3.169643e-01 2.541853e+01 1.972732e-01
3.214286e-01 2.557000e+01 1.951000e-01
3.392857e-01 2.614532e+01 1.867894e-01
3.482143e-01 2.641457e+01 1.828900e-01
3.571429e-01 2.667000e+01 1.792000e-01
3.794643e-01 2.727384e+01 1.705917e-01
3.906250e-01 2.755510e+01 1.666226e-01
4.017857e-01 2.782000e+01 1.629000e-01
4.241071e-01 2.831932e+01 1.558762e-01
4.352679e-01 2.855160e+01 1.525973e-01
4.464286e-01 2.877000e+01 1.495000e-01
4.687500e-01 2.917920e+01 1.436451e-01
4.799107e-01 2.936973e+01 1.409019e-01
4.910714e-01 2.955000e+01 1.383000e-01
5.133929e-01 2.989389e+01 1.333553e-01
5.245536e-01 3.005597e+01 1.310236e-01
5.357143e-01 3.021000e+01 1.288000e-01
5.580357e-01 3.050264e+01 1.245507e-01
5.803571e-01 3.077000e+01 1.206000e-01
6.026786e-01 3.101571e+01 1.168669e-01
6.250000e-01 3.124000e+01 1.134000e-01
6.473214e-01 3.145372e+01 1.101375e-01
6.696429e-01 3.165000e+01 1.071000e-01
6.919643e-01 3.182867e+01 1.042090e-01
7.142857e-01 3.199000e+01 1.015000e-01
7.589286e-01 3.228629e+01 9.649611e-02
8.035714e-01 3.254000e+01 9.205000e-02
8.482143e-01 3.275917e+01 8.796625e-02
8.928571e-01 3.294000e+01 8.429000e-02
9.821429e-01 3.322000e+01 7.782000e-02
1.071429e+00 3.340000e+01 7.233000e-02
1.160714e+00 3.352000e+01 6.761000e-02
1.250000e+00 3.357000e+01 6.351000e-02
1.428571e+00 3.352000e+01 5.672000e-02
1.607143e+00 3.333000e+01 5.132000e-02
1.785714e+00 3.303000e+01 4.691000e-02
1.875000e+00 3.284550e+01 4.497750e-02
1.964286e+00 3.267000e+01 4.324000e-02
2.142857e+00 3.243000e+01 4.013000e-02
2.232143e+00 3.222175e+01 3.874075e-02
2.321429e+00 3.197000e+01 3.747000e-02
2.410715e+00 3.170089e+01 3.626689e-02
2.500000e+00 3.144000e+01 3.515000e-02
2.589285e+00 3.121698e+01 3.410313e-02
2.678571e+00 3.101000e+01 3.313000e-02
2.767857e+00 3.078869e+01 3.220140e-02
2.857143e+00 3.056000e+01 3.133000e-02
2.946429e+00 3.033493e+01 3.050380e-02
3.035714e+00 3.011000e+01 2.973000e-02
3.125000e+00 2.988068e+01 2.899342e-02
3.214286e+00 2.965000e+01 2.830000e-02
3.392857e+00 2.919468e+01 2.700076e-02
3.482143e+00 2.897076e+01 2.639772e-02
3.571429e+00 2.875000e+01 2.583000e-02
3.794643e+00 2.820753e+01 2.450393e-02
3.906250e+00 2.794169e+01 2.389260e-02
4.017857e+00 2.768000e+01 2.332000e-02
4.241072e+00 2.716228e+01 2.224245e-02
4.352679e+00 2.690855e+01 2.174142e-02
4.464286e+00 2.666000e+01 2.127000e-02
4.687500e+00 2.617448e+01 2.038491e-02
4.799107e+00 2.593908e+01 1.997177e-02
4.910714e+00 2.571000e+01 1.958000e-02
5.133928e+00 2.526546e+01 1.883037e-02
5.245536e+00 2.505017e+01 1.847642e-02
5.357143e+00 2.484000e+01 1.814000e-02
5.580357e+00 2.442804e+01 1.750492e-02
5.691964e+00 2.422700e+01 1.720593e-02
5.803571e+00 2.403000e+01 1.692000e-02
6.026785e+00 2.364212e+01 1.636704e-02
6.138393e+00 2.345345e+01 1.610304e-02
6.250000e+00 2.327000e+01 1.585000e-02
6.473215e+00 2.291702e+01 1.536785e-02
6.584822e+00 2.274662e+01 1.513928e-02
6.696429e+00 2.258000e+01 1.492000e-02
6.919643e+00 2.225018e+01 1.449733e-02
7.031250e+00 2.208846e+01 1.429503e-02
7.142857e+00 2.193000e+01 1.410000e-02
7.589286e+00 2.132306e+01 1.336582e-02
7.812500e+00 2.103560e+01 1.302708e-02
7.924107e+00 2.089625e+01 1.286567e-02
8.035714e+00 2.076000e+01 1.271000e-02
8.482143e+00 2.023011e+01 1.211706e-02
8.705357e+00 1.997567e+01 1.184045e-02
8.816964e+00 1.985162e+01 1.170802e-02
8.928571e+00 1.973000e+01 1.158000e-02
9.375000e+00 1.925728e+01 1.109355e-02
9.598215e+00 1.902999e+01 1.086591e-02
9.709822e+00 1.891900e+01 1.075641e-02
9.821429e+00 1.881000e+01 1.065000e-02
1.026786e+01 1.838499e+01 1.023959e-02
1.049107e+01 1.817964e+01 1.004520e-02
1.060268e+01 1.807905e+01 9.951323e-03
1.071429e+01 1.798000e+01 9.860000e-03
1.116071e+01 1.759193e+01 9.509771e-03
1.138393e+01 1.740358e+01 9.344174e-03
1.149553e+01 1.731113e+01 9.264094e-03
1.160714e+01 1.722000e+01 9.186000e-03
1.205357e+01 1.686302e+01 8.884024e-03
1.227679e+01 1.668949e+01 8.740088e-03
1.238839e+01 1.660420e+01 8.670236e-03
1.250000e+01 1.652000e+01 8.602000e-03
1.339286e+01 1.586737e+01 8.090115e-03
1.383928e+01 1.555694e+01 7.856568e-03
1.406250e+01 1.540660e+01 7.746041e-03
1.428571e+01 1.526000e+01 7.640000e-03
1.517857e+01 1.469574e+01 7.239617e-03
1.562500e+01 1.442749e+01 7.054453e-03
1.584821e+01 1.429731e+01 6.966159e-03
1.607143e+01 1.417000e+01 6.881000e-03
1.696429e+01 1.367475e+01 6.557193e-03
1.741071e+01 1.343770e+01 6.406232e-03
1.763393e+01 1.332253e+01 6.333936e-03
1.785714e+01 1.321000e+01 6.264000e-03
1.875000e+01 1.277508e+01 5.997353e-03
1.919643e+01 1.256815e+01 5.872391e-03
1.941964e+01 1.246786e+01 5.812313e-03
1.964286e+01 1.237000e+01 5.754000e-03
2.053571e+01 1.199170e+01 5.530235e-03
2.098214e+01 1.181189e+01 5.424601e-03
2.120536e+01 1.172484e+01 5.373617e-03
2.142857e+01 1.164000e+01 5.324000e-03
2.232143e+01 1.131170e+01 5.133001e-03
2.276786e+01 1.115664e+01 5.042479e-03
2.299107e+01 1.108211e+01 4.998688e-03
2.321429e+01 1.101000e+01 4.956000e-03
2.410714e+01 1.073673e+01 4.791351e-03
2.455357e+01 1.060965e+01 4.713052e-03
2.477679e+01 1.054883e+01 4.675085e-03
2.500000e+01 1.049000e+01 4.638000e-03
2.589286e+01 1.026366e+01 4.494439e-03
2.633928e+01 1.015819e+01 4.425892e-03
2.678571e+01 1.006000e+01 4.360000e-03
2.767857e+01 9.882468e+00 4.233491e-03
2.812500e+01 9.801785e+00 4.173128e-03
2.857143e+01 9.726000e+00 4.115000e-03
2.946429e+01 9.587858e+00 4.002749e-03
2.991071e+01 9.518111e+00 3.948941e-03
3.035714e+01 9.443000e+00 3.897000e-03
3.125000e+01 9.262824e+00 3.796666e-03
3.169643e+01 9.164921e+00 3.748520e-03
3.191964e+01 9.115287e+00 3.725039e-03
3.214286e+01 9.066000e+00 3.702000e-03
3.392857e+01 8.711562e+00 3.526600e-03
3.482143e+01 8.554310e+00 3.444942e-03
3.526786e+01 8.479972e+00 3.405838e-03
3.571429e+01 8.408000e+00 3.368000e-03
3.794643e+01 8.053743e+00 3.189070e-03
3.906250e+01 7.884168e+00 3.106369e-03
3.962054e+01 7.802304e+00 3.066967e-03
3.989955e+01 7.762290e+00 3.047796e-03
4.017857e+01 7.723000e+00 3.029000e-03
4.241071e+01 7.424897e+00 2.885346e-03
4.352679e+01 7.286162e+00 2.818264e-03
4.408482e+01 7.219597e+00 2.786114e-03
4.464286e+01 7.155000e+00 2.755000e-03
4.687500e+01 6.906145e+00 2.636310e-03
4.799107e+01 6.788318e+00 2.580682e-03
4.854910e+01 6.731399e+00 2.553944e-03
4.910714e+01 6.676000e+00 2.528000e-03
5.133929e+01 6.463051e+00 2.428532e-03
5.245536e+01 6.362249e+00 2.381628e-03
5.301339e+01 6.313507e+00 2.359005e-03
5.357143e+01 6.266000e+00 2.337000e-03
5.580357e+01 6.082758e+00 2.252377e-03
5.691964e+01 5.995590e+00 2.212294e-03
5.747768e+01 5.953310e+00 2.192904e-03
5.803571e+01 5.912000e+00 2.174000e-03
6.026785e+01 5.751952e+00 2.101006e-03
6.138393e+01 5.675495e+00 2.066278e-03
6.194196e+01 5.638340e+00 2.049441e-03
6.250000e+01 5.602000e+00 2.033000e-03
6.473215e+01 5.461543e+00 1.969422e-03
6.584822e+01 5.394209e+00 1.939107e-03
6.640625e+01 5.361328e+00 1.924388e-03
6.696429e+01 5.329000e+00 1.910000e-03
6.919643e+01 5.202150e+00 1.854315e-03
7.031250e+01 5.140681e+00 1.827677e-03
7.087053e+01 5.110584e+00 1.814708e-03
7.142857e+01 5.081000e+00 1.802000e-03
7.589285e+01 4.855405e+00 1.705427e-03
7.812500e+01 4.750504e+00 1.660754e-03
7.924107e+01 4.700381e+00 1.639480e-03
7.979910e+01 4.675961e+00 1.629135e-03
8.035714e+01 4.652000e+00 1.619000e-03
8.482143e+01 4.468676e+00 1.541819e-03
8.705357e+01 4.382945e+00 1.505878e-03
8.816964e+01 4.341822e+00 1.488663e-03
8.928571e+01 4.302000e+00 1.472000e-03
9.375000e+01 4.149986e+00 1.408297e-03
9.598215e+01 4.078649e+00 1.378375e-03
9.709822e+01 4.044328e+00 1.363978e-03
9.821429e+01 4.011000e+00 1.350000e-03
1.026786e+02 3.883049e+00 1.296380e-03
1.049107e+02 3.822604e+00 1.271081e-03
1.060268e+02 3.793416e+00 1.258875e-03
1.071429e+02 3.765000e+00 1.247000e-03
1.116071e+02 3.655564e+00 1.201254e-03
1.138393e+02 3.603648e+00 1.179610e-03
1.149553e+02 3.578515e+00 1.169162e-03
1.160714e+02 3.554000e+00 1.159000e-03
1.205357e+02 3.459313e+00 1.120074e-03
1.227678e+02 3.414228e+00 1.101646e-03
1.238839e+02 3.392358e+00 1.092719e-03
1.250000e+02 3.371000e+00 1.084000e-03
1.339286e+02 3.210790e+00 1.018078e-03
1.383928e+02 3.137721e+00 9.878104e-04
1.406250e+02 3.103154e+00 9.734629e-04
1.417410e+02 3.086394e+00 9.665046e-04
1.428571e+02 3.070000e+00 9.597000e-04
1.517857e+02 2.945173e+00 9.080814e-04
1.562500e+02 2.887264e+00 8.842207e-04
1.584821e+02 2.859636e+00 8.728529e-04
1.607143e+02 2.833000e+00 8.619000e-04
1.785714e+02 2.641000e+00 7.829000e-04
