4.166667e-03 7.659000e-01 9.583000e-01
4.583333e-03 7.944000e-01 9.153000e-01
4.791666e-03 8.075600e-01 8.954000e-01
4.895833e-03 8.138676e-01 8.858935e-01
5.000000e-03 8.200000e-01 8.767000e-01
5.208334e-03 8.320350e-01 8.587845e-01
5.312500e-03 8.379204e-01 8.501190e-01
5.416667e-03 8.437000e-01 8.417000e-01
5.625000e-03 8.550336e-01 8.253530e-01
5.729166e-03 8.605991e-01 8.174627e-01
5.833333e-03 8.661000e-01 8.098000e-01
6.041666e-03 8.770129e-01 7.949124e-01
6.145833e-03 8.824234e-01 7.877114e-01
6.250000e-03 8.878000e-01 7.807000e-01
6.458333e-03 8.984883e-01 7.670130e-01
6.562500e-03 9.038034e-01 7.603724e-01
6.666667e-03 9.091000e-01 7.539000e-01
6.875000e-03 9.196670e-01 7.412888e-01
6.979166e-03 9.249379e-01 7.351706e-01
7.083333e-03 9.302000e-01 7.292000e-01
7.291667e-03 9.406984e-01 7.175240e-01
7.395833e-03 9.459461e-01 7.118455e-01
7.500000e-03 9.512000e-01 7.063000e-01
7.916666e-03 9.722894e-01 6.849856e-01
8.125000e-03 9.829075e-01 6.748777e-01
8.229166e-03 9.882428e-01 6.699810e-01
8.333333e-03 9.936000e-01 6.652000e-01
8.854166e-03 1.020646e+00 6.422158e-01
9.114583e-03 1.034291e+00 6.313529e-01
9.244792e-03 1.041139e+00 6.261070e-01
9.375000e-03 1.048000e+00 6.210000e-01
9.895835e-03 1.075367e+00 6.013355e-01
1.015625e-02 1.089120e+00 5.920115e-01
1.028646e-02 1.096038e+00 5.874995e-01
1.041667e-02 1.103000e+00 5.831000e-01
1.093750e-02 1.131199e+00 5.661346e-01
1.119791e-02 1.145516e+00 5.580574e-01
1.132812e-02 1.152736e+00 5.541356e-01
1.145833e-02 1.160000e+00 5.503000e-01
1.197916e-02 1.189258e+00 5.354056e-01
1.223958e-02 1.204052e+00 5.282714e-01
1.236979e-02 1.211504e+00 5.247993e-01
1.250000e-02 1.219000e+00 5.214000e-01
1.302084e-02 1.249296e+00 5.082176e-01
1.328125e-02 1.264600e+00 5.018991e-01
1.341146e-02 1.272289e+00 4.988198e-01
1.354167e-02 1.280000e+00 4.958000e-01
1.406250e-02 1.310839e+00 4.840383e-01
1.432292e-02 1.326352e+00 4.783773e-01
1.445312e-02 1.334154e+00 4.756133e-01
1.458333e-02 1.342000e+00 4.729000e-01
1.510416e-02 1.373651e+00 4.623272e-01
1.536458e-02 1.389712e+00 4.572335e-01
1.549479e-02 1.397823e+00 4.547447e-01
1.562500e-02 1.406000e+00 4.523000e-01
1.614584e-02 1.439206e+00 4.427663e-01
1.640625e-02 1.456039e+00 4.381648e-01
1.653646e-02 1.464505e+00 4.359136e-01
1.666667e-02 1.473000e+00 4.337000e-01
1.770833e-02 1.541000e+00 4.167662e-01
1.822917e-02 1.575296e+00 4.088271e-01
1.848958e-02 1.592582e+00 4.050083e-01
1.861979e-02 1.601272e+00 4.031398e-01
1.875000e-02 1.610000e+00 4.013000e-01
1.979166e-02 1.680715e+00 3.870695e-01
2.031250e-02 1.716646e+00 3.803264e-01
2.057291e-02 1.734768e+00 3.770692e-01
2.070312e-02 1.743870e+00 3.754728e-01
2.083333e-02 1.753000e+00 3.739000e-01
2.187500e-02 1.826488e+00 3.617665e-01
2.239583e-02 1.863588e+00 3.560104e-01
2.265625e-02 1.882250e+00 3.532221e-01
2.291667e-02 1.901000e+00 3.505000e-01
2.395834e-02 1.976543e+00 3.399541e-01
2.447917e-02 2.014646e+00 3.349240e-01
2.473958e-02 2.033790e+00 3.324834e-01
2.500000e-02 2.053000e+00 3.301000e-01
2.604166e-02 2.130197e+00 3.209047e-01
2.656250e-02 2.169015e+00 3.165197e-01
2.682291e-02 2.188486e+00 3.143878e-01
2.708333e-02 2.208000e+00 3.123000e-01
2.812500e-02 2.286292e+00 3.041747e-01
2.864583e-02 2.325587e+00 3.002702e-01
2.890625e-02 2.345278e+00 2.983664e-01
2.916667e-02 2.365000e+00 2.965000e-01
3.125000e-02 2.523521e+00 2.823650e-01
3.229166e-02 2.603157e+00 2.758288e-01
3.281250e-02 2.643056e+00 2.727103e-01
3.307291e-02 2.663023e+00 2.711911e-01
3.333333e-02 2.683000e+00 2.697000e-01
3.541666e-02 2.843057e+00 2.582482e-01
3.645833e-02 2.923084e+00 2.528764e-01
3.697917e-02 2.963064e+00 2.502974e-01
3.723958e-02 2.983039e+00 2.490379e-01
3.750000e-02 3.003000e+00 2.478000e-01
3.958333e-02 3.162376e+00 2.383072e-01
4.062500e-02 3.241804e+00 2.338428e-01
4.114584e-02 3.281435e+00 2.316916e-01
4.140625e-02 3.301226e+00 2.306380e-01
4.166667e-02 3.321000e+00 2.296000e-01
4.375000e-02 3.478931e+00 2.215601e-01
4.479166e-02 3.557613e+00 2.177431e-01
4.531250e-02 3.596850e+00 2.158973e-01
4.557291e-02 3.616437e+00 2.149922e-01
4.583333e-02 3.636000e+00 2.141000e-01
4.791666e-02 3.792138e+00 2.072081e-01
4.895833e-02 3.869789e+00 2.039349e-01
4.947917e-02 3.908460e+00 2.023487e-01
5.000000e-02 3.947000e+00 2.008000e-01
5.208334e-02 4.100318e+00 1.948069e-01
5.312500e-02 4.176399e+00 1.919472e-01
5.364584e-02 4.214266e+00 1.905582e-01
5.416667e-02 4.252000e+00 1.892000e-01
5.625000e-02 4.402256e+00 1.839420e-01
5.729167e-02 4.476861e+00 1.814261e-01
5.781250e-02 4.513996e+00 1.802009e-01
5.833333e-02 4.551000e+00 1.790000e-01
6.041667e-02 4.698336e+00 1.743201e-01
6.145833e-02 4.771435e+00 1.720708e-01
6.197917e-02 4.807794e+00 1.709744e-01
6.250000e-02 4.844000e+00 1.699000e-01
6.458333e-02 4.987923e+00 1.657335e-01
6.562500e-02 5.059238e+00 1.637339e-01
6.614584e-02 5.094696e+00 1.627581e-01
6.666667e-02 5.130000e+00 1.618000e-01
6.875000e-02 5.270334e+00 1.580577e-01
6.979167e-02 5.339909e+00 1.562512e-01
7.031250e-02 5.374521e+00 1.553679e-01
7.083333e-02 5.409000e+00 1.545000e-01
7.291666e-02 5.546319e+00 1.511148e-01
7.395833e-02 5.614429e+00 1.494821e-01
7.447917e-02 5.648294e+00 1.486840e-01
7.500000e-02 5.682000e+00 1.479000e-01
7.916666e-02 5.948239e+00 1.419319e-01
8.125000e-02 6.078741e+00 1.391433e-01
8.229166e-02 6.143184e+00 1.378026e-01
8.281250e-02 6.175176e+00 1.371464e-01
8.333333e-02 6.207000e+00 1.365000e-01
8.854166e-02 6.520747e+00 1.302767e-01
9.114583e-02 6.673975e+00 1.273558e-01
9.244792e-02 6.749439e+00 1.259548e-01
9.309896e-02 6.786841e+00 1.252712e-01
9.375000e-02 6.824000e+00 1.246000e-01
9.895835e-02 7.116976e+00 1.194748e-01
1.015625e-01 7.260009e+00 1.170750e-01
1.028646e-01 7.330434e+00 1.159209e-01
1.041667e-01 7.400000e+00 1.148000e-01
1.093750e-01 7.673473e+00 1.104823e-01
1.119791e-01 7.806733e+00 1.084412e-01
1.132812e-01 7.872285e+00 1.074567e-01
1.145833e-01 7.937000e+00 1.065000e-01
1.197916e-01 8.191184e+00 1.028386e-01
1.223958e-01 8.314983e+00 1.011102e-01
1.236979e-01 8.375877e+00 1.002747e-01
1.250000e-01 8.436000e+00 9.946000e-02
1.302084e-01 8.672381e+00 9.630675e-02
1.328125e-01 8.787522e+00 9.480300e-02
1.341146e-01 8.844135e+00 9.407313e-02
1.354167e-01 8.900000e+00 9.336000e-02
1.406250e-01 9.119254e+00 9.060176e-02
1.432291e-01 9.225895e+00 8.928540e-02
1.445312e-01 9.278300e+00 8.864575e-02
1.458333e-01 9.330000e+00 8.802000e-02
1.510416e-01 9.532718e+00 8.559290e-02
1.536458e-01 9.631419e+00 8.443050e-02
1.549479e-01 9.679996e+00 8.386452e-02
1.562500e-01 9.728000e+00 8.331000e-02
1.614584e-01 9.917567e+00 8.115483e-02
1.640625e-01 1.000998e+01 8.011979e-02
1.666667e-01 1.010000e+01 7.912000e-02
1.770834e-01 1.044014e+01 7.535489e-02
1.822917e-01 1.059900e+01 7.361412e-02
1.848958e-01 1.067550e+01 7.278302e-02
1.875000e-01 1.075000e+01 7.198000e-02
1.979166e-01 1.103975e+01 6.891140e-02
2.031250e-01 1.117795e+01 6.747222e-02
2.057291e-01 1.124485e+01 6.678064e-02
2.083333e-01 1.131000e+01 6.611000e-02
2.187500e-01 1.156048e+01 6.354463e-02
2.239584e-01 1.167839e+01 6.233744e-02
2.291667e-01 1.179000e+01 6.119000e-02
2.395834e-01 1.199893e+01 5.900878e-02
2.447917e-01 1.209671e+01 5.798037e-02
2.500000e-01 1.219000e+01 5.700000e-02
2.604167e-01 1.237165e+01 5.512732e-02
2.656250e-01 1.245805e+01 5.423968e-02
2.708333e-01 1.254000e+01 5.339000e-02
2.812500e-01 1.269247e+01 5.176019e-02
2.864583e-01 1.276318e+01 5.098447e-02
2.916667e-01 1.283000e+01 5.024000e-02
3.125000e-01 1.307810e+01 4.746083e-02
3.229167e-01 1.318930e+01 4.619075e-02
3.333333e-01 1.329000e+01 4.501000e-02
3.541667e-01 1.347035e+01 4.280962e-02
3.645833e-01 1.354937e+01 4.179354e-02
3.750000e-01 1.362000e+01 4.084000e-02
3.958333e-01 1.374594e+01 3.904073e-02
4.166667e-01 1.385000e+01 3.741000e-02
4.375000e-01 1.393833e+01 3.591428e-02
4.583333e-01 1.401000e+01 3.456000e-02
5.000000e-01 1.412000e+01 3.213000e-02
5.416667e-01 1.419000e+01 3.005000e-02
5.833333e-01 1.422000e+01 2.823000e-02
6.250000e-01 1.422000e+01 2.664000e-02
6.666667e-01 1.421000e+01 2.523000e-02
7.083333e-01 1.418000e+01 2.397000e-02
7.500000e-01 1.414000e+01 2.284000e-02
8.333333e-01 1.402000e+01 2.088000e-02
8.854167e-01 1.393470e+01 1.981946e-02
9.375000e-01 1.384000e+01 1.889000e-02
9.895835e-01 1.373779e+01 1.803784e-02
1.041667e+00 1.363000e+01 1.727000e-02
1.093750e+00 1.352113e+01 1.655703e-02
1.145833e+00 1.341000e+01 1.591000e-02
1.197917e+00 1.329647e+01 1.531333e-02
1.250000e+00 1.318000e+01 1.477000e-02
1.302083e+00 1.306072e+01 1.426023e-02
1.354167e+00 1.294000e+01 1.379000e-02
1.406250e+00 1.281985e+01 1.334893e-02
1.458333e+00 1.270000e+01 1.294000e-02
1.510417e+00 1.257935e+01 1.255192e-02
1.562500e+00 1.246000e+01 1.219000e-02
1.614583e+00 1.234404e+01 1.184855e-02
1.666667e+00 1.223000e+01 1.153000e-02
1.770833e+00 1.199673e+01 1.093754e-02
1.822917e+00 1.188152e+01 1.066490e-02
1.875000e+00 1.177000e+01 1.041000e-02
1.979167e+00 1.156424e+01 9.932110e-03
2.031250e+00 1.146646e+01 9.710143e-03
2.083333e+00 1.137000e+01 9.501000e-03
2.187500e+00 1.117239e+01 9.105553e-03
2.239584e+00 1.107172e+01 8.920399e-03
2.291667e+00 1.097000e+01 8.745000e-03
2.395834e+00 1.076227e+01 8.412363e-03
2.447917e+00 1.065960e+01 8.255900e-03
2.500000e+00 1.056000e+01 8.107000e-03
2.604166e+00 1.037339e+01 7.822800e-03
2.656250e+00 1.028523e+01 7.688369e-03
2.708333e+00 1.020000e+01 7.560000e-03
2.812500e+00 1.003215e+01 7.314784e-03
2.864584e+00 9.949866e+00 7.198452e-03
2.916667e+00 9.869000e+00 7.087000e-03
3.125000e+00 9.554463e+00 6.671035e-03
3.229166e+00 9.403537e+00 6.481182e-03
3.281250e+00 9.330020e+00 6.391289e-03
3.333333e+00 9.258000e+00 6.305000e-03
3.541666e+00 8.978204e+00 5.978674e-03
3.645833e+00 8.844139e+00 5.827580e-03
3.697917e+00 8.778887e+00 5.755510e-03
3.750000e+00 8.715000e+00 5.686000e-03
3.958334e+00 8.467104e+00 5.421997e-03
4.062500e+00 8.348387e+00 5.298968e-03
4.114584e+00 8.290599e+00 5.240035e-03
4.166667e+00 8.234000e+00 5.183000e-03
4.375000e+00 8.014178e+00 4.965168e-03
4.479166e+00 7.908743e+00 4.862929e-03
4.531250e+00 7.857364e+00 4.813747e-03
4.583333e+00 7.807000e+00 4.766000e-03
4.791666e+00 7.611074e+00 4.582796e-03
4.895833e+00 7.516940e+00 4.496328e-03
4.947917e+00 7.471029e+00 4.454602e-03
5.000000e+00 7.426000e+00 4.414000e-03
5.208334e+00 7.250803e+00 4.257807e-03
5.312500e+00 7.166534e+00 4.183776e-03
5.364584e+00 7.125392e+00 4.147947e-03
5.416667e+00 7.085000e+00 4.113000e-03
5.625000e+00 6.927414e+00 3.977955e-03
5.729166e+00 6.851483e+00 3.913651e-03
5.781250e+00 6.814400e+00 3.882462e-03
5.833333e+00 6.778000e+00 3.852000e-03
6.041666e+00 6.636397e+00 3.734211e-03
6.145833e+00 6.568176e+00 3.678012e-03
6.197917e+00 6.534812e+00 3.650709e-03
6.250000e+00 6.502000e+00 3.624000e-03
6.458334e+00 6.373594e+00 3.520488e-03
6.562500e+00 6.311427e+00 3.470887e-03
6.666667e+00 6.251000e+00 3.423000e-03
6.875000e+00 6.133724e+00 3.330307e-03
6.979166e+00 6.077080e+00 3.285857e-03
7.083333e+00 6.022000e+00 3.243000e-03
7.291666e+00 5.914633e+00 3.160586e-03
7.395833e+00 5.862622e+00 3.121127e-03
7.500000e+00 5.812000e+00 3.083000e-03
7.916666e+00 5.618706e+00 2.938114e-03
8.125000e+00 5.527699e+00 2.870596e-03
8.229166e+00 5.483778e+00 2.838267e-03
8.333333e+00 5.441000e+00 2.807000e-03
8.854166e+00 5.236080e+00 2.659643e-03
9.114583e+00 5.139636e+00 2.591653e-03
9.244792e+00 5.093167e+00 2.559252e-03
9.375000e+00 5.048000e+00 2.528000e-03
9.895835e+00 4.874519e+00 2.408919e-03
1.015625e+01 4.792419e+00 2.353345e-03
1.028646e+01 4.752713e+00 2.326731e-03
1.041667e+01 4.714000e+00 2.301000e-03
1.093750e+01 4.564538e+00 2.203150e-03
1.119792e+01 4.493347e+00 2.157369e-03
1.132812e+01 4.458787e+00 2.135364e-03
1.145833e+01 4.425000e+00 2.114000e-03
1.197917e+01 4.294184e+00 2.031836e-03
1.223958e+01 4.231521e+00 1.992994e-03
1.236979e+01 4.200973e+00 1.974244e-03
1.250000e+01 4.171000e+00 1.956000e-03
1.302083e+01 4.053936e+00 1.885906e-03
1.328125e+01 3.997532e+00 1.852716e-03
1.341146e+01 3.970002e+00 1.836660e-03
1.354167e+01 3.943000e+00 1.821000e-03
1.406250e+01 3.838256e+00 1.760457e-03
1.432292e+01 3.787875e+00 1.731629e-03
1.445312e+01 3.763238e+00 1.717649e-03
1.458333e+01 3.739000e+00 1.704000e-03
1.510417e+01 3.643950e+00 1.651344e-03
1.536458e+01 3.597850e+00 1.626214e-03
1.549479e+01 3.575249e+00 1.613985e-03
1.562500e+01 3.553000e+00 1.602000e-03
1.614583e+01 3.465995e+00 1.555186e-03
1.640625e+01 3.423898e+00 1.532680e-03
1.653646e+01 3.403282e+00 1.521721e-03
1.666667e+01 3.383000e+00 1.511000e-03
1.770833e+01 3.227674e+00 1.430844e-03
1.822917e+01 3.154884e+00 1.394206e-03
1.848958e+01 3.119913e+00 1.376793e-03
1.861979e+01 3.102817e+00 1.368318e-03
1.875000e+01 3.086000e+00 1.360000e-03
1.979167e+01 2.956183e+00 1.295805e-03
2.031250e+01 2.894982e+00 1.265581e-03
2.057291e+01 2.865540e+00 1.251060e-03
2.083333e+01 2.837000e+00 1.237000e-03
2.187500e+01 2.727975e+00 1.183530e-03
2.239583e+01 2.677009e+00 1.158568e-03
2.265625e+01 2.652597e+00 1.146596e-03
2.291667e+01 2.629000e+00 1.135000e-03
2.395833e+01 2.538891e+00 1.090734e-03
2.447917e+01 2.497039e+00 1.069884e-03
2.473958e+01 2.477124e+00 1.059815e-03
2.500000e+01 2.458000e+00 1.050000e-03
2.604167e+01 2.386154e+00 1.011941e-03
2.656250e+01 2.353323e+00 9.938190e-04
2.682291e+01 2.337820e+00 9.850462e-04
2.708333e+01 2.323000e+00 9.765000e-04
2.812500e+01 2.268835e+00 9.437008e-04
2.864583e+01 2.243613e+00 9.281644e-04
2.890625e+01 2.231275e+00 9.206420e-04
2.916667e+01 2.219000e+00 9.133000e-04
3.125000e+01 2.114758e+00 8.581119e-04
3.229166e+01 2.061699e+00 8.328926e-04
3.281250e+01 2.035539e+00 8.209534e-04
3.307291e+01 2.022665e+00 8.151636e-04
3.333333e+01 2.010000e+00 8.095000e-04
3.541666e+01 1.914747e+00 7.663999e-04
3.645833e+01 1.870967e+00 7.464173e-04
3.697917e+01 1.850118e+00 7.368866e-04
3.723958e+01 1.839966e+00 7.322480e-04
3.750000e+01 1.830000e+00 7.277000e-04
3.958334e+01 1.753282e+00 6.929736e-04
4.062500e+01 1.717187e+00 6.767724e-04
4.114584e+01 1.699829e+00 6.690104e-04
4.166667e+01 1.683000e+00 6.615000e-04
4.375000e+01 1.618692e+00 6.328472e-04
4.479166e+01 1.588537e+00 6.194179e-04
4.531250e+01 1.574048e+00 6.129630e-04
4.583333e+01 1.560000e+00 6.067000e-04
4.791666e+01 1.506360e+00 5.826885e-04
4.895833e+01 1.481094e+00 5.713682e-04
4.947917e+01 1.468892e+00 5.659091e-04
5.000000e+01 1.457000e+00 5.606000e-04
5.208334e+01 1.410993e+00 5.401874e-04
5.312500e+01 1.389055e+00 5.305246e-04
5.364584e+01 1.378406e+00 5.258528e-04
5.416667e+01 1.368000e+00 5.213000e-04
5.625000e+01 1.327617e+00 5.037493e-04
5.729166e+01 1.308382e+00 4.954033e-04
5.781250e+01 1.299070e+00 4.913553e-04
5.833333e+01 1.290000e+00 4.874000e-04
6.041666e+01 1.255308e+00 4.720659e-04
6.145833e+01 1.238847e+00 4.647396e-04
6.197917e+01 1.230846e+00 4.611802e-04
6.250000e+01 1.223000e+00 4.577000e-04
6.458334e+01 1.192259e+00 4.442352e-04
6.562500e+01 1.177398e+00 4.377993e-04
6.614584e+01 1.170133e+00 4.346677e-04
6.666667e+01 1.163000e+00 4.316000e-04
6.875000e+01 1.135159e+00 4.196649e-04
6.979166e+01 1.121812e+00 4.139330e-04
7.031250e+01 1.115329e+00 4.111390e-04
7.083333e+01 1.109000e+00 4.084000e-04
7.291666e+01 1.084743e+00 3.977576e-04
7.395833e+01 1.073181e+00 3.926441e-04
7.447917e+01 1.067543e+00 3.901488e-04
7.500000e+01 1.062000e+00 3.877000e-04
7.916666e+01 1.018945e+00 3.690518e-04
8.125000e+01 9.985766e-01 3.603724e-04
8.229166e+01 9.887803e-01 3.562179e-04
8.333333e+01 9.793000e-01 3.522000e-04
8.854166e+01 9.350438e-01 3.332347e-04
9.114583e+01 9.147937e-01 3.244827e-04
9.244792e+01 9.051720e-01 3.203152e-04
9.309896e+01 9.004916e-01 3.182877e-04
9.375000e+01 8.959000e-01 3.163000e-04
9.895835e+01 8.605678e-01 3.010982e-04
1.015625e+02 8.439753e-01 2.939967e-04
1.028646e+02 8.360100e-01 2.905932e-04
1.041667e+02 8.283000e-01 2.873000e-04
1.093750e+02 7.989799e-01 2.747416e-04
1.119792e+02 7.852716e-01 2.688617e-04
1.132812e+02 7.786875e-01 2.660378e-04
1.145833e+02 7.723000e-01 2.633000e-04
1.197917e+02 7.477890e-01 2.528266e-04
1.223958e+02 7.362185e-01 2.478940e-04
1.236979e+02 7.306343e-01 2.455150e-04
1.250000e+02 7.252000e-01 2.432000e-04
1.302083e+02 7.042755e-01 2.342738e-04
1.328125e+02 6.943624e-01 2.300409e-04
1.341146e+02 6.895695e-01 2.279940e-04
1.354167e+02 6.849000e-01 2.260000e-04
1.406250e+02 6.669187e-01 2.183325e-04
1.432292e+02 6.583797e-01 2.146917e-04
1.445312e+02 6.542413e-01 2.129260e-04
1.458333e+02 6.502000e-01 2.112000e-04
1.510417e+02 6.345535e-01 2.044926e-04
1.536458e+02 6.270820e-01 2.012835e-04
1.549479e+02 6.234513e-01 1.997242e-04
1.562500e+02 6.199000e-01 1.982000e-04
1.614583e+02 6.061321e-01 1.923116e-04
1.640625e+02 5.995438e-01 1.895020e-04
1.653646e+02 5.963381e-01 1.881363e-04
1.666667e+02 5.932000e-01 1.868000e-04
1.770833e+02 5.694991e-01 1.767053e-04
1.822917e+02 5.585883e-01 1.720525e-04
1.848958e+02 5.533981e-01 1.698365e-04
1.875000e+02 5.484000e-01 1.677000e-04
1.979167e+02 5.294287e-01 1.595621e-04
2.031250e+02 5.206027e-01 1.557683e-04
2.057291e+02 5.163807e-01 1.539533e-04
2.083333e+02 5.123000e-01 1.522000e-04
2.187500e+02 4.967545e-01 1.455521e-04
2.239583e+02 4.894805e-01 1.424456e-04
2.265625e+02 4.859873e-01 1.409518e-04
2.291667e+02 4.826000e-01 1.395000e-04
2.395833e+02 4.696182e-01 1.338859e-04
2.447917e+02 4.635055e-01 1.312269e-04
2.473958e+02 4.605609e-01 1.299448e-04
2.500000e+02 4.577000e-01 1.287000e-04
2.604167e+02 4.467229e-01 1.239590e-04
2.656250e+02 4.415394e-01 1.217284e-04
2.682291e+02 4.390366e-01 1.206509e-04
2.708333e+02 4.366000e-01 1.196000e-04
2.812500e+02 4.272136e-01 1.155199e-04
2.864583e+02 4.227592e-01 1.135704e-04
2.890625e+02 4.206028e-01 1.126241e-04
2.916667e+02 4.185000e-01 1.117000e-04
3.125000e+02 4.027976e-01 1.048050e-04
3.229167e+02 3.956754e-01 1.016754e-04
3.281250e+02 3.923159e-01 1.001972e-04
3.333333e+02 3.891000e-01 9.878000e-05
3.541667e+02 3.769771e-01 9.342019e-05
3.645833e+02 3.713968e-01 9.094047e-05
3.697917e+02 3.687465e-01 8.975873e-05
3.750000e+02 3.662000e-01 8.862000e-05
4.166667e+02 3.480000e-01 8.041000e-05
