8.333333e-04 3.950000e-01 5.632000e-01
9.166667e-04 4.143000e-01 5.494000e-01
9.583334e-04 4.236275e-01 5.427525e-01
9.791667e-04 4.281979e-01 5.395005e-01
9.895833e-04 4.304578e-01 5.378936e-01
1.000000e-03 4.327000e-01 5.363000e-01
1.041666e-03 4.415827e-01 5.299799e-01
1.062500e-03 4.459654e-01 5.268673e-01
1.083333e-03 4.503000e-01 5.238000e-01
1.125000e-03 4.588735e-01 5.177664e-01
1.145833e-03 4.631074e-01 5.148090e-01
1.166667e-03 4.673000e-01 5.119000e-01
1.208333e-03 4.756275e-01 5.061768e-01
1.229167e-03 4.797397e-01 5.033678e-01
1.250000e-03 4.838000e-01 5.006000e-01
1.291667e-03 4.917801e-01 4.951286e-01
1.312500e-03 4.957090e-01 4.924415e-01
1.333333e-03 4.996000e-01 4.898000e-01
1.375000e-03 5.073518e-01 4.846293e-01
1.395833e-03 5.111940e-01 4.820968e-01
1.416667e-03 5.150000e-01 4.796000e-01
1.458333e-03 5.225155e-01 4.746488e-01
1.479167e-03 5.262251e-01 4.722077e-01
1.500000e-03 5.299000e-01 4.698000e-01
1.583333e-03 5.444317e-01 4.604182e-01
1.625000e-03 5.515715e-01 4.558922e-01
1.645834e-03 5.551015e-01 4.536779e-01
1.666667e-03 5.586000e-01 4.515000e-01
1.770834e-03 5.763815e-01 4.409089e-01
1.822917e-03 5.848218e-01 4.358199e-01
1.848958e-03 5.887882e-01 4.333368e-01
1.875000e-03 5.925000e-01 4.309000e-01
1.979166e-03 6.051109e-01 4.214106e-01
2.031250e-03 6.102686e-01 4.168364e-01
2.083333e-03 6.147000e-01 4.124000e-01
2.187500e-03 6.218844e-01 4.037818e-01
2.239584e-03 6.253217e-01 3.996269e-01
2.291667e-03 6.291000e-01 3.956000e-01
2.395833e-03 6.387704e-01 3.878053e-01
2.447917e-03 6.443927e-01 3.840487e-01
2.500000e-03 6.504000e-01 3.804000e-01
2.604166e-03 6.625474e-01 3.732944e-01
2.656250e-03 6.687245e-01 3.698526e-01
2.708333e-03 6.750000e-01 3.665000e-01
2.812500e-03 6.878565e-01 3.599550e-01
2.864584e-03 6.943700e-01 3.567840e-01
2.916667e-03 7.009000e-01 3.537000e-01
3.020834e-03 7.138900e-01 3.477205e-01
3.072917e-03 7.203248e-01 3.448259e-01
3.125000e-03 7.267000e-01 3.420000e-01
3.229167e-03 7.393514e-01 3.364477e-01
3.281250e-03 7.455779e-01 3.337418e-01
3.333333e-03 7.517000e-01 3.311000e-01
3.541666e-03 7.753925e-01 3.210155e-01
3.645833e-03 7.866810e-01 3.162551e-01
3.697917e-03 7.921555e-01 3.139510e-01
3.750000e-03 7.975000e-01 3.117000e-01
3.958333e-03 8.181915e-01 3.029352e-01
4.062500e-03 8.280222e-01 2.987360e-01
4.114584e-03 8.327749e-01 2.966949e-01
4.166667e-03 8.374000e-01 2.947000e-01
4.375000e-03 8.551450e-01 2.870073e-01
4.479167e-03 8.635217e-01 2.833368e-01
4.583333e-03 8.715000e-01 2.798000e-01
4.791666e-03 8.866892e-01 2.729503e-01
4.895833e-03 8.938597e-01 2.696657e-01
5.000000e-03 9.007000e-01 2.665000e-01
5.208334e-03 9.137764e-01 2.604234e-01
5.312500e-03 9.199733e-01 2.575146e-01
5.416667e-03 9.259000e-01 2.547000e-01
5.625000e-03 9.372326e-01 2.492189e-01
5.729166e-03 9.426220e-01 2.465704e-01
5.833333e-03 9.478000e-01 2.440000e-01
6.250000e-03 9.672253e-01 2.342423e-01
6.458333e-03 9.761862e-01 2.296931e-01
6.666667e-03 9.846000e-01 2.254000e-01
7.083334e-03 1.000419e+00 2.173035e-01
7.291667e-03 1.007864e+00 2.135084e-01
7.500000e-03 1.015000e+00 2.099000e-01
7.916666e-03 1.028818e+00 2.029958e-01
8.125000e-03 1.035494e+00 1.997249e-01
8.333333e-03 1.042000e+00 1.966000e-01
8.750000e-03 1.054690e+00 1.906313e-01
8.958334e-03 1.060891e+00 1.878040e-01
9.166667e-03 1.067000e+00 1.851000e-01
9.583333e-03 1.079054e+00 1.799292e-01
9.791667e-03 1.085033e+00 1.774682e-01
1.000000e-02 1.091000e+00 1.751000e-01
1.041667e-02 1.102921e+00 1.705159e-01
1.062500e-02 1.108927e+00 1.683182e-01
1.083333e-02 1.115000e+00 1.662000e-01
1.125000e-02 1.127412e+00 1.621284e-01
1.145834e-02 1.133696e+00 1.601808e-01
1.166667e-02 1.140000e+00 1.583000e-01
1.208334e-02 1.152465e+00 1.546534e-01
1.229167e-02 1.158704e+00 1.528985e-01
1.250000e-02 1.165000e+00 1.512000e-01
1.291667e-02 1.177898e+00 1.479132e-01
1.312500e-02 1.184437e+00 1.463320e-01
1.333333e-02 1.191000e+00 1.448000e-01
1.375000e-02 1.203906e+00 1.418277e-01
1.395833e-02 1.210394e+00 1.403934e-01
1.416667e-02 1.217000e+00 1.390000e-01
1.458333e-02 1.230729e+00 1.362873e-01
1.479167e-02 1.237804e+00 1.349752e-01
1.500000e-02 1.245000e+00 1.337000e-01
1.583334e-02 1.274120e+00 1.288453e-01
1.625000e-02 1.288942e+00 1.265667e-01
1.645834e-02 1.296437e+00 1.254685e-01
1.666667e-02 1.304000e+00 1.244000e-01
1.770833e-02 1.342312e+00 1.192800e-01
1.822917e-02 1.361931e+00 1.168758e-01
1.848958e-02 1.371900e+00 1.157202e-01
1.875000e-02 1.382000e+00 1.146000e-01
1.979166e-02 1.423375e+00 1.103249e-01
2.031250e-02 1.444543e+00 1.083141e-01
2.057291e-02 1.455238e+00 1.073442e-01
2.083333e-02 1.466000e+00 1.064000e-01
2.187500e-02 1.509197e+00 1.027486e-01
2.239583e-02 1.530991e+00 1.010146e-01
2.265625e-02 1.541963e+00 1.001762e-01
2.291667e-02 1.553000e+00 9.936000e-02
2.395834e-02 1.597585e+00 9.623024e-02
2.447917e-02 1.620172e+00 9.474844e-02
2.473958e-02 1.631553e+00 9.403082e-02
2.500000e-02 1.643000e+00 9.333000e-02
2.604166e-02 1.689300e+00 9.061075e-02
2.656250e-02 1.712627e+00 8.931035e-02
2.682291e-02 1.724313e+00 8.867824e-02
2.708333e-02 1.736000e+00 8.806000e-02
2.812500e-02 1.782511e+00 8.566710e-02
2.864583e-02 1.805732e+00 8.452276e-02
2.890625e-02 1.817355e+00 8.396575e-02
2.916667e-02 1.829000e+00 8.342000e-02
3.020833e-02 1.875940e+00 8.129662e-02
3.072917e-02 1.899488e+00 8.027613e-02
3.098958e-02 1.911254e+00 7.977833e-02
3.125000e-02 1.923000e+00 7.929000e-02
3.229166e-02 1.969626e+00 7.738932e-02
3.281250e-02 1.992824e+00 7.647478e-02
3.307291e-02 2.004411e+00 7.602827e-02
3.333333e-02 2.016000e+00 7.559000e-02
3.541666e-02 2.109545e+00 7.225545e-02
3.645833e-02 2.156400e+00 7.070335e-02
3.697917e-02 2.179754e+00 6.995986e-02
3.723958e-02 2.191394e+00 6.959686e-02
3.750000e-02 2.203000e+00 6.924000e-02
3.958333e-02 2.294778e+00 6.648941e-02
4.062500e-02 2.340076e+00 6.519203e-02
4.114584e-02 2.362582e+00 6.456698e-02
4.166667e-02 2.385000e+00 6.396000e-02
4.375000e-02 2.474540e+00 6.163683e-02
4.479166e-02 2.518978e+00 6.054213e-02
4.531250e-02 2.541055e+00 6.001400e-02
4.583333e-02 2.563000e+00 5.950000e-02
4.791666e-02 2.649853e+00 5.751964e-02
4.895833e-02 2.692670e+00 5.657956e-02
4.947917e-02 2.713901e+00 5.612427e-02
5.000000e-02 2.735000e+00 5.568000e-02
5.208334e-02 2.818802e+00 5.396247e-02
5.312500e-02 2.860164e+00 5.314439e-02
5.364584e-02 2.880659e+00 5.274757e-02
5.416667e-02 2.901000e+00 5.236000e-02
5.625000e-02 2.981416e+00 5.086267e-02
5.729167e-02 3.020977e+00 5.014787e-02
5.781250e-02 3.040563e+00 4.980028e-02
5.833333e-02 3.060000e+00 4.946000e-02
6.250000e-02 3.212705e+00 4.688132e-02
6.458333e-02 3.286830e+00 4.569135e-02
6.562500e-02 3.323190e+00 4.512508e-02
6.614584e-02 3.341169e+00 4.484977e-02
6.666667e-02 3.359000e+00 4.458000e-02
7.083333e-02 3.499044e+00 4.252231e-02
7.291667e-02 3.566956e+00 4.156338e-02
7.395833e-02 3.600242e+00 4.110419e-02
7.500000e-02 3.633000e+00 4.066000e-02
7.916666e-02 3.760985e+00 3.896545e-02
8.125000e-02 3.822871e+00 3.817150e-02
8.229166e-02 3.853178e+00 3.779001e-02
8.333333e-02 3.883000e+00 3.742000e-02
8.750000e-02 3.999659e+00 3.600280e-02
8.958334e-02 4.056122e+00 3.533509e-02
9.062500e-02 4.083781e+00 3.501313e-02
9.166667e-02 4.111000e+00 3.470000e-02
9.583334e-02 4.217484e+00 3.349523e-02
9.791667e-02 4.268990e+00 3.292468e-02
9.895833e-02 4.294204e+00 3.264881e-02
1.000000e-01 4.319000e+00 3.238000e-02
1.041666e-01 4.415813e+00 3.134477e-02
1.062500e-01 4.462586e+00 3.085250e-02
1.072916e-01 4.485481e+00 3.061360e-02
1.083333e-01 4.508000e+00 3.038000e-02
1.125000e-01 4.596085e+00 2.947181e-02
1.145834e-01 4.638671e+00 2.903731e-02
1.166667e-01 4.680000e+00 2.862000e-02
1.208334e-01 4.760039e+00 2.782385e-02
1.229167e-01 4.798595e+00 2.744503e-02
1.250000e-01 4.836000e+00 2.708000e-02
1.291666e-01 4.908765e+00 2.637061e-02
1.312500e-01 4.943902e+00 2.602942e-02
1.333333e-01 4.978000e+00 2.570000e-02
1.375000e-01 5.044174e+00 2.506654e-02
1.395833e-01 5.076072e+00 2.476323e-02
1.416667e-01 5.107000e+00 2.447000e-02
1.458334e-01 5.167042e+00 2.390055e-02
1.479167e-01 5.195974e+00 2.362603e-02
1.500000e-01 5.224000e+00 2.336000e-02
1.583333e-01 5.330270e+00 2.235238e-02
1.625000e-01 5.379635e+00 2.188307e-02
1.666667e-01 5.426000e+00 2.144000e-02
1.770834e-01 5.533648e+00 2.040154e-02
1.822917e-01 5.582684e+00 1.992111e-02
1.875000e-01 5.628000e+00 1.947000e-02
1.979166e-01 5.711908e+00 1.862007e-02
2.031250e-01 5.750001e+00 1.822387e-02
2.083333e-01 5.785000e+00 1.785000e-02
2.187500e-01 5.848937e+00 1.714369e-02
2.291667e-01 5.904000e+00 1.650000e-02
2.395834e-01 5.952626e+00 1.590470e-02
2.500000e-01 5.994000e+00 1.536000e-02
2.604167e-01 6.030474e+00 1.484597e-02
2.708333e-01 6.061000e+00 1.437000e-02
2.916667e-01 6.108000e+00 1.351000e-02
3.125000e-01 6.139000e+00 1.275000e-02
3.333333e-01 6.159000e+00 1.208000e-02
3.750000e-01 6.168000e+00 1.095000e-02
4.166667e-01 6.151000e+00 1.002000e-02
4.583333e-01 6.115000e+00 9.242000e-03
5.000000e-01 6.067000e+00 8.586000e-03
5.416667e-01 6.011000e+00 8.022000e-03
5.625000e-01 5.981152e+00 7.766834e-03
5.833333e-01 5.950000e+00 7.532000e-03
6.250000e-01 5.885299e+00 7.100020e-03
6.458333e-01 5.851944e+00 6.903404e-03
6.666667e-01 5.818000e+00 6.721000e-03
7.083333e-01 5.749278e+00 6.380861e-03
7.291667e-01 5.714671e+00 6.223950e-03
7.500000e-01 5.680000e+00 6.077000e-03
7.916667e-01 5.610727e+00 5.801150e-03
8.125000e-01 5.576259e+00 5.672899e-03
8.333333e-01 5.542000e+00 5.552000e-03
8.750000e-01 5.474120e+00 5.323425e-03
8.958333e-01 5.440468e+00 5.216400e-03
9.166667e-01 5.407000e+00 5.115000e-03
9.583333e-01 5.340141e+00 4.922675e-03
9.791667e-01 5.306932e+00 4.832173e-03
1.000000e+00 5.274000e+00 4.746000e-03
1.041667e+00 5.208909e+00 4.581414e-03
1.062500e+00 5.176789e+00 4.503485e-03
1.083333e+00 5.145000e+00 4.429000e-03
1.125000e+00 5.081918e+00 4.286507e-03
1.145833e+00 5.050770e+00 4.218852e-03
1.166667e+00 5.020000e+00 4.154000e-03
1.208333e+00 4.959428e+00 4.029449e-03
1.229167e+00 4.929575e+00 3.970078e-03
1.250000e+00 4.900000e+00 3.913000e-03
1.291667e+00 4.841025e+00 3.803149e-03
1.312500e+00 4.811836e+00 3.750629e-03
1.333333e+00 4.783000e+00 3.700000e-03
1.375000e+00 4.726394e+00 3.602185e-03
1.395833e+00 4.698555e+00 3.555282e-03
1.416667e+00 4.671000e+00 3.510000e-03
1.458333e+00 4.616076e+00 3.422566e-03
1.479167e+00 4.588883e+00 3.380593e-03
1.500000e+00 4.562000e+00 3.340000e-03
1.583333e+00 4.457261e+00 3.186129e-03
1.625000e+00 4.406530e+00 3.114506e-03
1.645834e+00 4.381609e+00 3.080202e-03
1.666667e+00 4.357000e+00 3.047000e-03
1.770833e+00 4.235113e+00 2.889862e-03
1.822917e+00 4.176289e+00 2.817133e-03
1.848958e+00 4.147751e+00 2.782448e-03
1.875000e+00 4.120000e+00 2.749000e-03
1.979167e+00 4.015960e+00 2.621999e-03
2.031250e+00 3.966831e+00 2.562812e-03
2.057291e+00 3.942801e+00 2.534454e-03
2.083333e+00 3.919000e+00 2.507000e-03
2.187500e+00 3.823525e+00 2.402005e-03
2.239584e+00 3.775741e+00 2.352707e-03
2.265625e+00 3.751860e+00 2.329001e-03
2.291667e+00 3.728000e+00 2.306000e-03
2.395834e+00 3.631119e+00 2.217984e-03
2.447917e+00 3.583611e+00 2.176504e-03
2.473958e+00 3.560480e+00 2.156487e-03
2.500000e+00 3.538000e+00 2.137000e-03
2.604166e+00 3.454507e+00 2.061855e-03
2.656250e+00 3.415562e+00 2.026161e-03
2.682291e+00 3.396645e+00 2.008871e-03
2.708333e+00 3.378000e+00 1.992000e-03
2.812500e+00 3.303134e+00 1.926801e-03
2.864584e+00 3.266175e+00 1.895758e-03
2.890625e+00 3.247957e+00 1.880703e-03
2.916667e+00 3.230000e+00 1.866000e-03
3.020834e+00 3.160396e+00 1.809166e-03
3.072917e+00 3.126795e+00 1.782056e-03
3.098958e+00 3.110298e+00 1.768885e-03
3.125000e+00 3.094000e+00 1.756000e-03
3.229166e+00 3.029449e+00 1.706026e-03
3.281250e+00 2.997864e+00 1.682084e-03
3.307291e+00 2.982324e+00 1.670424e-03
3.333333e+00 2.967000e+00 1.659000e-03
3.541666e+00 2.849729e+00 1.572438e-03
3.645833e+00 2.794562e+00 1.532440e-03
3.697917e+00 2.767938e+00 1.513378e-03
3.750000e+00 2.742000e+00 1.495000e-03
3.958334e+00 2.641636e+00 1.425239e-03
4.062500e+00 2.593823e+00 1.392709e-03
4.114584e+00 2.570636e+00 1.377112e-03
4.166667e+00 2.548000e+00 1.362000e-03
4.375000e+00 2.460511e+00 1.304054e-03
4.479166e+00 2.418876e+00 1.276808e-03
4.531250e+00 2.398696e+00 1.263706e-03
4.583333e+00 2.379000e+00 1.251000e-03
4.791666e+00 2.302959e+00 1.202464e-03
4.895833e+00 2.266749e+00 1.179657e-03
4.947917e+00 2.249176e+00 1.168674e-03
5.000000e+00 2.232000e+00 1.158000e-03
5.208334e+00 2.165438e+00 1.117015e-03
5.312500e+00 2.133617e+00 1.097593e-03
5.364584e+00 2.118143e+00 1.088186e-03
5.416667e+00 2.103000e+00 1.079000e-03
5.625000e+00 2.044272e+00 1.043360e-03
5.729166e+00 2.016134e+00 1.026336e-03
5.781250e+00 2.002429e+00 1.018071e-03
5.833333e+00 1.989000e+00 1.010000e-03
6.250000e+00 1.887082e+00 9.497165e-04
6.458334e+00 1.839993e+00 9.223050e-04
6.562500e+00 1.817578e+00 9.093414e-04
6.614584e+00 1.806679e+00 9.030540e-04
6.666667e+00 1.796000e+00 8.969000e-04
7.083334e+00 1.714659e+00 8.498549e-04
7.291667e+00 1.676755e+00 8.279522e-04
7.395833e+00 1.658591e+00 8.174899e-04
7.447917e+00 1.649721e+00 8.123954e-04
7.500000e+00 1.641000e+00 8.074000e-04
7.916666e+00 1.573740e+00 7.692922e-04
8.125000e+00 1.542041e+00 7.515316e-04
8.229166e+00 1.526789e+00 7.430268e-04
8.333333e+00 1.512000e+00 7.348000e-04
8.750000e+00 1.455612e+00 7.034316e-04
8.958334e+00 1.429142e+00 6.887297e-04
9.062500e+00 1.416394e+00 6.816611e-04
9.166667e+00 1.404000e+00 6.748000e-04
9.583334e+00 1.356291e+00 6.484633e-04
9.791667e+00 1.333657e+00 6.360324e-04
9.895833e+00 1.322696e+00 6.300346e-04
1.000000e+01 1.312000e+00 6.242000e-04
1.041667e+01 1.270690e+00 6.017712e-04
1.062500e+01 1.250975e+00 5.911492e-04
1.072916e+01 1.241388e+00 5.860106e-04
1.083333e+01 1.232000e+00 5.810000e-04
1.125000e+01 1.195454e+00 5.616470e-04
1.145833e+01 1.177912e+00 5.524340e-04
1.156250e+01 1.169368e+00 5.479652e-04
1.166667e+01 1.161000e+00 5.436000e-04
1.208333e+01 1.128535e+00 5.267091e-04
1.229167e+01 1.112986e+00 5.186474e-04
1.239583e+01 1.105416e+00 5.147307e-04
1.250000e+01 1.098000e+00 5.109000e-04
1.291667e+01 1.069192e+00 4.960529e-04
1.312500e+01 1.055362e+00 4.889472e-04
1.322916e+01 1.048617e+00 4.854883e-04
1.333333e+01 1.042000e+00 4.821000e-04
1.375000e+01 1.016269e+00 4.689299e-04
1.395833e+01 1.003860e+00 4.626067e-04
1.406250e+01 9.977835e-01 4.595236e-04
1.416667e+01 9.918000e-01 4.565000e-04
1.458333e+01 9.683023e-01 4.447348e-04
1.479167e+01 9.568957e-01 4.390751e-04
1.489583e+01 9.513034e-01 4.363120e-04
1.500000e+01 9.458000e-01 4.336000e-04
1.583333e+01 9.037448e-01 4.129511e-04
1.625000e+01 8.840521e-01 4.033436e-04
1.645834e+01 8.745866e-01 3.987459e-04
1.656250e+01 8.699568e-01 3.965031e-04
1.666667e+01 8.654000e-01 3.943000e-04
1.770833e+01 8.217350e-01 3.733689e-04
1.822917e+01 8.013552e-01 3.636777e-04
1.848958e+01 7.916080e-01 3.590561e-04
1.861979e+01 7.868588e-01 3.568064e-04
1.875000e+01 7.822000e-01 3.546000e-04
1.979167e+01 7.465746e-01 3.377197e-04
2.031250e+01 7.299798e-01 3.298339e-04
2.057291e+01 7.220500e-01 3.260552e-04
2.070312e+01 7.181878e-01 3.242113e-04
2.083333e+01 7.144000e-01 3.224000e-04
2.187500e+01 6.854168e-01 3.085067e-04
2.239583e+01 6.719307e-01 3.019829e-04
2.265625e+01 6.654964e-01 2.988451e-04
2.291667e+01 6.593000e-01 2.958000e-04
2.395833e+01 6.358345e-01 2.841309e-04
2.447917e+01 6.250274e-01 2.786312e-04
2.473958e+01 6.199058e-01 2.759792e-04
2.500000e+01 6.150000e-01 2.734000e-04
2.604167e+01 5.965669e-01 2.634878e-04
2.656250e+01 5.881832e-01 2.587914e-04
2.682291e+01 5.842447e-01 2.565181e-04
2.708333e+01 5.805000e-01 2.543000e-04
2.812500e+01 5.670513e-01 2.457101e-04
2.864583e+01 5.608573e-01 2.416181e-04
2.890625e+01 5.578274e-01 2.396349e-04
2.916667e+01 5.548000e-01 2.377000e-04
3.020833e+01 5.422285e-01 2.302487e-04
3.072917e+01 5.357254e-01 2.267041e-04
3.098958e+01 5.324262e-01 2.249833e-04
3.125000e+01 5.291000e-01 2.233000e-04
3.229166e+01 5.155399e-01 2.167601e-04
3.281250e+01 5.087949e-01 2.136238e-04
3.307291e+01 5.054698e-01 2.120963e-04
3.333333e+01 5.022000e-01 2.106000e-04
3.541666e+01 4.779200e-01 1.992827e-04
3.645833e+01 4.668856e-01 1.940682e-04
3.697917e+01 4.616496e-01 1.915877e-04
3.723958e+01 4.591017e-01 1.903818e-04
3.750000e+01 4.566000e-01 1.892000e-04
3.958334e+01 4.372215e-01 1.801806e-04
4.062500e+01 4.280678e-01 1.759715e-04
4.114584e+01 4.236647e-01 1.739538e-04
4.140625e+01 4.215135e-01 1.729685e-04
4.166667e+01 4.194000e-01 1.720000e-04
4.375000e+01 4.032369e-01 1.645412e-04
4.479166e+01 3.956672e-01 1.610291e-04
4.531250e+01 3.920295e-01 1.593392e-04
4.583333e+01 3.885000e-01 1.577000e-04
4.791666e+01 3.749746e-01 1.514438e-04
4.895833e+01 3.685893e-01 1.485011e-04
4.947917e+01 3.655049e-01 1.470817e-04
5.000000e+01 3.625000e-01 1.457000e-04
5.208334e+01 3.508878e-01 1.403561e-04
5.312500e+01 3.453711e-01 1.378192e-04
5.364584e+01 3.427014e-01 1.365931e-04
5.416667e+01 3.401000e-01 1.354000e-04
5.625000e+01 3.300996e-01 1.308320e-04
5.729166e+01 3.253516e-01 1.286701e-04
5.781250e+01 3.230495e-01 1.276230e-04
5.833333e+01 3.208000e-01 1.266000e-04
6.250000e+01 3.038188e-01 1.188549e-04
6.458334e+01 2.960311e-01 1.152984e-04
6.562500e+01 2.923405e-01 1.136139e-04
6.614584e+01 2.905506e-01 1.127976e-04
6.666667e+01 2.888000e-01 1.120000e-04
7.083334e+01 2.755142e-01 1.059747e-04
7.291667e+01 2.693639e-01 1.031977e-04
7.395833e+01 2.664301e-01 1.018751e-04
7.447917e+01 2.650015e-01 1.012314e-04
7.500000e+01 2.636000e-01 1.006000e-04
7.916666e+01 2.528590e-01 9.575603e-05
8.125000e+01 2.478354e-01 9.348841e-05
8.229166e+01 2.454280e-01 9.240136e-05
8.333333e+01 2.431000e-01 9.135000e-05
8.750000e+01 2.342552e-01 8.735429e-05
8.958334e+01 2.301189e-01 8.548693e-05
9.062500e+01 2.281307e-01 8.459010e-05
9.166667e+01 2.262000e-01 8.372000e-05
9.583334e+01 2.187658e-01 8.037829e-05
9.791667e+01 2.152491e-01 7.880088e-05
9.895833e+01 2.135514e-01 7.803997e-05
1.000000e+02 2.119000e-01 7.730000e-05
1.041667e+02 2.055640e-01 7.445781e-05
1.062500e+02 2.025659e-01 7.311333e-05
1.072916e+02 2.011153e-01 7.246339e-05
1.083333e+02 1.997000e-01 7.183000e-05
1.125000e+02 1.942164e-01 6.938602e-05
1.145833e+02 1.916030e-01 6.822375e-05
1.156250e+02 1.903361e-01 6.766026e-05
1.166667e+02 1.891000e-01 6.711000e-05
1.208333e+02 1.843387e-01 6.498104e-05
1.229167e+02 1.820741e-01 6.396542e-05
1.239583e+02 1.809749e-01 6.347220e-05
1.250000e+02 1.799000e-01 6.299000e-05
1.291667e+02 1.757271e-01 6.112315e-05
1.312500e+02 1.737275e-01 6.023030e-05
1.322916e+02 1.727538e-01 5.979574e-05
1.333333e+02 1.718000e-01 5.937000e-05
1.375000e+02 1.680984e-01 5.771334e-05
1.395833e+02 1.663205e-01 5.691779e-05
1.406250e+02 1.654525e-01 5.653004e-05
1.416667e+02 1.646000e-01 5.615000e-05
1.458333e+02 1.612645e-01 5.467408e-05
1.479167e+02 1.596555e-01 5.396523e-05
1.500000e+02 1.581000e-01 5.328000e-05
1.666667e+02 1.471000e-01 4.836000e-05
