1.562500e-03 9.641000e-01 4.506000e+00
1.718750e-03 1.011000e+00 4.458000e+00
1.796875e-03 1.032667e+00 4.432800e+00
1.835937e-03 1.043921e+00 4.419959e+00
1.855469e-03 1.049819e+00 4.413491e+00
1.875000e-03 1.056000e+00 4.407000e+00
1.953125e-03 1.081395e+00 4.381069e+00
1.992188e-03 1.096283e+00 4.368067e+00
2.011719e-03 1.104694e+00 4.361544e+00
2.031250e-03 1.114000e+00 4.355000e+00
2.109375e-03 1.161043e+00 4.328532e+00
2.148438e-03 1.187157e+00 4.315245e+00
2.167969e-03 1.200256e+00 4.308612e+00
2.177734e-03 1.206699e+00 4.305302e+00
2.187500e-03 1.213000e+00 4.302000e+00
2.265625e-03 1.257496e+00 4.275874e+00
2.304688e-03 1.276941e+00 4.262923e+00
2.324219e-03 1.286106e+00 4.256461e+00
2.343750e-03 1.295000e+00 4.250000e+00
2.421875e-03 1.330806e+00 4.224044e+00
2.460938e-03 1.348264e+00 4.211027e+00
2.480469e-03 1.356752e+00 4.204513e+00
2.500000e-03 1.365000e+00 4.198000e+00
2.578125e-03 1.395892e+00 4.171868e+00
2.617188e-03 1.410276e+00 4.158870e+00
2.656250e-03 1.424000e+00 4.146000e+00
2.734375e-03 1.450709e+00 4.120782e+00
2.773437e-03 1.463572e+00 4.108352e+00
2.812500e-03 1.476000e+00 4.096000e+00
2.968750e-03 1.522300e+00 4.046290e+00
3.046875e-03 1.543704e+00 4.021523e+00
3.085938e-03 1.553985e+00 4.009218e+00
3.125000e-03 1.564000e+00 3.997000e+00
3.320313e-03 1.612290e+00 3.937051e+00
3.417969e-03 1.635464e+00 3.907771e+00
3.466797e-03 1.646810e+00 3.893319e+00
3.515625e-03 1.658000e+00 3.879000e+00
3.710937e-03 1.701972e+00 3.822231e+00
3.808594e-03 1.723589e+00 3.794357e+00
3.857422e-03 1.734317e+00 3.780602e+00
3.906250e-03 1.745000e+00 3.767000e+00
4.101563e-03 1.787683e+00 3.713671e+00
4.199219e-03 1.808911e+00 3.687619e+00
4.248047e-03 1.819477e+00 3.674754e+00
4.296875e-03 1.830000e+00 3.662000e+00
4.492187e-03 1.871725e+00 3.611304e+00
4.589844e-03 1.892412e+00 3.586402e+00
4.638672e-03 1.902717e+00 3.574124e+00
4.687500e-03 1.913000e+00 3.562000e+00
4.882812e-03 1.954095e+00 3.514645e+00
4.980469e-03 1.974583e+00 3.491603e+00
5.029297e-03 1.984802e+00 3.480246e+00
5.078125e-03 1.995000e+00 3.469000e+00
5.273438e-03 2.035699e+00 3.424430e+00
5.371094e-03 2.055921e+00 3.402528e+00
5.468750e-03 2.076000e+00 3.381000e+00
5.664062e-03 2.115727e+00 3.338861e+00
5.761719e-03 2.135414e+00 3.318260e+00
5.859375e-03 2.155000e+00 3.298000e+00
6.054688e-03 2.194147e+00 3.257966e+00
6.152344e-03 2.213630e+00 3.238312e+00
6.250000e-03 2.233000e+00 3.219000e+00
6.640625e-03 2.309408e+00 3.144286e+00
6.835938e-03 2.346954e+00 3.108523e+00
6.933594e-03 2.365543e+00 3.091096e+00
7.031250e-03 2.384000e+00 3.074000e+00
7.421875e-03 2.457225e+00 3.007345e+00
7.617187e-03 2.493342e+00 2.975190e+00
7.714844e-03 2.511237e+00 2.959463e+00
7.812500e-03 2.529000e+00 2.944000e+00
8.203125e-03 2.599171e+00 2.883612e+00
8.398438e-03 2.633760e+00 2.854403e+00
8.496094e-03 2.650924e+00 2.840091e+00
8.593750e-03 2.668000e+00 2.826000e+00
8.984375e-03 2.736019e+00 2.770749e+00
9.179687e-03 2.769691e+00 2.743987e+00
9.277344e-03 2.786400e+00 2.730884e+00
9.375000e-03 2.803000e+00 2.718000e+00
9.765625e-03 2.868569e+00 2.667818e+00
9.960937e-03 2.900923e+00 2.643579e+00
1.005859e-02 2.916995e+00 2.631701e+00
1.015625e-02 2.933000e+00 2.620000e+00
1.054688e-02 2.996787e+00 2.574084e+00
1.074219e-02 3.028486e+00 2.551765e+00
1.083984e-02 3.044269e+00 2.540805e+00
1.093750e-02 3.060000e+00 2.530000e+00
1.171875e-02 3.184653e+00 2.446830e+00
1.210938e-02 3.246154e+00 2.407515e+00
1.230469e-02 3.276665e+00 2.388515e+00
1.250000e-02 3.307000e+00 2.370000e+00
1.328125e-02 3.427369e+00 2.298581e+00
1.367188e-02 3.486930e+00 2.264599e+00
1.386719e-02 3.516531e+00 2.248112e+00
1.406250e-02 3.546000e+00 2.232000e+00
1.484375e-02 3.663004e+00 2.169511e+00
1.523437e-02 3.721108e+00 2.139662e+00
1.542969e-02 3.750077e+00 2.125166e+00
1.562500e-02 3.779000e+00 2.111000e+00
1.640625e-02 3.894730e+00 2.056267e+00
1.679688e-02 3.952465e+00 2.030142e+00
1.699219e-02 3.981265e+00 2.017439e+00
1.718750e-02 4.010000e+00 2.005000e+00
1.796875e-02 4.124323e+00 1.956639e+00
1.835937e-02 4.181223e+00 1.933420e+00
1.855469e-02 4.209623e+00 1.922100e+00
1.875000e-02 4.238000e+00 1.911000e+00
1.953125e-02 4.351561e+00 1.867915e+00
1.992187e-02 4.408312e+00 1.847163e+00
2.011719e-02 4.436667e+00 1.837004e+00
2.031250e-02 4.465000e+00 1.827000e+00
2.109375e-02 4.578152e+00 1.787605e+00
2.148438e-02 4.634618e+00 1.768505e+00
2.167969e-02 4.662820e+00 1.759165e+00
2.187500e-02 4.691000e+00 1.750000e+00
2.265625e-02 4.803620e+00 1.714541e+00
2.304688e-02 4.859848e+00 1.697515e+00
2.324219e-02 4.887935e+00 1.689191e+00
2.343750e-02 4.916000e+00 1.681000e+00
2.421875e-02 5.028131e+00 1.648852e+00
2.460938e-02 5.084105e+00 1.633230e+00
2.480469e-02 5.112064e+00 1.625560e+00
2.500000e-02 5.140000e+00 1.618000e+00
2.578125e-02 5.251628e+00 1.588359e+00
2.617187e-02 5.307353e+00 1.573984e+00
2.636719e-02 5.335187e+00 1.566937e+00
2.656250e-02 5.363000e+00 1.560000e+00
2.734375e-02 5.474113e+00 1.532919e+00
2.773437e-02 5.529587e+00 1.519797e+00
2.792969e-02 5.557302e+00 1.513354e+00
2.812500e-02 5.585000e+00 1.507000e+00
2.968750e-02 5.806397e+00 1.457778e+00
3.046875e-02 5.916840e+00 1.434378e+00
3.085938e-02 5.971963e+00 1.423047e+00
3.125000e-02 6.027000e+00 1.412000e+00
3.320312e-02 6.301563e+00 1.359211e+00
3.417969e-02 6.438148e+00 1.334453e+00
3.466797e-02 6.506183e+00 1.322550e+00
3.491211e-02 6.540122e+00 1.316729e+00
3.515625e-02 6.574000e+00 1.311000e+00
3.710938e-02 6.843763e+00 1.266883e+00
3.808594e-02 6.977746e+00 1.245988e+00
3.857422e-02 7.044472e+00 1.235872e+00
3.906250e-02 7.111000e+00 1.226000e+00
4.101562e-02 7.376356e+00 1.187714e+00
4.199219e-02 7.508151e+00 1.169466e+00
4.248047e-02 7.573718e+00 1.160623e+00
4.296875e-02 7.639000e+00 1.152000e+00
4.492188e-02 7.898341e+00 1.118889e+00
4.589844e-02 8.026723e+00 1.103147e+00
4.638672e-02 8.090516e+00 1.095496e+00
4.687500e-02 8.154000e+00 1.088000e+00
4.882812e-02 8.406229e+00 1.058690e+00
4.980469e-02 8.531129e+00 1.044589e+00
5.029297e-02 8.593208e+00 1.037721e+00
5.078125e-02 8.655000e+00 1.031000e+00
5.273438e-02 8.900829e+00 1.005052e+00
5.371094e-02 9.022514e+00 9.926553e-01
5.419922e-02 9.082933e+00 9.866191e-01
5.468750e-02 9.143000e+00 9.807000e-01
5.664062e-02 9.381197e+00 9.576113e-01
5.761719e-02 9.498765e+00 9.464809e-01
5.810547e-02 9.557069e+00 9.410420e-01
5.859375e-02 9.615000e+00 9.357000e-01
6.054688e-02 9.844517e+00 9.148752e-01
6.152344e-02 9.957838e+00 9.048333e-01
6.201172e-02 1.001408e+01 8.999240e-01
6.250000e-02 1.007000e+01 8.951000e-01
6.640625e-02 1.051209e+01 8.582762e-01
6.835938e-02 1.072832e+01 8.410683e-01
6.933594e-02 1.083482e+01 8.328083e-01
7.031250e-02 1.094000e+01 8.248000e-01
7.421875e-02 1.135352e+01 7.941137e-01
7.617188e-02 1.155445e+01 7.796530e-01
7.714844e-02 1.165299e+01 7.726805e-01
7.812500e-02 1.175000e+01 7.659000e-01
8.203125e-02 1.212800e+01 7.398328e-01
8.398438e-02 1.231114e+01 7.274897e-01
8.496094e-02 1.240112e+01 7.215199e-01
8.593750e-02 1.249000e+01 7.157000e-01
8.984375e-02 1.284089e+01 6.932277e-01
9.179688e-02 1.301234e+01 6.825387e-01
9.277344e-02 1.309672e+01 6.773576e-01
9.375000e-02 1.318000e+01 6.723000e-01
9.765625e-02 1.350662e+01 6.527680e-01
9.960938e-02 1.366529e+01 6.434542e-01
1.005859e-01 1.374320e+01 6.389286e-01
1.015625e-01 1.382000e+01 6.345000e-01
1.054688e-01 1.412092e+01 6.172970e-01
1.074219e-01 1.426718e+01 6.090495e-01
1.083984e-01 1.433906e+01 6.050333e-01
1.093750e-01 1.441000e+01 6.011000e-01
1.171875e-01 1.495913e+01 5.713994e-01
1.210938e-01 1.522017e+01 5.577102e-01
1.230469e-01 1.534663e+01 5.511891e-01
1.250000e-01 1.547000e+01 5.449000e-01
1.328125e-01 1.594645e+01 5.209502e-01
1.367188e-01 1.617304e+01 5.097612e-01
1.386719e-01 1.628284e+01 5.043957e-01
1.406250e-01 1.639000e+01 4.992000e-01
1.484375e-01 1.680333e+01 4.793529e-01
1.523438e-01 1.700039e+01 4.700355e-01
1.542969e-01 1.709619e+01 4.655527e-01
1.562500e-01 1.719000e+01 4.612000e-01
1.640625e-01 1.755538e+01 4.444978e-01
1.679688e-01 1.773083e+01 4.366120e-01
1.718750e-01 1.790000e+01 4.291000e-01
1.796875e-01 1.822521e+01 4.148003e-01
1.835938e-01 1.838048e+01 4.080469e-01
1.875000e-01 1.853000e+01 4.016000e-01
1.953125e-01 1.881726e+01 3.892765e-01
1.992188e-01 1.895544e+01 3.834215e-01
2.031250e-01 1.909000e+01 3.778000e-01
2.109375e-01 1.935541e+01 3.669580e-01
2.148438e-01 1.948454e+01 3.617788e-01
2.187500e-01 1.961000e+01 3.568000e-01
2.265625e-01 1.985085e+01 3.472543e-01
2.304688e-01 1.996683e+01 3.426970e-01
2.343750e-01 2.008000e+01 3.383000e-01
2.421875e-01 2.030346e+01 3.297640e-01
2.460938e-01 2.041286e+01 3.256611e-01
2.500000e-01 2.052000e+01 3.217000e-01
2.578125e-01 2.072920e+01 3.140820e-01
2.656250e-01 2.093000e+01 3.069000e-01
2.734375e-01 2.112349e+01 3.000187e-01
2.812500e-01 2.131000e+01 2.935000e-01
2.968750e-01 2.167390e+01 2.812270e-01
3.046875e-01 2.184969e+01 2.755044e-01
3.125000e-01 2.202000e+01 2.701000e-01
3.320312e-01 2.242733e+01 2.574483e-01
3.417969e-01 2.262178e+01 2.515971e-01
3.515625e-01 2.281000e+01 2.461000e-01
3.710938e-01 2.317786e+01 2.357265e-01
3.808594e-01 2.335629e+01 2.308809e-01
3.906250e-01 2.353000e+01 2.263000e-01
4.101562e-01 2.386685e+01 2.176345e-01
4.199219e-01 2.403019e+01 2.135669e-01
4.296875e-01 2.419000e+01 2.097000e-01
4.492188e-01 2.450553e+01 2.023166e-01
4.589844e-01 2.465962e+01 1.988270e-01
4.687500e-01 2.481000e+01 1.955000e-01
4.882812e-01 2.510019e+01 1.891677e-01
4.980469e-01 2.524118e+01 1.861707e-01
5.078125e-01 2.538000e+01 1.833000e-01
5.273438e-01 2.565816e+01 1.777709e-01
5.371094e-01 2.579542e+01 1.751332e-01
5.468750e-01 2.593000e+01 1.726000e-01
5.664062e-01 2.619042e+01 1.677396e-01
5.859375e-01 2.644000e+01 1.632000e-01
6.054688e-01 2.668344e+01 1.589111e-01
6.250000e-01 2.692000e+01 1.549000e-01
6.640625e-01 2.738078e+01 1.474132e-01
6.835938e-01 2.760358e+01 1.439513e-01
7.031250e-01 2.782000e+01 1.407000e-01
7.421875e-01 2.824134e+01 1.345618e-01
7.617188e-01 2.844416e+01 1.316991e-01
7.812500e-01 2.864000e+01 1.290000e-01
8.203125e-01 2.901542e+01 1.239254e-01
8.398438e-01 2.919537e+01 1.215529e-01
8.593750e-01 2.937000e+01 1.193000e-01
8.984375e-01 2.971294e+01 1.149923e-01
9.179688e-01 2.987909e+01 1.129513e-01
9.375000e-01 3.004000e+01 1.110000e-01
9.765625e-01 3.034858e+01 1.072600e-01
1.015625e+00 3.064000e+01 1.038000e-01
1.054688e+00 3.092237e+01 1.005871e-01
1.093750e+00 3.119000e+01 9.763000e-02
1.171875e+00 3.168381e+01 9.216272e-02
1.210938e+00 3.190960e+01 8.966371e-02
1.250000e+00 3.212000e+01 8.734000e-02
1.328125e+00 3.251645e+01 8.300565e-02
1.367188e+00 3.269959e+01 8.100496e-02
1.406250e+00 3.287000e+01 7.913000e-02
1.484375e+00 3.318396e+01 7.560689e-02
1.562500e+00 3.346000e+01 7.242000e-02
1.640625e+00 3.371158e+01 6.948223e-02
1.718750e+00 3.393000e+01 6.682000e-02
1.796875e+00 3.411934e+01 6.434523e-02
1.875000e+00 3.428000e+01 6.208000e-02
2.031250e+00 3.455000e+01 5.800000e-02
2.187500e+00 3.467000e+01 5.446000e-02
2.343750e+00 3.453000e+01 5.136000e-02
2.500000e+00 3.438000e+01 4.861000e-02
2.656250e+00 3.427000e+01 4.615000e-02
2.812500e+00 3.412000e+01 4.395000e-02
2.968750e+00 3.394440e+01 4.194931e-02
3.125000e+00 3.374000e+01 4.016000e-02
3.320312e+00 3.345445e+01 3.811082e-02
3.515625e+00 3.314000e+01 3.629000e-02
3.710938e+00 3.281261e+01 3.462858e-02
3.808594e+00 3.264340e+01 3.386147e-02
3.906250e+00 3.247000e+01 3.314000e-02
4.101562e+00 3.211393e+01 3.177114e-02
4.199219e+00 3.193266e+01 3.112883e-02
4.296875e+00 3.175000e+01 3.052000e-02
4.492188e+00 3.138555e+01 2.936746e-02
4.589844e+00 3.120308e+01 2.882572e-02
4.687500e+00 3.102000e+01 2.831000e-02
4.882812e+00 3.065033e+01 2.732401e-02
4.980469e+00 3.046496e+01 2.685679e-02
5.078125e+00 3.028000e+01 2.641000e-02
5.273438e+00 2.991252e+01 2.555473e-02
5.371094e+00 2.973049e+01 2.514878e-02
5.468750e+00 2.955000e+01 2.476000e-02
5.664062e+00 2.919288e+01 2.401499e-02
5.761719e+00 2.901595e+01 2.366048e-02
5.859375e+00 2.884000e+01 2.332000e-02
6.054688e+00 2.848768e+01 2.266505e-02
6.152344e+00 2.831286e+01 2.235191e-02
6.250000e+00 2.814000e+01 2.205000e-02
6.640625e+00 2.746890e+01 2.091008e-02
6.835938e+00 2.714516e+01 2.038317e-02
6.933594e+00 2.698648e+01 2.013206e-02
7.031250e+00 2.683000e+01 1.989000e-02
7.421875e+00 2.621268e+01 1.897120e-02
7.617188e+00 2.591224e+01 1.854326e-02
7.714844e+00 2.576491e+01 1.833832e-02
7.812500e+00 2.562000e+01 1.814000e-02
8.203125e+00 2.505639e+01 1.738291e-02
8.398438e+00 2.478444e+01 1.702741e-02
8.496094e+00 2.465122e+01 1.685628e-02
8.593750e+00 2.452000e+01 1.669000e-02
8.984375e+00 2.400472e+01 1.605036e-02
9.179688e+00 2.375423e+01 1.574797e-02
9.277344e+00 2.363123e+01 1.560200e-02
9.375000e+00 2.351000e+01 1.546000e-02
9.765625e+00 2.303471e+01 1.491470e-02
9.960938e+00 2.280422e+01 1.465661e-02
1.015625e+01 2.258000e+01 1.441000e-02
1.054688e+01 2.214450e+01 1.393813e-02
1.074219e+01 2.193422e+01 1.371425e-02
1.093750e+01 2.173000e+01 1.350000e-02
1.171875e+01 2.095189e+01 1.270592e-02
1.210938e+01 2.058679e+01 1.234502e-02
1.230469e+01 2.041096e+01 1.217419e-02
1.250000e+01 2.024000e+01 1.201000e-02
1.328125e+01 1.958071e+01 1.138433e-02
1.367188e+01 1.926818e+01 1.109311e-02
1.386719e+01 1.911711e+01 1.095406e-02
1.406250e+01 1.897000e+01 1.082000e-02
1.484375e+01 1.840458e+01 1.031344e-02
1.523438e+01 1.813654e+01 1.007832e-02
1.542969e+01 1.800672e+01 9.965839e-03
1.562500e+01 1.788000e+01 9.857000e-03
1.640625e+01 1.738959e+01 9.440450e-03
1.679688e+01 1.715534e+01 9.244665e-03
1.699219e+01 1.704146e+01 9.150454e-03
1.718750e+01 1.693000e+01 9.059000e-03
1.796875e+01 1.649746e+01 8.708512e-03
1.835938e+01 1.629010e+01 8.543263e-03
1.855469e+01 1.618906e+01 8.463551e-03
1.875000e+01 1.609000e+01 8.386000e-03
1.953125e+01 1.570493e+01 8.087662e-03
1.992188e+01 1.551960e+01 7.946235e-03
2.011719e+01 1.542903e+01 7.877779e-03
2.031250e+01 1.534000e+01 7.811000e-03
2.109375e+01 1.499137e+01 7.552795e-03
2.148438e+01 1.482299e+01 7.429839e-03
2.167969e+01 1.474072e+01 7.370214e-03
2.187500e+01 1.466000e+01 7.312000e-03
2.265625e+01 1.434762e+01 7.087192e-03
2.304688e+01 1.419699e+01 6.980015e-03
2.324219e+01 1.412305e+01 6.927945e-03
2.343750e+01 1.405000e+01 6.877000e-03
2.421875e+01 1.376004e+01 6.679226e-03
2.460938e+01 1.361823e+01 6.584427e-03
2.480469e+01 1.354857e+01 6.538251e-03
2.500000e+01 1.348000e+01 6.493000e-03
2.578125e+01 1.321423e+01 6.317077e-03
2.617188e+01 1.308572e+01 6.232596e-03
2.656250e+01 1.296000e+01 6.151000e-03
2.734375e+01 1.271086e+01 5.993522e-03
2.773438e+01 1.258897e+01 5.917988e-03
2.812500e+01 1.247000e+01 5.845000e-03
2.968750e+01 1.201961e+01 5.568922e-03
3.046875e+01 1.180934e+01 5.440693e-03
3.085938e+01 1.170825e+01 5.379343e-03
3.125000e+01 1.161000e+01 5.320000e-03
3.320312e+01 1.113968e+01 5.039313e-03
3.417969e+01 1.091895e+01 4.909510e-03
3.466797e+01 1.081287e+01 4.847641e-03
3.515625e+01 1.071000e+01 4.788000e-03
3.710938e+01 1.031663e+01 4.561678e-03
3.808594e+01 1.013166e+01 4.456294e-03
3.857422e+01 1.004257e+01 4.405830e-03
3.906250e+01 9.956000e+00 4.357000e-03
4.101562e+01 9.623452e+00 4.170488e-03
4.199219e+01 9.466141e+00 4.082960e-03
4.248047e+01 9.390100e+00 4.040862e-03
4.296875e+01 9.316000e+00 4.000000e-03
4.492188e+01 9.030044e+00 3.843221e-03
4.589844e+01 8.894125e+00 3.769294e-03
4.638672e+01 8.828269e+00 3.733651e-03
4.687500e+01 8.764000e+00 3.699000e-03
4.882812e+01 8.515799e+00 3.566026e-03
4.980469e+01 8.397545e+00 3.503114e-03
5.029297e+01 8.340133e+00 3.472682e-03
5.078125e+01 8.284000e+00 3.443000e-03
5.273438e+01 8.066382e+00 3.328186e-03
5.371094e+01 7.962262e+00 3.273473e-03
5.419922e+01 7.911602e+00 3.246928e-03
5.468750e+01 7.862000e+00 3.221000e-03
5.664062e+01 7.669389e+00 3.120764e-03
5.761719e+01 7.577052e+00 3.072950e-03
5.810547e+01 7.532074e+00 3.049722e-03
5.859375e+01 7.488000e+00 3.027000e-03
6.054688e+01 7.316780e+00 2.938872e-03
6.152344e+01 7.234524e+00 2.896667e-03
6.201172e+01 7.194388e+00 2.876122e-03
6.250000e+01 7.155000e+00 2.856000e-03
6.640625e+01 6.854882e+00 2.703814e-03
6.835938e+01 6.715278e+00 2.633628e-03
6.933594e+01 6.648514e+00 2.600207e-03
7.031250e+01 6.584000e+00 2.568000e-03
7.421875e+01 6.339066e+00 2.445689e-03
7.617188e+01 6.224253e+00 2.388703e-03
7.714844e+01 6.168907e+00 2.361410e-03
7.812500e+01 6.115000e+00 2.335000e-03
8.203125e+01 5.905886e+00 2.234113e-03
8.398438e+01 5.806261e+00 2.186797e-03
8.496094e+01 5.758015e+00 2.164057e-03
8.593750e+01 5.711000e+00 2.142000e-03
8.984375e+01 5.530175e+00 2.057561e-03
9.179688e+01 5.444610e+00 2.017801e-03
9.277344e+01 5.403265e+00 1.998636e-03
9.375000e+01 5.363000e+00 1.980000e-03
9.765625e+01 5.207964e+00 1.908386e-03
9.960938e+01 5.134396e+00 1.874455e-03
1.005859e+02 5.098768e+00 1.858029e-03
1.015625e+02 5.064000e+00 1.842000e-03
1.054688e+02 4.929591e+00 1.779959e-03
1.074219e+02 4.865510e+00 1.750375e-03
1.083984e+02 4.834402e+00 1.736020e-03
1.093750e+02 4.804000e+00 1.722000e-03
1.171875e+02 4.575530e+00 1.616984e-03
1.210938e+02 4.471051e+00 1.569197e-03
1.230469e+02 4.421542e+00 1.546623e-03
1.240234e+02 4.397517e+00 1.535689e-03
1.250000e+02 4.374000e+00 1.525000e-03
1.328125e+02 4.194610e+00 1.443816e-03
1.367188e+02 4.111225e+00 1.406221e-03
1.386719e+02 4.071407e+00 1.388291e-03
1.406250e+02 4.033000e+00 1.371000e-03
1.562500e+02 3.756000e+00 1.246000e-03
