2.500000e-03 1.623000e+00 2.057000e+00
2.750000e-03 1.723000e+00 2.001000e+00
2.875000e-03 1.765550e+00 1.974050e+00
2.937500e-03 1.784908e+00 1.960900e+00
2.968750e-03 1.794110e+00 1.954417e+00
3.000000e-03 1.803000e+00 1.948000e+00
3.125000e-03 1.837248e+00 1.922636e+00
3.187500e-03 1.853486e+00 1.910203e+00
3.250000e-03 1.869000e+00 1.898000e+00
3.375000e-03 1.898632e+00 1.874086e+00
3.437500e-03 1.912641e+00 1.862422e+00
3.500000e-03 1.926000e+00 1.851000e+00
3.625000e-03 1.951367e+00 1.828664e+00
3.687500e-03 1.963405e+00 1.817745e+00
3.750000e-03 1.975000e+00 1.807000e+00
3.875000e-03 1.997548e+00 1.785753e+00
3.937500e-03 2.008434e+00 1.775299e+00
4.000000e-03 2.019000e+00 1.765000e+00
4.125000e-03 2.039470e+00 1.744725e+00
4.250000e-03 2.059000e+00 1.725000e+00
4.375000e-03 2.077837e+00 1.705730e+00
4.500000e-03 2.096000e+00 1.687000e+00
4.750000e-03 2.131374e+00 1.650526e+00
4.875000e-03 2.148450e+00 1.632962e+00
5.000000e-03 2.165000e+00 1.616000e+00
5.312500e-03 2.204496e+00 1.575682e+00
5.468750e-03 2.223460e+00 1.556519e+00
5.625000e-03 2.242000e+00 1.538000e+00
5.937500e-03 2.278833e+00 1.501615e+00
6.093750e-03 2.297028e+00 1.484011e+00
6.250000e-03 2.315000e+00 1.467000e+00
6.562500e-03 2.350361e+00 1.434494e+00
6.718750e-03 2.367771e+00 1.418986e+00
6.875000e-03 2.385000e+00 1.404000e+00
7.187500e-03 2.419052e+00 1.374757e+00
7.343750e-03 2.436008e+00 1.360647e+00
7.500000e-03 2.453000e+00 1.347000e+00
7.812500e-03 2.487371e+00 1.320864e+00
7.968750e-03 2.504671e+00 1.308286e+00
8.125000e-03 2.522000e+00 1.296000e+00
8.437500e-03 2.556477e+00 1.271544e+00
8.593750e-03 2.573711e+00 1.259598e+00
8.750000e-03 2.591000e+00 1.248000e+00
9.062500e-03 2.625894e+00 1.225889e+00
9.218750e-03 2.643435e+00 1.215301e+00
9.375000e-03 2.661000e+00 1.205000e+00
9.687500e-03 2.695954e+00 1.184658e+00
9.843750e-03 2.713442e+00 1.174715e+00
1.000000e-02 2.731000e+00 1.165000e+00
1.062500e-02 2.802269e+00 1.128028e+00
1.093750e-02 2.838453e+00 1.110626e+00
1.109375e-02 2.856682e+00 1.102213e+00
1.125000e-02 2.875000e+00 1.094000e+00
1.187500e-02 2.948737e+00 1.062033e+00
1.218750e-02 2.985814e+00 1.046721e+00
1.234375e-02 3.004396e+00 1.039277e+00
1.250000e-02 3.023000e+00 1.032000e+00
1.312500e-02 3.097360e+00 1.003889e+00
1.343750e-02 3.134615e+00 9.904838e-01
1.359375e-02 3.153286e+00 9.839713e-01
1.375000e-02 3.172000e+00 9.776000e-01
1.437500e-02 3.247319e+00 9.528717e-01
1.468750e-02 3.285139e+00 9.410231e-01
1.484375e-02 3.304069e+00 9.352532e-01
1.500000e-02 3.323000e+00 9.296000e-01
1.562500e-02 3.398563e+00 9.076488e-01
1.593750e-02 3.436289e+00 8.971031e-01
1.609375e-02 3.455144e+00 8.919552e-01
1.625000e-02 3.474000e+00 8.869000e-01
1.687500e-02 3.549552e+00 8.671600e-01
1.718750e-02 3.587312e+00 8.576329e-01
1.734375e-02 3.606170e+00 8.529752e-01
1.750000e-02 3.625000e+00 8.484000e-01
1.875000e-02 3.774831e+00 8.135607e-01
1.937500e-02 3.849157e+00 7.973242e-01
1.968750e-02 3.886145e+00 7.895406e-01
2.000000e-02 3.923000e+00 7.820000e-01
2.125000e-02 4.069986e+00 7.531269e-01
2.187500e-02 4.142850e+00 7.395290e-01
2.218750e-02 4.179034e+00 7.329741e-01
2.250000e-02 4.215000e+00 7.266000e-01
2.375000e-02 4.357450e+00 7.020799e-01
2.437500e-02 4.427659e+00 6.904736e-01
2.468750e-02 4.462451e+00 6.848640e-01
2.500000e-02 4.497000e+00 6.794000e-01
2.625000e-02 4.633845e+00 6.583577e-01
2.687500e-02 4.701320e+00 6.483669e-01
2.718750e-02 4.734770e+00 6.435261e-01
2.750000e-02 4.768000e+00 6.388000e-01
2.875000e-02 4.899825e+00 6.205210e-01
2.937500e-02 4.964833e+00 6.117942e-01
2.968750e-02 4.997037e+00 6.075519e-01
3.000000e-02 5.029000e+00 6.034000e-01
3.125000e-02 5.155505e+00 5.872698e-01
3.187500e-02 5.217718e+00 5.795420e-01
3.218750e-02 5.248491e+00 5.757814e-01
3.250000e-02 5.279000e+00 5.721000e-01
3.375000e-02 5.399381e+00 5.578397e-01
3.437500e-02 5.458568e+00 5.510045e-01
3.468750e-02 5.487884e+00 5.476714e-01
3.500000e-02 5.517000e+00 5.444000e-01
3.625000e-02 5.632639e+00 5.316248e-01
3.687500e-02 5.689694e+00 5.254641e-01
3.750000e-02 5.746000e+00 5.195000e-01
3.875000e-02 5.856903e+00 5.079867e-01
3.937500e-02 5.911356e+00 5.024562e-01
4.000000e-02 5.965000e+00 4.971000e-01
4.125000e-02 6.070697e+00 4.867031e-01
4.187500e-02 6.122681e+00 4.816818e-01
4.250000e-02 6.174000e+00 4.768000e-01
4.375000e-02 6.275535e+00 4.672834e-01
4.437500e-02 6.325583e+00 4.626773e-01
4.500000e-02 6.375000e+00 4.582000e-01
4.750000e-02 6.568443e+00 4.411638e-01
4.875000e-02 6.662360e+00 4.331790e-01
4.937500e-02 6.708491e+00 4.293357e-01
5.000000e-02 6.754000e+00 4.256000e-01
5.312500e-02 6.976359e+00 4.077571e-01
5.468750e-02 7.084066e+00 3.994011e-01
5.546875e-02 7.136908e+00 3.953888e-01
5.625000e-02 7.189000e+00 3.915000e-01
5.937500e-02 7.393354e+00 3.766310e-01
6.093750e-02 7.492801e+00 3.696397e-01
6.171875e-02 7.541709e+00 3.662724e-01
6.250000e-02 7.590000e+00 3.630000e-01
6.562500e-02 7.779722e+00 3.504225e-01
6.718750e-02 7.872291e+00 3.444736e-01
6.796875e-02 7.917899e+00 3.415993e-01
6.875000e-02 7.963000e+00 3.388000e-01
7.187500e-02 8.140692e+00 3.280234e-01
7.343750e-02 8.227642e+00 3.229052e-01
7.421875e-02 8.270541e+00 3.204239e-01
7.500000e-02 8.313000e+00 3.180000e-01
7.812500e-02 8.480297e+00 3.086036e-01
7.968750e-02 8.562302e+00 3.041142e-01
8.125000e-02 8.643000e+00 2.998000e-01
8.437500e-02 8.801974e+00 2.915367e-01
8.593750e-02 8.880055e+00 2.875967e-01
8.750000e-02 8.957000e+00 2.838000e-01
9.062500e-02 9.108785e+00 2.764391e-01
9.218750e-02 9.183414e+00 2.729064e-01
9.375000e-02 9.257000e+00 2.695000e-01
9.687500e-02 9.402046e+00 2.629537e-01
9.843750e-02 9.473448e+00 2.598226e-01
1.000000e-01 9.544000e+00 2.568000e-01
1.062500e-01 9.822285e+00 2.453484e-01
1.093750e-01 9.957871e+00 2.400208e-01
1.109375e-01 1.002444e+01 2.374695e-01
1.125000e-01 1.009000e+01 2.350000e-01
1.187500e-01 1.034520e+01 2.255530e-01
1.218750e-01 1.046893e+01 2.211127e-01
1.234375e-01 1.052980e+01 2.189755e-01
1.250000e-01 1.059000e+01 2.169000e-01
1.312500e-01 1.082839e+01 2.089377e-01
1.343750e-01 1.094532e+01 2.051794e-01
1.359375e-01 1.100299e+01 2.033654e-01
1.375000e-01 1.106000e+01 2.016000e-01
1.437500e-01 1.128344e+01 1.948006e-01
1.468750e-01 1.139260e+01 1.915778e-01
1.500000e-01 1.150000e+01 1.885000e-01
1.562500e-01 1.171308e+01 1.826423e-01
1.593750e-01 1.181762e+01 1.798657e-01
1.625000e-01 1.192000e+01 1.772000e-01
1.687500e-01 1.211922e+01 1.720429e-01
1.718750e-01 1.221580e+01 1.695743e-01
1.750000e-01 1.231000e+01 1.672000e-01
1.875000e-01 1.267164e+01 1.583699e-01
1.937500e-01 1.284386e+01 1.543438e-01
1.968750e-01 1.292771e+01 1.524354e-01
2.000000e-01 1.301000e+01 1.506000e-01
2.125000e-01 1.333426e+01 1.436266e-01
2.187500e-01 1.349039e+01 1.403726e-01
2.218750e-01 1.356618e+01 1.388120e-01
2.250000e-01 1.364000e+01 1.373000e-01
2.375000e-01 1.392004e+01 1.314986e-01
2.437500e-01 1.405239e+01 1.287741e-01
2.500000e-01 1.418000e+01 1.262000e-01
2.625000e-01 1.443131e+01 1.213817e-01
2.687500e-01 1.455284e+01 1.191341e-01
2.750000e-01 1.467000e+01 1.170000e-01
2.875000e-01 1.489296e+01 1.129017e-01
2.937500e-01 1.499861e+01 1.109570e-01
3.000000e-01 1.510000e+01 1.091000e-01
3.125000e-01 1.529570e+01 1.055677e-01
3.187500e-01 1.538948e+01 1.038977e-01
3.250000e-01 1.548000e+01 1.023000e-01
3.375000e-01 1.565526e+01 9.922988e-02
3.437500e-01 1.573921e+01 9.776639e-02
3.500000e-01 1.582000e+01 9.636000e-02
3.625000e-01 1.597477e+01 9.365555e-02
3.750000e-01 1.612000e+01 9.112000e-02
3.875000e-01 1.625914e+01 8.871455e-02
4.000000e-01 1.639000e+01 8.646000e-02
4.125000e-01 1.651427e+01 8.431168e-02
4.250000e-01 1.663000e+01 8.229000e-02
4.375000e-01 1.673847e+01 8.036058e-02
4.500000e-01 1.684000e+01 7.854000e-02
4.750000e-01 1.703369e+01 7.512551e-02
4.875000e-01 1.712447e+01 7.353777e-02
5.000000e-01 1.721000e+01 7.204000e-02
5.312500e-01 1.740804e+01 6.852771e-02
5.625000e-01 1.758000e+01 6.538000e-02
5.937500e-01 1.773063e+01 6.250786e-02
6.250000e-01 1.786000e+01 5.993000e-02
6.562500e-01 1.797669e+01 5.754203e-02
6.875000e-01 1.808000e+01 5.537000e-02
7.500000e-01 1.826000e+01 5.150000e-02
8.125000e-01 1.839000e+01 4.817000e-02
8.750000e-01 1.848000e+01 4.527000e-02
9.375000e-01 1.856000e+01 4.273000e-02
1.000000e+00 1.861000e+01 4.047000e-02
1.125000e+00 1.865000e+01 3.665000e-02
1.250000e+00 1.864000e+01 3.352000e-02
1.375000e+00 1.860000e+01 3.092000e-02
1.500000e+00 1.852000e+01 2.872000e-02
1.625000e+00 1.842000e+01 2.682000e-02
1.750000e+00 1.830000e+01 2.518000e-02
1.875000e+00 1.817886e+01 2.372455e-02
2.000000e+00 1.804000e+01 2.246000e-02
2.125000e+00 1.787728e+01 2.131498e-02
2.187500e+00 1.778379e+01 2.079029e-02
2.250000e+00 1.768000e+01 2.030000e-02
2.375000e+00 1.743873e+01 1.937673e-02
2.437500e+00 1.731259e+01 1.894634e-02
2.500000e+00 1.719000e+01 1.854000e-02
2.625000e+00 1.697808e+01 1.777058e-02
2.687500e+00 1.688244e+01 1.741049e-02
2.750000e+00 1.679000e+01 1.707000e-02
2.875000e+00 1.659628e+01 1.642788e-02
2.937500e+00 1.649780e+01 1.612669e-02
3.000000e+00 1.640000e+01 1.584000e-02
3.125000e+00 1.621235e+01 1.529041e-02
3.187500e+00 1.612087e+01 1.502954e-02
3.250000e+00 1.603000e+01 1.478000e-02
3.375000e+00 1.584456e+01 1.430335e-02
3.437500e+00 1.575174e+01 1.407709e-02
3.500000e+00 1.566000e+01 1.386000e-02
3.625000e+00 1.548225e+01 1.344146e-02
3.687500e+00 1.539557e+01 1.324174e-02
3.750000e+00 1.531000e+01 1.305000e-02
3.875000e+00 1.513909e+01 1.268351e-02
3.937500e+00 1.505420e+01 1.250873e-02
4.000000e+00 1.497000e+01 1.234000e-02
4.125000e+00 1.480353e+01 1.201126e-02
4.187500e+00 1.472135e+01 1.185292e-02
4.250000e+00 1.464000e+01 1.170000e-02
4.375000e+00 1.447827e+01 1.140620e-02
4.437500e+00 1.439853e+01 1.126568e-02
4.500000e+00 1.432000e+01 1.113000e-02
4.750000e+00 1.401673e+01 1.061518e-02
4.875000e+00 1.387121e+01 1.037557e-02
4.937500e+00 1.380005e+01 1.026089e-02
5.000000e+00 1.373000e+01 1.015000e-02
5.312500e+00 1.338771e+01 9.627405e-03
5.468750e+00 1.322180e+01 9.386126e-03
5.546875e+00 1.314035e+01 9.271063e-03
5.625000e+00 1.306000e+01 9.160000e-03
5.937500e+00 1.274269e+01 8.736234e-03
6.093750e+00 1.258880e+01 8.538043e-03
6.171875e+00 1.251363e+01 8.443000e-03
6.250000e+00 1.244000e+01 8.351000e-03
6.562500e+00 1.215716e+01 8.000207e-03
6.718750e+00 1.202171e+01 7.835790e-03
6.796875e+00 1.195541e+01 7.756736e-03
6.875000e+00 1.189000e+01 7.680000e-03
7.187500e+00 1.163079e+01 7.385461e-03
7.343750e+00 1.150394e+01 7.246408e-03
7.421875e+00 1.144153e+01 7.179300e-03
7.500000e+00 1.138000e+01 7.114000e-03
7.812500e+00 1.113894e+01 6.862850e-03
7.968750e+00 1.102256e+01 6.743816e-03
8.046875e+00 1.096573e+01 6.686202e-03
8.125000e+00 1.091000e+01 6.630000e-03
8.437500e+00 1.069461e+01 6.412730e-03
8.593750e+00 1.059096e+01 6.309239e-03
8.750000e+00 1.049000e+01 6.210000e-03
9.062500e+00 1.029171e+01 6.020068e-03
9.218750e+00 1.019487e+01 5.929748e-03
9.375000e+00 1.010000e+01 5.843000e-03
9.687500e+00 9.913915e+00 5.675892e-03
9.843750e+00 9.823349e+00 5.595981e-03
1.000000e+01 9.735000e+00 5.519000e-03
1.062500e+01 9.397694e+00 5.229725e-03
1.093750e+01 9.238725e+00 5.096519e-03
1.109375e+01 9.161912e+00 5.033110e-03
1.125000e+01 9.087000e+00 4.972000e-03
1.187500e+01 8.796713e+00 4.739653e-03
1.218750e+01 8.658109e+00 4.631254e-03
1.234375e+01 8.590794e+00 4.579300e-03
1.250000e+01 8.525000e+00 4.529000e-03
1.312500e+01 8.270469e+00 4.336764e-03
1.343750e+01 8.148924e+00 4.246524e-03
1.359375e+01 8.089834e+00 4.203122e-03
1.375000e+01 8.032000e+00 4.161000e-03
1.437500e+01 7.807437e+00 3.999569e-03
1.468750e+01 7.699796e+00 3.923450e-03
1.484375e+01 7.647369e+00 3.886729e-03
1.500000e+01 7.596000e+00 3.851000e-03
1.562500e+01 7.396370e+00 3.713461e-03
1.593750e+01 7.300540e+00 3.648275e-03
1.609375e+01 7.253818e+00 3.616741e-03
1.625000e+01 7.208000e+00 3.586000e-03
1.687500e+01 7.029712e+00 3.467442e-03
1.718750e+01 6.943951e+00 3.411052e-03
1.734375e+01 6.902088e+00 3.383706e-03
1.750000e+01 6.861000e+00 3.357000e-03
1.875000e+01 6.548121e+00 3.156511e-03
1.937500e+01 6.402688e+00 3.064955e-03
1.968750e+01 6.333164e+00 3.021605e-03
1.984375e+01 6.299272e+00 3.000577e-03
2.000000e+01 6.266000e+00 2.980000e-03
2.125000e+01 6.010565e+00 2.823110e-03
2.187500e+01 5.890899e+00 2.750260e-03
2.218750e+01 5.833513e+00 2.715502e-03
2.250000e+01 5.778000e+00 2.682000e-03
2.375000e+01 5.566618e+00 2.555299e-03
2.437500e+01 5.467969e+00 2.496439e-03
2.468750e+01 5.420713e+00 2.468266e-03
2.500000e+01 5.375000e+00 2.441000e-03
2.625000e+01 5.200562e+00 2.336634e-03
2.687500e+01 5.118981e+00 2.287560e-03
2.718750e+01 5.079862e+00 2.263938e-03
2.750000e+01 5.042000e+00 2.241000e-03
2.875000e+01 4.899573e+00 2.152936e-03
2.937500e+01 4.832012e+00 2.111426e-03
2.968750e+01 4.798879e+00 2.091426e-03
3.000000e+01 4.766000e+00 2.072000e-03
3.125000e+01 4.631843e+00 1.997700e-03
3.187500e+01 4.565425e+00 1.962590e-03
3.218750e+01 4.532855e+00 1.945596e-03
3.250000e+01 4.501000e+00 1.929000e-03
3.375000e+01 4.380323e+00 1.864411e-03
3.437500e+01 4.323517e+00 1.833552e-03
3.468750e+01 4.295980e+00 1.818589e-03
3.500000e+01 4.269000e+00 1.804000e-03
3.625000e+01 4.162909e+00 1.748072e-03
3.687500e+01 4.111596e+00 1.721522e-03
3.718750e+01 4.086546e+00 1.708628e-03
3.750000e+01 4.062000e+00 1.696000e-03
3.875000e+01 3.967206e+00 1.646649e-03
3.937500e+01 3.921844e+00 1.622901e-03
3.968750e+01 3.899723e+00 1.611330e-03
4.000000e+01 3.878000e+00 1.600000e-03
4.125000e+01 3.792968e+00 1.556180e-03
4.187500e+01 3.751861e+00 1.535219e-03
4.218750e+01 3.731754e+00 1.525010e-03
4.250000e+01 3.712000e+00 1.515000e-03
4.375000e+01 3.635213e+00 1.475994e-03
4.437500e+01 3.598126e+00 1.457200e-03
4.468750e+01 3.579937e+00 1.448018e-03
4.500000e+01 3.562000e+00 1.439000e-03
4.750000e+01 3.422644e+00 1.370212e-03
4.875000e+01 3.356327e+00 1.338166e-03
4.937500e+01 3.324240e+00 1.322828e-03
5.000000e+01 3.293000e+00 1.308000e-03
5.312500e+01 3.144317e+00 1.238210e-03
5.468750e+01 3.075091e+00 1.206061e-03
5.546875e+01 3.041983e+00 1.190754e-03
5.585938e+01 3.025843e+00 1.183306e-03
5.625000e+01 3.010000e+00 1.176000e-03
5.937500e+01 2.888582e+00 1.119959e-03
6.093750e+01 2.831719e+00 1.093730e-03
6.171875e+01 2.804430e+00 1.081158e-03
6.250000e+01 2.778000e+00 1.069000e-03
6.562500e+01 2.677208e+00 1.022811e-03
6.718750e+01 2.629905e+00 1.001227e-03
6.796875e+01 2.607132e+00 9.908601e-04
6.875000e+01 2.585000e+00 9.808000e-04
7.187500e+01 2.499757e+00 9.421480e-04
7.343750e+01 2.459422e+00 9.238884e-04
7.421875e+01 2.439946e+00 9.150752e-04
7.500000e+01 2.421000e+00 9.065000e-04
7.812500e+01 2.348377e+00 8.735287e-04
7.968750e+01 2.313973e+00 8.579146e-04
8.046875e+01 2.297299e+00 8.503625e-04
8.125000e+01 2.281000e+00 8.430000e-04
8.437500e+01 2.217523e+00 8.145715e-04
8.593750e+01 2.187145e+00 8.010504e-04
8.671875e+01 2.172397e+00 7.944970e-04
8.750000e+01 2.158000e+00 7.881000e-04
9.062500e+01 2.102589e+00 7.633971e-04
9.218750e+01 2.076258e+00 7.516200e-04
9.296875e+01 2.063486e+00 7.458982e-04
9.375000e+01 2.051000e+00 7.403000e-04
9.687500e+01 2.002592e+00 7.185609e-04
9.843750e+01 1.979391e+00 7.081416e-04
9.921875e+01 1.968085e+00 7.030684e-04
1.000000e+02 1.957000e+00 6.981000e-04
1.062500e+02 1.872709e+00 6.605552e-04
1.093750e+02 1.833631e+00 6.432591e-04
1.109375e+02 1.814985e+00 6.350283e-04
1.125000e+02 1.797000e+00 6.271000e-04
1.187500e+02 1.728760e+00 5.970084e-04
1.218750e+02 1.696972e+00 5.829976e-04
1.234375e+02 1.681743e+00 5.762895e-04
1.250000e+02 1.667000e+00 5.698000e-04
1.312500e+02 1.610605e+00 5.450255e-04
1.343750e+02 1.584114e+00 5.334067e-04
1.359375e+02 1.571369e+00 5.278206e-04
1.375000e+02 1.559000e+00 5.224000e-04
1.437500e+02 1.511561e+00 5.016171e-04
1.468750e+02 1.489217e+00 4.918192e-04
1.484375e+02 1.478454e+00 4.870945e-04
1.500000e+02 1.468000e+00 4.825000e-04
1.562500e+02 1.427981e+00 4.648429e-04
1.593750e+02 1.409073e+00 4.564839e-04
1.609375e+02 1.399926e+00 4.524412e-04
1.625000e+02 1.391000e+00 4.485000e-04
1.687500e+02 1.356389e+00 4.332799e-04
1.718750e+02 1.339861e+00 4.260378e-04
1.734375e+02 1.331837e+00 4.225269e-04
1.750000e+02 1.324000e+00 4.191000e-04
1.875000e+02 1.265341e+00 3.934667e-04
1.937500e+02 1.238666e+00 3.818032e-04
1.968750e+02 1.226068e+00 3.762888e-04
2.000000e+02 1.214000e+00 3.710000e-04
2.125000e+02 1.168522e+00 3.510079e-04
2.187500e+02 1.147562e+00 3.417589e-04
2.218750e+02 1.137593e+00 3.373500e-04
2.250000e+02 1.128000e+00 3.331000e-04
2.500000e+02 1.059000e+00 3.024000e-04
