4.347826e-03 9.844000e-01 7.539000e-01
4.782609e-03 1.021000e+00 7.225000e-01
5.000000e-03 1.039045e+00 7.078450e-01
5.108695e-03 1.048028e+00 7.008151e-01
5.217391e-03 1.057000e+00 6.940000e-01
5.434783e-03 1.075049e+00 6.807049e-01
5.543478e-03 1.084054e+00 6.742650e-01
5.652174e-03 1.093000e+00 6.680000e-01
5.869565e-03 1.110535e+00 6.558238e-01
5.978261e-03 1.119247e+00 6.499339e-01
6.086957e-03 1.128000e+00 6.442000e-01
6.304348e-03 1.145876e+00 6.330143e-01
6.413043e-03 1.154924e+00 6.275887e-01
6.521739e-03 1.164000e+00 6.223000e-01
6.739131e-03 1.181975e+00 6.119869e-01
6.847826e-03 1.190960e+00 6.069824e-01
6.956522e-03 1.200000e+00 6.021000e-01
7.173913e-03 1.218457e+00 5.925588e-01
7.282608e-03 1.227748e+00 5.879233e-01
7.391304e-03 1.237000e+00 5.834000e-01
7.608696e-03 1.255115e+00 5.745795e-01
7.717391e-03 1.264067e+00 5.702921e-01
7.826087e-03 1.273000e+00 5.661000e-01
8.260870e-03 1.309207e+00 5.498728e-01
8.478261e-03 1.327538e+00 5.421314e-01
8.586956e-03 1.336754e+00 5.383729e-01
8.695652e-03 1.346000e+00 5.347000e-01
9.239130e-03 1.392422e+00 5.170766e-01
9.510870e-03 1.415702e+00 5.087490e-01
9.646739e-03 1.427351e+00 5.047237e-01
9.782609e-03 1.439000e+00 5.008000e-01
1.032609e-02 1.485469e+00 4.856335e-01
1.059783e-02 1.508706e+00 4.784149e-01
1.073370e-02 1.520342e+00 4.749156e-01
1.086957e-02 1.532000e+00 4.715000e-01
1.141305e-02 1.578896e+00 4.583235e-01
1.168478e-02 1.602436e+00 4.520422e-01
1.182065e-02 1.614218e+00 4.489891e-01
1.195652e-02 1.626000e+00 4.460000e-01
1.250000e-02 1.673036e+00 4.343631e-01
1.277174e-02 1.696522e+00 4.287795e-01
1.290761e-02 1.708261e+00 4.260611e-01
1.304348e-02 1.720000e+00 4.234000e-01
1.358695e-02 1.766929e+00 4.131015e-01
1.385869e-02 1.790432e+00 4.081678e-01
1.399456e-02 1.802205e+00 4.057618e-01
1.413043e-02 1.814000e+00 4.034000e-01
1.467391e-02 1.861469e+00 3.941687e-01
1.494565e-02 1.885255e+00 3.897139e-01
1.508152e-02 1.897138e+00 3.875372e-01
1.521739e-02 1.909000e+00 3.854000e-01
1.576087e-02 1.956126e+00 3.770859e-01
1.603261e-02 1.979577e+00 3.730818e-01
1.616848e-02 1.991289e+00 3.711244e-01
1.630435e-02 2.003000e+00 3.692000e-01
1.684782e-02 2.049953e+00 3.616764e-01
1.711956e-02 2.073470e+00 3.580365e-01
1.725543e-02 2.085234e+00 3.562538e-01
1.739130e-02 2.097000e+00 3.545000e-01
1.847826e-02 2.191151e+00 3.410764e-01
1.902174e-02 2.238141e+00 3.347774e-01
1.929348e-02 2.261592e+00 3.317456e-01
1.942935e-02 2.273303e+00 3.302616e-01
1.956522e-02 2.285000e+00 3.288000e-01
2.065218e-02 2.378342e+00 3.174934e-01
2.119565e-02 2.424784e+00 3.121269e-01
2.146739e-02 2.447925e+00 3.095304e-01
2.173913e-02 2.471000e+00 3.070000e-01
2.282608e-02 2.562843e+00 2.972505e-01
2.336956e-02 2.608509e+00 2.926242e-01
2.364130e-02 2.631277e+00 2.903846e-01
2.391304e-02 2.654000e+00 2.882000e-01
2.500000e-02 2.744786e+00 2.797674e-01
2.554348e-02 2.789999e+00 2.757525e-01
2.581522e-02 2.812532e+00 2.738042e-01
2.608696e-02 2.835000e+00 2.719000e-01
2.717391e-02 2.924479e+00 2.645308e-01
2.771739e-02 2.968892e+00 2.610037e-01
2.798913e-02 2.990990e+00 2.592853e-01
2.826087e-02 3.013000e+00 2.576000e-01
2.934783e-02 3.100500e+00 2.510226e-01
2.989130e-02 3.143894e+00 2.478569e-01
3.016304e-02 3.165486e+00 2.463130e-01
3.043478e-02 3.187000e+00 2.448000e-01
3.260870e-02 3.357720e+00 2.333894e-01
3.369565e-02 3.441899e+00 2.281296e-01
3.423913e-02 3.483603e+00 2.256217e-01
3.451087e-02 3.504343e+00 2.243998e-01
3.478261e-02 3.525000e+00 2.232000e-01
3.695652e-02 3.688819e+00 2.139680e-01
3.804348e-02 3.769484e+00 2.096219e-01
3.858695e-02 3.809407e+00 2.075301e-01
3.885869e-02 3.829248e+00 2.065069e-01
3.913043e-02 3.849000e+00 2.055000e-01
4.130434e-02 4.005341e+00 1.977391e-01
4.239130e-02 4.082223e+00 1.940778e-01
4.293478e-02 4.120266e+00 1.923136e-01
4.347826e-02 4.158000e+00 1.906000e-01
4.565218e-02 4.307346e+00 1.840445e-01
4.673913e-02 4.380750e+00 1.809515e-01
4.728261e-02 4.417040e+00 1.794570e-01
4.782609e-02 4.453000e+00 1.780000e-01
5.000000e-02 4.594842e+00 1.723617e-01
5.108696e-02 4.664449e+00 1.696751e-01
5.163043e-02 4.698868e+00 1.683721e-01
5.217391e-02 4.733000e+00 1.671000e-01
5.434783e-02 4.868172e+00 1.621845e-01
5.543478e-02 4.934619e+00 1.598440e-01
5.597826e-02 4.967463e+00 1.587088e-01
5.652174e-02 5.000000e+00 1.576000e-01
5.869565e-02 5.128287e+00 1.533229e-01
5.978261e-02 5.191166e+00 1.512774e-01
6.032609e-02 5.222226e+00 1.502799e-01
6.086957e-02 5.253000e+00 1.493000e-01
6.304348e-02 5.374515e+00 1.454496e-01
6.413043e-02 5.434200e+00 1.435913e-01
6.467391e-02 5.463721e+00 1.426858e-01
6.521739e-02 5.493000e+00 1.418000e-01
6.739130e-02 5.608939e+00 1.383964e-01
6.847826e-02 5.665927e+00 1.367717e-01
6.956522e-02 5.722000e+00 1.352000e-01
7.173913e-02 5.832099e+00 1.321266e-01
7.282608e-02 5.886001e+00 1.306403e-01
7.391304e-02 5.939000e+00 1.292000e-01
7.608695e-02 6.043426e+00 1.264255e-01
7.717391e-02 6.094642e+00 1.250926e-01
7.826087e-02 6.145000e+00 1.238000e-01
8.260869e-02 6.340792e+00 1.188437e-01
8.478261e-02 6.434928e+00 1.165115e-01
8.586956e-02 6.480883e+00 1.153891e-01
8.695652e-02 6.526000e+00 1.143000e-01
9.239131e-02 6.744803e+00 1.091480e-01
9.510870e-02 6.849401e+00 1.067551e-01
9.646739e-02 6.900251e+00 1.056094e-01
9.782609e-02 6.950000e+00 1.045000e-01
1.032609e-01 7.143010e+00 1.002426e-01
1.059783e-01 7.235292e+00 9.823904e-02
1.073370e-01 7.280141e+00 9.727509e-02
1.086957e-01 7.324000e+00 9.634000e-02
1.141304e-01 7.493802e+00 9.276772e-02
1.168478e-01 7.574935e+00 9.108759e-02
1.182065e-01 7.614387e+00 9.027776e-02
1.195652e-01 7.653000e+00 8.949000e-02
1.250000e-01 7.802952e+00 8.645631e-02
1.277174e-01 7.874791e+00 8.501692e-02
1.304348e-01 7.944000e+00 8.364000e-02
1.358696e-01 8.077229e+00 8.100655e-02
1.385869e-01 8.140831e+00 7.975695e-02
1.413043e-01 8.202000e+00 7.856000e-02
1.467391e-01 8.319647e+00 7.626402e-02
1.494565e-01 8.375851e+00 7.517062e-02
1.521739e-01 8.430000e+00 7.412000e-02
1.576087e-01 8.534637e+00 7.209844e-02
1.603261e-01 8.584739e+00 7.113192e-02
1.630435e-01 8.633000e+00 7.020000e-02
1.684782e-01 8.725852e+00 6.839862e-02
1.739130e-01 8.813000e+00 6.670000e-02
1.847826e-01 8.974762e+00 6.355006e-02
1.902174e-01 9.048930e+00 6.209996e-02
1.956522e-01 9.118000e+00 6.074000e-02
2.065218e-01 9.247035e+00 5.816940e-02
2.119565e-01 9.306494e+00 5.696719e-02
2.173913e-01 9.362000e+00 5.583000e-02
2.282609e-01 9.465565e+00 5.367828e-02
2.391304e-01 9.558000e+00 5.171000e-02
2.500000e-01 9.642191e+00 4.987865e-02
2.608696e-01 9.717000e+00 4.820000e-02
2.717391e-01 9.785313e+00 4.662494e-02
2.826087e-01 9.846000e+00 4.517000e-02
2.934782e-01 9.900975e+00 4.380060e-02
3.043478e-01 9.950000e+00 4.253000e-02
3.260869e-01 1.003826e+01 4.019407e-02
3.478261e-01 1.011000e+01 3.814000e-02
3.913043e-01 1.021000e+01 3.462000e-02
4.347826e-01 1.027000e+01 3.174000e-02
4.782609e-01 1.031000e+01 2.934000e-02
5.217391e-01 1.034000e+01 2.729000e-02
5.652174e-01 1.034000e+01 2.553000e-02
6.086957e-01 1.034000e+01 2.400000e-02
6.521739e-01 1.033000e+01 2.266000e-02
6.956522e-01 1.031000e+01 2.146000e-02
7.391304e-01 1.029000e+01 2.040000e-02
7.826087e-01 1.026000e+01 1.944000e-02
8.695652e-01 1.020000e+01 1.778000e-02
9.782609e-01 1.011000e+01 1.610000e-02
1.032609e+00 1.005605e+01 1.537025e-02
1.086957e+00 1.000000e+01 1.472000e-02
1.141304e+00 9.947853e+00 1.411734e-02
1.195652e+00 9.896000e+00 1.357000e-02
1.250000e+00 9.840257e+00 1.306270e-02
1.304348e+00 9.782000e+00 1.260000e-02
1.358696e+00 9.723686e+00 1.216842e-02
1.413043e+00 9.665000e+00 1.177000e-02
1.467391e+00 9.605666e+00 1.139134e-02
1.521739e+00 9.546000e+00 1.104000e-02
1.576087e+00 9.486534e+00 1.071300e-02
1.630435e+00 9.427000e+00 1.041000e-02
1.684783e+00 9.367059e+00 1.011990e-02
1.739130e+00 9.307000e+00 9.847000e-03
1.847826e+00 9.187908e+00 9.342800e-03
1.902174e+00 9.128517e+00 9.111771e-03
1.956522e+00 9.069000e+00 8.896000e-03
2.065218e+00 8.953742e+00 8.490177e-03
2.119565e+00 8.893377e+00 8.301228e-03
2.173913e+00 8.828000e+00 8.123000e-03
2.282609e+00 8.671937e+00 7.786073e-03
2.336956e+00 8.589393e+00 7.628363e-03
2.391304e+00 8.509000e+00 7.479000e-03
2.500000e+00 8.370741e+00 7.195881e-03
2.554348e+00 8.309004e+00 7.062731e-03
2.608696e+00 8.250000e+00 6.936000e-03
2.717391e+00 8.128311e+00 6.694010e-03
2.771739e+00 8.066922e+00 6.579462e-03
2.826087e+00 8.006000e+00 6.470000e-03
2.934782e+00 7.887386e+00 6.260634e-03
2.989130e+00 7.829643e+00 6.161238e-03
3.043478e+00 7.773000e+00 6.066000e-03
3.260870e+00 7.551683e+00 5.711010e-03
3.369565e+00 7.444757e+00 5.549153e-03
3.423913e+00 7.392438e+00 5.472540e-03
3.478261e+00 7.341000e+00 5.399000e-03
3.695652e+00 7.140090e+00 5.120717e-03
3.804347e+00 7.043079e+00 4.991807e-03
3.858695e+00 6.995632e+00 4.930311e-03
3.913043e+00 6.949000e+00 4.871000e-03
4.130434e+00 6.767085e+00 4.645884e-03
4.239130e+00 6.679256e+00 4.540970e-03
4.293478e+00 6.636275e+00 4.490690e-03
4.347826e+00 6.594000e+00 4.442000e-03
4.565218e+00 6.428604e+00 4.255587e-03
4.673913e+00 6.348624e+00 4.167996e-03
4.728261e+00 6.309482e+00 4.125870e-03
4.782609e+00 6.271000e+00 4.085000e-03
5.000000e+00 6.120829e+00 3.928748e-03
5.108695e+00 6.048335e+00 3.855133e-03
5.163043e+00 6.012870e+00 3.819603e-03
5.217391e+00 5.978000e+00 3.785000e-03
5.434782e+00 5.841888e+00 3.651302e-03
5.543478e+00 5.776051e+00 3.587759e-03
5.597826e+00 5.743783e+00 3.556994e-03
5.652174e+00 5.712000e+00 3.527000e-03
5.869566e+00 5.587385e+00 3.411475e-03
5.978261e+00 5.526905e+00 3.356594e-03
6.032609e+00 5.497232e+00 3.329988e-03
6.086957e+00 5.468000e+00 3.304000e-03
6.304348e+00 5.353500e+00 3.203338e-03
6.413044e+00 5.298000e+00 3.155246e-03
6.467391e+00 5.270791e+00 3.131869e-03
6.521739e+00 5.244000e+00 3.109000e-03
6.739130e+00 5.139192e+00 3.020346e-03
6.847826e+00 5.088417e+00 2.977906e-03
6.956522e+00 5.039000e+00 2.937000e-03
7.173913e+00 4.942979e+00 2.858235e-03
7.282609e+00 4.896441e+00 2.820492e-03
7.391304e+00 4.851000e+00 2.784000e-03
7.608695e+00 4.761811e+00 2.713109e-03
7.717391e+00 4.718380e+00 2.678986e-03
7.826087e+00 4.676000e+00 2.646000e-03
8.260870e+00 4.514052e+00 2.522136e-03
8.478261e+00 4.437741e+00 2.464877e-03
8.586956e+00 4.400896e+00 2.437501e-03
8.695652e+00 4.365000e+00 2.411000e-03
9.239131e+00 4.192823e+00 2.284739e-03
9.510870e+00 4.111821e+00 2.226030e-03
9.646739e+00 4.072837e+00 2.198008e-03
9.782609e+00 4.035000e+00 2.171000e-03
1.032609e+01 3.890242e+00 2.068963e-03
1.059783e+01 3.822010e+00 2.021600e-03
1.073370e+01 3.789074e+00 1.998935e-03
1.086957e+01 3.757000e+00 1.977000e-03
1.141305e+01 3.633092e+00 1.892940e-03
1.168478e+01 3.574236e+00 1.853428e-03
1.182065e+01 3.545755e+00 1.834427e-03
1.195652e+01 3.518000e+00 1.816000e-03
1.250000e+01 3.411221e+00 1.745640e-03
1.277174e+01 3.360543e+00 1.712529e-03
1.290761e+01 3.335985e+00 1.696555e-03
1.304348e+01 3.312000e+00 1.681000e-03
1.358695e+01 3.219099e+00 1.620876e-03
1.385869e+01 3.174705e+00 1.592304e-03
1.399456e+01 3.153121e+00 1.578476e-03
1.413043e+01 3.132000e+00 1.565000e-03
1.467391e+01 3.050043e+00 1.513199e-03
1.494565e+01 3.010801e+00 1.488600e-03
1.508152e+01 2.991702e+00 1.476668e-03
1.521739e+01 2.973000e+00 1.465000e-03
1.576087e+01 2.900409e+00 1.419604e-03
1.603261e+01 2.865599e+00 1.397874e-03
1.616848e+01 2.848634e+00 1.387316e-03
1.630435e+01 2.832000e+00 1.377000e-03
1.684783e+01 2.767302e+00 1.337221e-03
1.711956e+01 2.736161e+00 1.318253e-03
1.725543e+01 2.720946e+00 1.309030e-03
1.739130e+01 2.706000e+00 1.300000e-03
1.847826e+01 2.591748e+00 1.231477e-03
1.902174e+01 2.538370e+00 1.199749e-03
1.929348e+01 2.512777e+00 1.184610e-03
1.956522e+01 2.488000e+00 1.170000e-03
2.065217e+01 2.393556e+00 1.114357e-03
2.119565e+01 2.349192e+00 1.088412e-03
2.146739e+01 2.327809e+00 1.075997e-03
2.173913e+01 2.307000e+00 1.064000e-03
2.282608e+01 2.226598e+00 1.018447e-03
2.336956e+01 2.188430e+00 9.971591e-04
2.364130e+01 2.169973e+00 9.869304e-04
2.391304e+01 2.152000e+00 9.770000e-04
2.500000e+01 2.082988e+00 9.387873e-04
2.554348e+01 2.050291e+00 9.207150e-04
2.581522e+01 2.034458e+00 9.119896e-04
2.608696e+01 2.019000e+00 9.035000e-04
2.717392e+01 1.959219e+00 8.708824e-04
2.771739e+01 1.930613e+00 8.554444e-04
2.798913e+01 1.916674e+00 8.479784e-04
2.826087e+01 1.903000e+00 8.407000e-04
2.934783e+01 1.849648e+00 8.125971e-04
2.989130e+01 1.823920e+00 7.992212e-04
3.016304e+01 1.811347e+00 7.927343e-04
3.043478e+01 1.799000e+00 7.864000e-04
3.260869e+01 1.704692e+00 7.389144e-04
3.369565e+01 1.660917e+00 7.172657e-04
3.423913e+01 1.640062e+00 7.070240e-04
3.451087e+01 1.629925e+00 7.020581e-04
3.478261e+01 1.620000e+00 6.972000e-04
3.695652e+01 1.544667e+00 6.601819e-04
3.804348e+01 1.509760e+00 6.430000e-04
3.858695e+01 1.493093e+00 6.348023e-04
3.885869e+01 1.484972e+00 6.308121e-04
3.913043e+01 1.477000e+00 6.269000e-04
4.130434e+01 1.415793e+00 5.970447e-04
4.239130e+01 1.387098e+00 5.831223e-04
4.293478e+01 1.373329e+00 5.764530e-04
4.347826e+01 1.360000e+00 5.700000e-04
4.565217e+01 1.309325e+00 5.453802e-04
4.673913e+01 1.285572e+00 5.338370e-04
4.728261e+01 1.274131e+00 5.282869e-04
4.782609e+01 1.263000e+00 5.229000e-04
5.000000e+01 1.219946e+00 5.022269e-04
5.108696e+01 1.199502e+00 4.924752e-04
5.163043e+01 1.189619e+00 4.877726e-04
5.217391e+01 1.180000e+00 4.832000e-04
5.434783e+01 1.143136e+00 4.656394e-04
5.543478e+01 1.125692e+00 4.573318e-04
5.597826e+01 1.117247e+00 4.533152e-04
5.652174e+01 1.109000e+00 4.494000e-04
5.869566e+01 1.076955e+00 4.342849e-04
5.978261e+01 1.061655e+00 4.270932e-04
6.032609e+01 1.054236e+00 4.236058e-04
6.086957e+01 1.047000e+00 4.202000e-04
6.304348e+01 1.019221e+00 4.070286e-04
6.413044e+01 1.006012e+00 4.007429e-04
6.467391e+01 9.995921e-01 3.976884e-04
6.521739e+01 9.933000e-01 3.947000e-04
6.739130e+01 9.687027e-01 3.830998e-04
6.847826e+01 9.568503e-01 3.775464e-04
6.902174e+01 9.510680e-01 3.748445e-04
6.956522e+01 9.454000e-01 3.722000e-04
7.173913e+01 9.234204e-01 3.619561e-04
7.282608e+01 9.128807e-01 3.570456e-04
7.336956e+01 9.077418e-01 3.546507e-04
7.391304e+01 9.027000e-01 3.523000e-04
7.608695e+01 8.830442e-01 3.431166e-04
7.717391e+01 8.735720e-01 3.386871e-04
7.771739e+01 8.689442e-01 3.365235e-04
7.826087e+01 8.644000e-01 3.344000e-04
8.260869e+01 8.297966e-01 3.182929e-04
8.478261e+01 8.136837e-01 3.108230e-04
8.586956e+01 8.059671e-01 3.072521e-04
8.695652e+01 7.985000e-01 3.038000e-04
9.239130e+01 7.632022e-01 2.874873e-04
9.510870e+01 7.468821e-01 2.799509e-04
9.646739e+01 7.391020e-01 2.763603e-04
9.714674e+01 7.353147e-01 2.746132e-04
9.782609e+01 7.316000e-01 2.729000e-04
1.032609e+02 7.031566e-01 2.597909e-04
1.059783e+02 6.898533e-01 2.536683e-04
1.073370e+02 6.834741e-01 2.507357e-04
1.086957e+02 6.773000e-01 2.479000e-04
1.141304e+02 6.537721e-01 2.371193e-04
1.168478e+02 6.427475e-01 2.320765e-04
1.182065e+02 6.374465e-01 2.296529e-04
1.195652e+02 6.323000e-01 2.273000e-04
1.250000e+02 6.125258e-01 2.182475e-04
1.277174e+02 6.031876e-01 2.139699e-04
1.290761e+02 5.986821e-01 2.119063e-04
1.304348e+02 5.943000e-01 2.099000e-04
1.358696e+02 5.774686e-01 2.022070e-04
1.385869e+02 5.695046e-01 1.985711e-04
1.399456e+02 5.656538e-01 1.968135e-04
1.413043e+02 5.619000e-01 1.951000e-04
1.467391e+02 5.474035e-01 1.884727e-04
1.494565e+02 5.405071e-01 1.853188e-04
1.508152e+02 5.371639e-01 1.837907e-04
1.521739e+02 5.339000e-01 1.823000e-04
1.576087e+02 5.212895e-01 1.765577e-04
1.603261e+02 5.152770e-01 1.738251e-04
1.616848e+02 5.123565e-01 1.724982e-04
1.630435e+02 5.095000e-01 1.712000e-04
1.684783e+02 4.984178e-01 1.661559e-04
1.711956e+02 4.931112e-01 1.637355e-04
1.725543e+02 4.905286e-01 1.625560e-04
1.739130e+02 4.880000e-01 1.614000e-04
1.847826e+02 4.689082e-01 1.526299e-04
1.902174e+02 4.601164e-01 1.485806e-04
1.929348e+02 4.559320e-01 1.466539e-04
1.956522e+02 4.519000e-01 1.448000e-04
2.065217e+02 4.365656e-01 1.377999e-04
2.119565e+02 4.294218e-01 1.345538e-04
2.146739e+02 4.260036e-01 1.330015e-04
2.173913e+02 4.227000e-01 1.315000e-04
2.282609e+02 4.101300e-01 1.257581e-04
2.336956e+02 4.042545e-01 1.230599e-04
2.364130e+02 4.014342e-01 1.217612e-04
2.391304e+02 3.987000e-01 1.205000e-04
2.500000e+02 3.882189e-01 1.156511e-04
2.554348e+02 3.832844e-01 1.133662e-04
2.581522e+02 3.809081e-01 1.122666e-04
2.608696e+02 3.786000e-01 1.112000e-04
2.717391e+02 3.697535e-01 1.071413e-04
2.771739e+02 3.655785e-01 1.052293e-04
2.798913e+02 3.635628e-01 1.043041e-04
2.826087e+02 3.616000e-01 1.034000e-04
2.934783e+02 3.540334e-01 9.986991e-05
2.989130e+02 3.504393e-01 9.817648e-05
3.043478e+02 3.470000e-01 9.655000e-05
3.260870e+02 3.342671e-01 9.057013e-05
3.369565e+02 3.285089e-01 8.787622e-05
3.423913e+02 3.257958e-01 8.660674e-05
3.478261e+02 3.232000e-01 8.539000e-05
3.695652e+02 3.134086e-01 8.076684e-05
3.804348e+02 3.088996e-01 7.862048e-05
3.858695e+02 3.067579e-01 7.759661e-05
3.913043e+02 3.047000e-01 7.661000e-05
4.347826e+02 2.900000e-01 6.952000e-05
