6.250000e-04 4.018000e-01 9.355000e-01
6.875000e-04 4.214000e-01 9.205000e-01
7.187500e-04 4.309275e-01 9.130200e-01
7.343750e-04 4.356003e-01 9.092992e-01
7.421875e-04 4.379101e-01 9.074463e-01
7.500000e-04 4.402000e-01 9.056000e-01
7.812500e-04 4.492441e-01 8.982643e-01
7.968750e-04 4.536975e-01 8.946232e-01
8.125000e-04 4.581000e-01 8.910000e-01
8.437500e-04 4.668263e-01 8.837697e-01
8.593750e-04 4.711365e-01 8.801740e-01
8.750000e-04 4.754000e-01 8.766000e-01
9.062500e-04 4.838317e-01 8.695005e-01
9.218750e-04 4.879899e-01 8.659848e-01
9.375000e-04 4.921000e-01 8.625000e-01
9.687500e-04 5.002176e-01 8.555951e-01
9.843750e-04 5.042263e-01 8.521815e-01
1.000000e-03 5.082000e-01 8.488000e-01
1.031250e-03 5.161056e-01 8.420968e-01
1.046875e-03 5.200214e-01 8.387825e-01
1.062500e-03 5.239000e-01 8.355000e-01
1.093750e-03 5.315682e-01 8.289951e-01
1.109375e-03 5.353533e-01 8.257810e-01
1.125000e-03 5.391000e-01 8.226000e-01
1.187500e-03 5.538527e-01 8.100938e-01
1.218750e-03 5.610829e-01 8.039870e-01
1.234375e-03 5.646566e-01 8.009771e-01
1.250000e-03 5.682000e-01 7.980000e-01
1.328125e-03 5.856943e-01 7.833687e-01
1.367187e-03 5.942715e-01 7.762484e-01
1.386719e-03 5.985067e-01 7.727500e-01
1.406250e-03 6.027000e-01 7.693000e-01
1.484375e-03 6.192269e-01 7.557840e-01
1.523438e-03 6.273285e-01 7.492152e-01
1.542969e-03 6.313319e-01 7.459866e-01
1.562500e-03 6.353000e-01 7.428000e-01
1.640625e-03 6.509868e-01 7.302631e-01
1.679688e-03 6.586990e-01 7.241580e-01
1.699219e-03 6.625149e-01 7.211581e-01
1.718750e-03 6.663000e-01 7.182000e-01
1.796875e-03 6.816704e-01 7.066264e-01
1.835937e-03 6.890484e-01 7.010010e-01
1.875000e-03 6.959000e-01 6.955000e-01
1.953125e-03 7.087258e-01 6.847058e-01
1.992188e-03 7.138232e-01 6.794440e-01
2.031250e-03 7.174000e-01 6.743000e-01
2.187500e-03 7.175000e-01 6.546000e-01
2.265625e-03 7.204675e-01 6.452125e-01
2.343750e-03 7.254000e-01 6.362000e-01
2.421875e-03 7.314535e-01 6.274406e-01
2.500000e-03 7.386000e-01 6.190000e-01
2.656250e-03 7.548420e-01 6.028297e-01
2.734375e-03 7.637508e-01 5.951223e-01
2.773437e-03 7.683772e-01 5.913736e-01
2.812500e-03 7.731000e-01 5.877000e-01
2.968750e-03 7.923687e-01 5.733590e-01
3.046875e-03 8.021242e-01 5.664591e-01
3.085938e-03 8.070140e-01 5.630954e-01
3.125000e-03 8.119000e-01 5.598000e-01
3.281250e-03 8.313917e-01 5.470395e-01
3.359375e-03 8.410191e-01 5.409199e-01
3.398438e-03 8.457825e-01 5.379334e-01
3.437500e-03 8.505000e-01 5.350000e-01
3.593750e-03 8.690943e-01 5.235268e-01
3.671875e-03 8.781574e-01 5.179809e-01
3.710937e-03 8.826105e-01 5.152673e-01
3.750000e-03 8.870000e-01 5.126000e-01
3.906250e-03 9.041889e-01 5.021985e-01
3.984375e-03 9.125122e-01 4.971765e-01
4.062500e-03 9.206000e-01 4.923000e-01
4.218750e-03 9.363033e-01 4.828249e-01
4.296875e-03 9.438704e-01 4.782475e-01
4.375000e-03 9.512000e-01 4.738000e-01
4.687500e-03 9.789950e-01 4.568356e-01
4.843750e-03 9.918964e-01 4.488689e-01
4.921875e-03 9.980563e-01 4.450314e-01
5.000000e-03 1.004000e+00 4.413000e-01
5.312500e-03 1.026550e+00 4.269248e-01
5.468750e-03 1.037066e+00 4.201095e-01
5.625000e-03 1.047000e+00 4.136000e-01
5.937500e-03 1.065842e+00 4.011952e-01
6.093750e-03 1.074664e+00 3.953223e-01
6.250000e-03 1.083000e+00 3.897000e-01
6.562500e-03 1.098606e+00 3.789013e-01
6.718750e-03 1.105945e+00 3.737522e-01
6.875000e-03 1.113000e+00 3.688000e-01
7.187500e-03 1.126840e+00 3.592552e-01
7.343750e-03 1.133532e+00 3.546926e-01
7.500000e-03 1.140000e+00 3.503000e-01
7.812500e-03 1.152359e+00 3.418475e-01
7.968750e-03 1.158269e+00 3.378033e-01
8.125000e-03 1.164000e+00 3.339000e-01
8.437500e-03 1.175115e+00 3.263546e-01
8.750000e-03 1.186000e+00 3.192000e-01
9.062500e-03 1.197113e+00 3.123116e-01
9.375000e-03 1.208000e+00 3.058000e-01
9.687500e-03 1.218113e+00 2.996340e-01
1.000000e-02 1.228000e+00 2.938000e-01
1.031250e-02 1.238443e+00 2.881237e-01
1.062500e-02 1.249000e+00 2.827000e-01
1.093750e-02 1.259101e+00 2.775190e-01
1.125000e-02 1.269000e+00 2.726000e-01
1.187500e-02 1.289156e+00 2.632273e-01
1.218750e-02 1.299472e+00 2.588071e-01
1.250000e-02 1.310000e+00 2.546000e-01
1.328125e-02 1.336947e+00 2.446997e-01
1.367188e-02 1.350813e+00 2.400800e-01
1.386719e-02 1.357862e+00 2.378590e-01
1.406250e-02 1.365000e+00 2.357000e-01
1.484375e-02 1.393999e+00 2.273445e-01
1.523437e-02 1.408844e+00 2.233787e-01
1.542969e-02 1.416378e+00 2.214630e-01
1.562500e-02 1.424000e+00 2.196000e-01
1.640625e-02 1.454981e+00 2.124753e-01
1.679688e-02 1.470833e+00 2.091123e-01
1.699219e-02 1.478873e+00 2.074862e-01
1.718750e-02 1.487000e+00 2.059000e-01
1.796875e-02 1.519987e+00 1.997569e-01
1.835937e-02 1.536837e+00 1.968222e-01
1.855469e-02 1.545375e+00 1.953957e-01
1.875000e-02 1.554000e+00 1.940000e-01
1.953125e-02 1.589043e+00 1.885803e-01
1.992187e-02 1.606896e+00 1.859890e-01
2.011719e-02 1.615915e+00 1.847302e-01
2.031250e-02 1.625000e+00 1.835000e-01
2.109375e-02 1.661639e+00 1.787571e-01
2.148438e-02 1.680205e+00 1.764902e-01
2.167969e-02 1.689569e+00 1.753851e-01
2.187500e-02 1.699000e+00 1.743000e-01
2.265625e-02 1.737106e+00 1.700437e-01
2.304688e-02 1.756434e+00 1.679877e-01
2.324219e-02 1.766184e+00 1.669840e-01
2.343750e-02 1.776000e+00 1.660000e-01
2.421875e-02 1.815685e+00 1.621917e-01
2.460938e-02 1.835761e+00 1.603658e-01
2.480469e-02 1.845860e+00 1.594749e-01
2.500000e-02 1.856000e+00 1.586000e-01
2.656250e-02 1.937749e+00 1.519021e-01
2.734375e-02 1.979142e+00 1.487657e-01
2.773437e-02 2.000005e+00 1.472597e-01
2.792969e-02 2.010485e+00 1.465238e-01
2.812500e-02 2.021000e+00 1.458000e-01
2.968750e-02 2.105918e+00 1.402280e-01
3.046875e-02 2.148819e+00 1.375995e-01
3.085938e-02 2.170376e+00 1.363321e-01
3.125000e-02 2.192000e+00 1.351000e-01
3.281250e-02 2.278741e+00 1.303674e-01
3.359375e-02 2.322292e+00 1.281310e-01
3.398438e-02 2.344124e+00 1.270512e-01
3.437500e-02 2.366000e+00 1.260000e-01
3.593750e-02 2.453861e+00 1.219616e-01
3.671875e-02 2.497914e+00 1.200430e-01
3.710938e-02 2.519957e+00 1.191115e-01
3.750000e-02 2.542000e+00 1.182000e-01
3.906250e-02 2.630048e+00 1.146362e-01
3.984375e-02 2.674030e+00 1.129307e-01
4.023438e-02 2.696015e+00 1.121044e-01
4.062500e-02 2.718000e+00 1.113000e-01
4.218750e-02 2.806076e+00 1.082383e-01
4.296875e-02 2.850085e+00 1.067909e-01
4.335937e-02 2.872059e+00 1.060884e-01
4.375000e-02 2.894000e+00 1.054000e-01
4.687500e-02 3.068614e+00 1.000956e-01
4.843750e-02 3.155154e+00 9.761199e-02
4.921875e-02 3.198176e+00 9.642445e-02
4.960938e-02 3.219615e+00 9.584638e-02
5.000000e-02 3.241000e+00 9.528000e-02
5.312500e-02 3.411356e+00 9.098537e-02
5.468750e-02 3.495650e+00 8.899370e-02
5.546875e-02 3.537468e+00 8.804127e-02
5.585938e-02 3.558274e+00 8.757661e-02
5.625000e-02 3.579000e+00 8.712000e-02
5.937500e-02 3.743224e+00 8.360201e-02
6.093750e-02 3.824127e+00 8.194376e-02
6.171875e-02 3.864207e+00 8.114521e-02
6.210938e-02 3.884142e+00 8.075449e-02
6.250000e-02 3.904000e+00 8.037000e-02
6.562500e-02 4.061648e+00 7.741015e-02
6.718750e-02 4.139354e+00 7.601216e-02
6.796875e-02 4.177831e+00 7.533715e-02
6.875000e-02 4.216000e+00 7.468000e-02
7.187500e-02 4.366913e+00 7.214829e-02
7.343750e-02 4.441042e+00 7.094754e-02
7.421875e-02 4.477686e+00 7.036649e-02
7.500000e-02 4.514000e+00 6.980000e-02
7.812500e-02 4.657436e+00 6.761566e-02
7.968750e-02 4.727806e+00 6.657663e-02
8.046875e-02 4.762568e+00 6.607258e-02
8.125000e-02 4.797000e+00 6.558000e-02
8.437500e-02 4.932928e+00 6.367097e-02
8.593750e-02 4.999551e+00 6.275823e-02
8.671875e-02 5.032440e+00 6.231438e-02
8.750000e-02 5.065000e+00 6.188000e-02
9.062500e-02 5.193430e+00 6.019508e-02
9.218750e-02 5.256302e+00 5.938804e-02
9.296875e-02 5.287316e+00 5.899505e-02
9.375000e-02 5.318000e+00 5.861000e-02
9.687500e-02 5.438812e+00 5.711346e-02
9.843750e-02 5.497931e+00 5.639465e-02
9.921875e-02 5.527109e+00 5.604402e-02
1.000000e-01 5.556000e+00 5.570000e-02
1.031250e-01 5.670124e+00 5.436036e-02
1.046875e-01 5.726065e+00 5.371511e-02
1.062500e-01 5.781000e+00 5.309000e-02
1.093750e-01 5.888820e+00 5.187853e-02
1.109375e-01 5.941454e+00 5.129518e-02
1.125000e-01 5.993000e+00 5.073000e-02
1.187500e-01 6.192118e+00 4.858544e-02
1.218750e-01 6.286974e+00 4.758507e-02
1.234375e-01 6.333010e+00 4.710516e-02
1.250000e-01 6.378000e+00 4.664000e-02
1.328125e-01 6.594523e+00 4.443217e-02
1.367188e-01 6.696775e+00 4.340568e-02
1.386719e-01 6.746082e+00 4.291467e-02
1.406250e-01 6.794000e+00 4.244000e-02
1.484375e-01 6.977990e+00 4.062974e-02
1.523438e-01 7.064695e+00 3.978202e-02
1.542969e-01 7.106453e+00 3.937483e-02
1.562500e-01 7.147000e+00 3.898000e-02
1.640625e-01 7.302521e+00 3.746785e-02
1.679688e-01 7.375679e+00 3.675607e-02
1.718750e-01 7.445000e+00 3.608000e-02
1.796875e-01 7.575973e+00 3.479884e-02
1.835938e-01 7.637171e+00 3.419551e-02
1.875000e-01 7.695000e+00 3.362000e-02
1.953125e-01 7.804414e+00 3.251599e-02
1.992188e-01 7.855600e+00 3.199170e-02
2.031250e-01 7.904000e+00 3.149000e-02
2.109375e-01 7.995763e+00 3.053228e-02
2.148438e-01 8.038626e+00 3.007727e-02
2.187500e-01 8.079000e+00 2.964000e-02
2.265625e-01 8.154687e+00 2.879449e-02
2.343750e-01 8.223000e+00 2.800000e-02
2.421875e-01 8.286223e+00 2.724997e-02
2.500000e-01 8.343000e+00 2.655000e-02
2.656250e-01 8.441701e+00 2.525002e-02
2.812500e-01 8.520000e+00 2.409000e-02
2.968750e-01 8.584561e+00 2.302613e-02
3.125000e-01 8.634000e+00 2.207000e-02
3.437500e-01 8.701000e+00 2.039000e-02
3.750000e-01 8.736000e+00 1.896000e-02
4.062500e-01 8.746000e+00 1.773000e-02
4.375000e-01 8.737000e+00 1.666000e-02
5.000000e-01 8.684000e+00 1.489000e-02
5.625000e-01 8.600000e+00 1.348000e-02
5.937500e-01 8.550950e+00 1.287125e-02
6.250000e-01 8.498000e+00 1.233000e-02
6.562500e-01 8.443760e+00 1.182724e-02
6.875000e-01 8.388000e+00 1.137000e-02
7.187500e-01 8.330992e+00 1.094695e-02
7.500000e-01 8.273000e+00 1.056000e-02
7.812500e-01 8.214604e+00 1.019510e-02
8.125000e-01 8.156000e+00 9.858000e-03
8.437500e-01 8.097479e+00 9.542979e-03
8.750000e-01 8.039000e+00 9.252000e-03
9.062500e-01 7.980368e+00 8.976663e-03
9.375000e-01 7.922000e+00 8.720000e-03
9.687500e-01 7.864254e+00 8.477092e-03
1.000000e+00 7.807000e+00 8.250000e-03
1.031250e+00 7.749812e+00 8.033970e-03
1.062500e+00 7.693000e+00 7.831000e-03
1.093750e+00 7.636711e+00 7.637404e-03
1.125000e+00 7.581000e+00 7.455000e-03
1.187500e+00 7.470492e+00 7.113920e-03
1.218750e+00 7.415924e+00 6.955808e-03
1.250000e+00 7.362000e+00 6.807000e-03
1.328125e+00 7.229209e+00 6.458928e-03
1.367188e+00 7.164082e+00 6.298360e-03
1.406250e+00 7.100000e+00 6.148000e-03
1.484375e+00 6.973834e+00 5.865757e-03
1.523438e+00 6.911933e+00 5.734585e-03
1.562500e+00 6.851000e+00 5.611000e-03
1.640625e+00 6.730908e+00 5.377583e-03
1.679688e+00 6.671979e+00 5.268390e-03
1.718750e+00 6.614000e+00 5.165000e-03
1.796875e+00 6.499198e+00 4.968992e-03
1.835938e+00 6.443274e+00 4.876786e-03
1.875000e+00 6.389000e+00 4.789000e-03
1.953125e+00 6.284426e+00 4.621294e-03
1.992188e+00 6.234645e+00 4.541887e-03
2.031250e+00 6.187000e+00 4.466000e-03
2.109375e+00 6.099240e+00 4.320869e-03
2.148438e+00 6.056251e+00 4.251993e-03
2.187500e+00 6.012000e+00 4.186000e-03
2.265625e+00 5.913187e+00 4.059316e-03
2.304688e+00 5.861476e+00 3.998971e-03
2.343750e+00 5.810000e+00 3.941000e-03
2.421875e+00 5.712903e+00 3.829547e-03
2.460938e+00 5.667051e+00 3.776299e-03
2.500000e+00 5.623000e+00 3.725000e-03
2.656250e+00 5.456326e+00 3.531714e-03
2.734375e+00 5.377725e+00 3.442496e-03
2.773438e+00 5.339528e+00 3.399986e-03
2.812500e+00 5.302000e+00 3.359000e-03
2.968750e+00 5.153563e+00 3.203168e-03
3.046875e+00 5.081261e+00 3.130500e-03
3.085938e+00 5.045824e+00 3.095687e-03
3.125000e+00 5.011000e+00 3.062000e-03
3.281250e+00 4.875901e+00 2.933469e-03
3.359375e+00 4.810953e+00 2.873174e-03
3.398438e+00 4.779211e+00 2.844168e-03
3.437500e+00 4.748000e+00 2.816000e-03
3.593750e+00 4.625649e+00 2.707804e-03
3.671875e+00 4.566437e+00 2.656689e-03
3.710938e+00 4.537465e+00 2.632014e-03
3.750000e+00 4.509000e+00 2.608000e-03
3.906250e+00 4.398238e+00 2.515609e-03
3.984375e+00 4.344839e+00 2.471831e-03
4.023438e+00 4.318710e+00 2.450651e-03
4.062500e+00 4.293000e+00 2.430000e-03
4.218750e+00 4.192223e+00 2.350307e-03
4.296875e+00 4.143408e+00 2.312375e-03
4.335938e+00 4.119504e+00 2.293975e-03
4.375000e+00 4.096000e+00 2.276000e-03
4.687500e+00 3.916797e+00 2.140923e-03
4.843750e+00 3.833117e+00 2.079219e-03
4.921875e+00 3.792951e+00 2.050013e-03
4.960938e+00 3.773318e+00 2.035852e-03
5.000000e+00 3.754000e+00 2.022000e-03
5.312500e+00 3.604656e+00 1.916675e-03
5.468750e+00 3.534061e+00 1.867825e-03
5.546875e+00 3.500035e+00 1.844504e-03
5.625000e+00 3.467000e+00 1.822000e-03
5.937500e+00 3.340816e+00 1.736464e-03
6.093750e+00 3.281460e+00 1.696587e-03
6.171875e+00 3.252844e+00 1.677484e-03
6.250000e+00 3.225000e+00 1.659000e-03
6.562500e+00 3.117645e+00 1.588400e-03
6.718750e+00 3.066697e+00 1.555308e-03
6.796875e+00 3.042040e+00 1.539412e-03
6.875000e+00 3.018000e+00 1.524000e-03
7.187500e+00 2.925338e+00 1.465174e-03
7.343750e+00 2.881270e+00 1.437454e-03
7.421875e+00 2.859892e+00 1.424061e-03
7.500000e+00 2.839000e+00 1.411000e-03
7.812500e+00 2.757903e+00 1.360267e-03
7.968750e+00 2.719166e+00 1.336093e-03
8.046875e+00 2.700363e+00 1.324393e-03
8.125000e+00 2.682000e+00 1.313000e-03
8.437500e+00 2.611287e+00 1.269351e-03
8.593750e+00 2.577549e+00 1.248718e-03
8.671875e+00 2.561119e+00 1.238738e-03
8.750000e+00 2.545000e+00 1.229000e-03
9.062500e+00 2.481842e+00 1.191342e-03
9.218750e+00 2.451389e+00 1.173343e-03
9.296875e+00 2.436541e+00 1.164583e-03
9.375000e+00 2.422000e+00 1.156000e-03
9.687500e+00 2.365942e+00 1.122574e-03
9.843750e+00 2.339073e+00 1.106510e-03
9.921875e+00 2.325937e+00 1.098678e-03
1.000000e+01 2.313000e+00 1.091000e-03
1.031250e+01 2.261923e+00 1.061114e-03
1.046875e+01 2.237094e+00 1.046787e-03
1.054688e+01 2.224937e+00 1.039818e-03
1.062500e+01 2.213000e+00 1.033000e-03
1.093750e+01 2.166763e+00 1.006677e-03
1.109375e+01 2.144544e+00 9.940781e-04
1.117188e+01 2.133683e+00 9.879336e-04
1.125000e+01 2.123000e+00 9.819000e-04
1.187500e+01 2.040776e+00 9.355892e-04
1.218750e+01 2.001960e+00 9.138866e-04
1.234375e+01 1.983227e+00 9.034751e-04
1.250000e+01 1.965000e+00 8.934000e-04
1.328125e+01 1.878211e+00 8.460109e-04
1.367188e+01 1.837561e+00 8.241942e-04
1.386719e+01 1.818005e+00 8.138093e-04
1.396484e+01 1.808431e+00 8.087561e-04
1.406250e+01 1.799000e+00 8.038000e-04
1.484375e+01 1.725835e+00 7.657923e-04
1.523438e+01 1.691100e+00 7.479955e-04
1.542969e+01 1.674319e+00 7.394600e-04
1.562500e+01 1.658000e+00 7.312000e-04
1.640625e+01 1.595637e+00 6.997524e-04
1.679688e+01 1.566182e+00 6.850343e-04
1.699219e+01 1.551925e+00 6.779623e-04
1.718750e+01 1.538000e+00 6.711000e-04
1.796875e+01 1.483779e+00 6.447619e-04
1.835938e+01 1.457851e+00 6.323315e-04
1.855469e+01 1.445272e+00 6.263342e-04
1.875000e+01 1.433000e+00 6.205000e-04
1.953125e+01 1.385847e+00 5.980717e-04
1.992188e+01 1.363466e+00 5.874495e-04
2.011719e+01 1.352611e+00 5.823108e-04
2.031250e+01 1.342000e+00 5.773000e-04
2.109375e+01 1.300785e+00 5.579410e-04
2.148438e+01 1.281034e+00 5.487279e-04
2.167969e+01 1.271418e+00 5.442611e-04
2.187500e+01 1.262000e+00 5.399000e-04
2.265625e+01 1.225304e+00 5.230497e-04
2.304688e+01 1.207771e+00 5.150166e-04
2.324219e+01 1.199275e+00 5.111153e-04
2.343750e+01 1.191000e+00 5.073000e-04
2.421875e+01 1.159288e+00 4.925079e-04
2.460938e+01 1.144303e+00 4.854253e-04
2.480469e+01 1.137060e+00 4.819772e-04
2.500000e+01 1.130000e+00 4.786000e-04
2.656250e+01 1.077197e+00 4.530315e-04
2.734375e+01 1.053196e+00 4.412321e-04
2.773438e+01 1.041860e+00 4.356134e-04
2.792969e+01 1.036369e+00 4.328799e-04
2.812500e+01 1.031000e+00 4.302000e-04
2.968750e+01 9.905848e-01 4.097063e-04
3.046875e+01 9.716763e-01 4.001316e-04
3.085938e+01 9.625074e-01 3.955419e-04
3.125000e+01 9.535000e-01 3.911000e-04
3.281250e+01 9.174698e-01 3.741544e-04
3.359375e+01 8.999703e-01 3.662149e-04
3.398438e+01 8.914674e-01 3.624001e-04
3.437500e+01 8.832000e-01 3.587000e-04
3.593750e+01 8.520301e-01 3.445339e-04
3.671875e+01 8.375000e-01 3.378569e-04
3.710938e+01 8.305080e-01 3.346354e-04
3.750000e+01 8.237000e-01 3.315000e-04
3.906250e+01 7.972426e-01 3.194058e-04
3.984375e+01 7.846071e-01 3.136715e-04
4.023438e+01 7.784788e-01 3.108994e-04
4.062500e+01 7.725000e-01 3.082000e-04
4.218750e+01 7.494948e-01 2.978294e-04
4.296875e+01 7.385695e-01 2.929108e-04
4.335938e+01 7.332731e-01 2.905275e-04
4.375000e+01 7.281000e-01 2.882000e-04
4.687500e+01 6.891858e-01 2.706647e-04
4.843750e+01 6.713676e-01 2.626406e-04
4.921875e+01 6.629181e-01 2.588419e-04
4.960938e+01 6.588161e-01 2.570005e-04
5.000000e+01 6.548000e-01 2.552000e-04
5.312500e+01 6.241375e-01 2.415382e-04
5.468750e+01 6.098771e-01 2.352180e-04
5.546875e+01 6.030673e-01 2.322049e-04
5.585938e+01 5.997515e-01 2.307383e-04
5.625000e+01 5.965000e-01 2.293000e-04
5.937500e+01 5.716913e-01 2.182955e-04
6.093750e+01 5.601178e-01 2.131521e-04
6.171875e+01 5.545706e-01 2.106864e-04
6.250000e+01 5.492000e-01 2.083000e-04
6.562500e+01 5.286772e-01 1.991923e-04
6.718750e+01 5.190398e-01 1.949287e-04
6.796875e+01 5.144026e-01 1.928824e-04
6.875000e+01 5.099000e-01 1.909000e-04
7.187500e+01 4.926221e-01 1.833417e-04
7.343750e+01 4.844663e-01 1.797868e-04
7.421875e+01 4.805302e-01 1.780713e-04
7.500000e+01 4.767000e-01 1.764000e-04
7.812500e+01 4.619563e-01 1.699222e-04
7.968750e+01 4.549707e-01 1.668411e-04
8.046875e+01 4.515924e-01 1.653507e-04
8.125000e+01 4.483000e-01 1.639000e-04
8.437500e+01 4.356156e-01 1.583464e-04
8.593750e+01 4.295849e-01 1.557182e-04
8.671875e+01 4.266593e-01 1.544447e-04
8.750000e+01 4.238000e-01 1.532000e-04
9.062500e+01 4.127102e-01 1.483513e-04
9.218750e+01 4.074052e-01 1.460293e-04
9.296875e+01 4.048250e-01 1.449015e-04
9.375000e+01 4.023000e-01 1.438000e-04
9.687500e+01 3.925023e-01 1.395671e-04
9.843750e+01 3.878134e-01 1.375488e-04
9.921875e+01 3.855324e-01 1.365655e-04
1.000000e+02 3.833000e-01 1.356000e-04
1.031250e+02 3.746514e-01 1.318016e-04
1.046875e+02 3.705057e-01 1.299676e-04
1.054688e+02 3.684841e-01 1.290739e-04
1.062500e+02 3.665000e-01 1.282000e-04
1.093750e+02 3.587534e-01 1.248425e-04
1.109375e+02 3.550174e-01 1.232428e-04
1.117188e+02 3.531920e-01 1.224640e-04
1.125000e+02 3.514000e-01 1.217000e-04
1.250000e+02 3.255000e-01 1.105000e-04
