1.111111e-03 4.088000e-01 3.895000e-01
1.222222e-03 4.288000e-01 3.746000e-01
1.277778e-03 4.384775e-01 3.675700e-01
1.305555e-03 4.432229e-01 3.641851e-01
1.319444e-03 4.455703e-01 3.625293e-01
1.333333e-03 4.479000e-01 3.609000e-01
1.388888e-03 4.571385e-01 3.545162e-01
1.416666e-03 4.616965e-01 3.514184e-01
1.444444e-03 4.662000e-01 3.484000e-01
1.500000e-03 4.750955e-01 3.425283e-01
1.527778e-03 4.794758e-01 3.396807e-01
1.555556e-03 4.838000e-01 3.369000e-01
1.611111e-03 4.923246e-01 3.314472e-01
1.638889e-03 4.965306e-01 3.287923e-01
1.666667e-03 5.007000e-01 3.262000e-01
1.722222e-03 5.090097e-01 3.211476e-01
1.750000e-03 5.131263e-01 3.186950e-01
1.777778e-03 5.172000e-01 3.163000e-01
1.833334e-03 5.252306e-01 3.116150e-01
1.861111e-03 5.291867e-01 3.093331e-01
1.888889e-03 5.331000e-01 3.071000e-01
1.944444e-03 5.413301e-01 3.027233e-01
1.972222e-03 5.451696e-01 3.005891e-01
2.000000e-03 5.485000e-01 2.985000e-01
2.111111e-03 5.541853e-01 2.904372e-01
2.222222e-03 5.546000e-01 2.829000e-01
2.361111e-03 5.603386e-01 2.740511e-01
2.430555e-03 5.648061e-01 2.698819e-01
2.500000e-03 5.700000e-01 2.659000e-01
2.638889e-03 5.803032e-01 2.582465e-01
2.708334e-03 5.855927e-01 2.546003e-01
2.777778e-03 5.911000e-01 2.511000e-01
2.916667e-03 6.028786e-01 2.443811e-01
2.986112e-03 6.090923e-01 2.411789e-01
3.020834e-03 6.122738e-01 2.396229e-01
3.055556e-03 6.155000e-01 2.381000e-01
3.194445e-03 6.285525e-01 2.321778e-01
3.263889e-03 6.351825e-01 2.293374e-01
3.298611e-03 6.385291e-01 2.279544e-01
3.333333e-03 6.419000e-01 2.266000e-01
3.472222e-03 6.555457e-01 2.213579e-01
3.541667e-03 6.624487e-01 2.188407e-01
3.576389e-03 6.659188e-01 2.176104e-01
3.611111e-03 6.694000e-01 2.164000e-01
3.750000e-03 6.833730e-01 2.116434e-01
3.819444e-03 6.903810e-01 2.093375e-01
3.854167e-03 6.938894e-01 2.082089e-01
3.888889e-03 6.974000e-01 2.071000e-01
4.027778e-03 7.114596e-01 2.027869e-01
4.097222e-03 7.184858e-01 2.007110e-01
4.166667e-03 7.255000e-01 1.987000e-01
4.305555e-03 7.394951e-01 1.948044e-01
4.375000e-03 7.464627e-01 1.929254e-01
4.444444e-03 7.534000e-01 1.911000e-01
4.722222e-03 7.809611e-01 1.841136e-01
4.861111e-03 7.945666e-01 1.808252e-01
4.930555e-03 8.013085e-01 1.792405e-01
5.000000e-03 8.080000e-01 1.777000e-01
5.277778e-03 8.344755e-01 1.717763e-01
5.416667e-03 8.474885e-01 1.689735e-01
5.486111e-03 8.539228e-01 1.676191e-01
5.555556e-03 8.603000e-01 1.663000e-01
5.833333e-03 8.854993e-01 1.612238e-01
5.972222e-03 8.978580e-01 1.588125e-01
6.041667e-03 9.039598e-01 1.576430e-01
6.111111e-03 9.100000e-01 1.565000e-01
6.388889e-03 9.338140e-01 1.520649e-01
6.527778e-03 9.454670e-01 1.499426e-01
6.597222e-03 9.512143e-01 1.489103e-01
6.666667e-03 9.569000e-01 1.479000e-01
6.944445e-03 9.793265e-01 1.439795e-01
7.083333e-03 9.902820e-01 1.421040e-01
7.152778e-03 9.956751e-01 1.411921e-01
7.222222e-03 1.001000e+00 1.403000e-01
7.500000e-03 1.021852e+00 1.368489e-01
7.638889e-03 1.032020e+00 1.351962e-01
7.777778e-03 1.042000e+00 1.336000e-01
8.333333e-03 1.081126e+00 1.275543e-01
8.611111e-03 1.099936e+00 1.247445e-01
8.750000e-03 1.109078e+00 1.234002e-01
8.888889e-03 1.118000e+00 1.221000e-01
9.444444e-03 1.152167e+00 1.171295e-01
9.722222e-03 1.168388e+00 1.148005e-01
9.861111e-03 1.176271e+00 1.136826e-01
1.000000e-02 1.184000e+00 1.126000e-01
1.055556e-02 1.214249e+00 1.084786e-01
1.083333e-02 1.228857e+00 1.065428e-01
1.097222e-02 1.235994e+00 1.056092e-01
1.111111e-02 1.243000e+00 1.047000e-01
1.166666e-02 1.270221e+00 1.011783e-01
1.194444e-02 1.283315e+00 9.950225e-02
1.222222e-02 1.296000e+00 9.790000e-02
1.277777e-02 1.320592e+00 9.485575e-02
1.305555e-02 1.332462e+00 9.341698e-02
1.333333e-02 1.344000e+00 9.204000e-02
1.388889e-02 1.366394e+00 8.938963e-02
1.416666e-02 1.377291e+00 8.812515e-02
1.444444e-02 1.388000e+00 8.691000e-02
1.500000e-02 1.409230e+00 8.457679e-02
1.527778e-02 1.419690e+00 8.346306e-02
1.555556e-02 1.430000e+00 8.239000e-02
1.611112e-02 1.450280e+00 8.031535e-02
1.638889e-02 1.460221e+00 7.932035e-02
1.666667e-02 1.470000e+00 7.836000e-02
1.722223e-02 1.489140e+00 7.650857e-02
1.750000e-02 1.498586e+00 7.562010e-02
1.777778e-02 1.508000e+00 7.476000e-02
1.833333e-02 1.527082e+00 7.308870e-02
1.861111e-02 1.536599e+00 7.228230e-02
1.888889e-02 1.546000e+00 7.150000e-02
1.944444e-02 1.564215e+00 6.998207e-02
1.972222e-02 1.573138e+00 6.925008e-02
2.000000e-02 1.582000e+00 6.854000e-02
2.111111e-02 1.618005e+00 6.584031e-02
2.166667e-02 1.636070e+00 6.457703e-02
2.194444e-02 1.645064e+00 6.396971e-02
2.222222e-02 1.654000e+00 6.338000e-02
2.361111e-02 1.697542e+00 6.057004e-02
2.430555e-02 1.718857e+00 5.925793e-02
2.465278e-02 1.729440e+00 5.862893e-02
2.500000e-02 1.740000e+00 5.802000e-02
2.638889e-02 1.782661e+00 5.569472e-02
2.708334e-02 1.803947e+00 5.460380e-02
2.743056e-02 1.814517e+00 5.407918e-02
2.777778e-02 1.825000e+00 5.357000e-02
2.916667e-02 1.865962e+00 5.161847e-02
2.986112e-02 1.886058e+00 5.069754e-02
3.020834e-02 1.896041e+00 5.025292e-02
3.055556e-02 1.906000e+00 4.982000e-02
3.194445e-02 1.946071e+00 4.815058e-02
3.263889e-02 1.966093e+00 4.735799e-02
3.298611e-02 1.976068e+00 4.697426e-02
3.333333e-02 1.986000e+00 4.660000e-02
3.472222e-02 2.025322e+00 4.515579e-02
3.541666e-02 2.044747e+00 4.446872e-02
3.611111e-02 2.064000e+00 4.381000e-02
3.750000e-02 2.102189e+00 4.254876e-02
3.819445e-02 2.121141e+00 4.194807e-02
3.888889e-02 2.140000e+00 4.137000e-02
4.027778e-02 2.177680e+00 4.025221e-02
4.097223e-02 2.196409e+00 3.971650e-02
4.166667e-02 2.215000e+00 3.920000e-02
4.305556e-02 2.251783e+00 3.820534e-02
4.375000e-02 2.269968e+00 3.772928e-02
4.444444e-02 2.288000e+00 3.727000e-02
4.722222e-02 2.359251e+00 3.553757e-02
4.861111e-02 2.394333e+00 3.473486e-02
4.930556e-02 2.411722e+00 3.435113e-02
5.000000e-02 2.429000e+00 3.398000e-02
5.277778e-02 2.497664e+00 3.255919e-02
5.416667e-02 2.531555e+00 3.189190e-02
5.486112e-02 2.548343e+00 3.157110e-02
5.555556e-02 2.565000e+00 3.126000e-02
5.833334e-02 2.630751e+00 3.007130e-02
5.972222e-02 2.663083e+00 2.951202e-02
6.041667e-02 2.679097e+00 2.924237e-02
6.111111e-02 2.695000e+00 2.898000e-02
6.388889e-02 2.758106e+00 2.796823e-02
6.527778e-02 2.789244e+00 2.748832e-02
6.597222e-02 2.804677e+00 2.725618e-02
6.666667e-02 2.820000e+00 2.703000e-02
6.944444e-02 2.880656e+00 2.615949e-02
7.083333e-02 2.910525e+00 2.574613e-02
7.152778e-02 2.925318e+00 2.554575e-02
7.222222e-02 2.940000e+00 2.535000e-02
7.500000e-02 2.998131e+00 2.459123e-02
7.638889e-02 3.026758e+00 2.422858e-02
7.777778e-02 3.055000e+00 2.388000e-02
8.333334e-02 3.165569e+00 2.258285e-02
8.611111e-02 3.219067e+00 2.199088e-02
8.750000e-02 3.245254e+00 2.171013e-02
8.888889e-02 3.271000e+00 2.144000e-02
9.444445e-02 3.371516e+00 2.041122e-02
9.722222e-02 3.420010e+00 1.993149e-02
9.861111e-02 3.443714e+00 1.970188e-02
1.000000e-01 3.467000e+00 1.948000e-02
1.055555e-01 3.557802e+00 1.863597e-02
1.083333e-01 3.601580e+00 1.824192e-02
1.097222e-01 3.622977e+00 1.805298e-02
1.111111e-01 3.644000e+00 1.787000e-02
1.166667e-01 3.726205e+00 1.717086e-02
1.194444e-01 3.765795e+00 1.684221e-02
1.208333e-01 3.785095e+00 1.668390e-02
1.222222e-01 3.804000e+00 1.653000e-02
1.277777e-01 3.877178e+00 1.593839e-02
1.305555e-01 3.912205e+00 1.565806e-02
1.333333e-01 3.946000e+00 1.539000e-02
1.388889e-01 4.011523e+00 1.487660e-02
1.416666e-01 4.042884e+00 1.463302e-02
1.444444e-01 4.073000e+00 1.440000e-02
1.500000e-01 4.130558e+00 1.395412e-02
1.527778e-01 4.157856e+00 1.374255e-02
1.555556e-01 4.184000e+00 1.354000e-02
1.611111e-01 4.234197e+00 1.315247e-02
1.638889e-01 4.258085e+00 1.296785e-02
1.666667e-01 4.281000e+00 1.279000e-02
1.722223e-01 4.325082e+00 1.244545e-02
1.777778e-01 4.366000e+00 1.212000e-02
1.833334e-01 4.404085e+00 1.181070e-02
1.888889e-01 4.439000e+00 1.152000e-02
1.944444e-01 4.471893e+00 1.124190e-02
2.000000e-01 4.502000e+00 1.098000e-02
2.111111e-01 4.555267e+00 1.049497e-02
2.222222e-01 4.599000e+00 1.006000e-02
2.361111e-01 4.645007e+00 9.557351e-03
2.500000e-01 4.680000e+00 9.108000e-03
2.777778e-01 4.725000e+00 8.333000e-03
3.055556e-01 4.744000e+00 7.687000e-03
3.333333e-01 4.744000e+00 7.140000e-03
3.611111e-01 4.730000e+00 6.671000e-03
3.888889e-01 4.705000e+00 6.262000e-03
4.166667e-01 4.671000e+00 5.904000e-03
4.444444e-01 4.631000e+00 5.587000e-03
4.722222e-01 4.586648e+00 5.302295e-03
4.861111e-01 4.562862e+00 5.172344e-03
5.000000e-01 4.538000e+00 5.051000e-03
5.277778e-01 4.486631e+00 4.821390e-03
5.416667e-01 4.460116e+00 4.714150e-03
5.555556e-01 4.433000e+00 4.613000e-03
5.833333e-01 4.377630e+00 4.422863e-03
5.972222e-01 4.349460e+00 4.334100e-03
6.111111e-01 4.321000e+00 4.250000e-03
6.388889e-01 4.263582e+00 4.089637e-03
6.527778e-01 4.234776e+00 4.013992e-03
6.666667e-01 4.206000e+00 3.942000e-03
6.944444e-01 4.148799e+00 3.805254e-03
7.083333e-01 4.120352e+00 3.740697e-03
7.222222e-01 4.092000e+00 3.679000e-03
7.500000e-01 4.035244e+00 3.560511e-03
7.638889e-01 4.007013e+00 3.504103e-03
7.777778e-01 3.979000e+00 3.450000e-03
8.333333e-01 3.868923e+00 3.248662e-03
8.611111e-01 3.815333e+00 3.156991e-03
8.750000e-01 3.788990e+00 3.113622e-03
8.888889e-01 3.763000e+00 3.072000e-03
9.444444e-01 3.660831e+00 2.914500e-03
9.722222e-01 3.611228e+00 2.841492e-03
9.861111e-01 3.586916e+00 2.806639e-03
1.000000e+00 3.563000e+00 2.773000e-03
1.055556e+00 3.469692e+00 2.645008e-03
1.083333e+00 3.424667e+00 2.585293e-03
1.097222e+00 3.402646e+00 2.556683e-03
1.111111e+00 3.381000e+00 2.529000e-03
1.166666e+00 3.296531e+00 2.423388e-03
1.194444e+00 3.255698e+00 2.373885e-03
1.208333e+00 3.235695e+00 2.350089e-03
1.222222e+00 3.216000e+00 2.327000e-03
1.277778e+00 3.138816e+00 2.238583e-03
1.305555e+00 3.101398e+00 2.196839e-03
1.319444e+00 3.083056e+00 2.176666e-03
1.333333e+00 3.065000e+00 2.157000e-03
1.388889e+00 2.994332e+00 2.080818e-03
1.416666e+00 2.960157e+00 2.044589e-03
1.430555e+00 2.943436e+00 2.027064e-03
1.444444e+00 2.927000e+00 2.010000e-03
1.500000e+00 2.863002e+00 1.944643e-03
1.527778e+00 2.832085e+00 1.913686e-03
1.541667e+00 2.816932e+00 1.898677e-03
1.555556e+00 2.802000e+00 1.884000e-03
1.611111e+00 2.743346e+00 1.826836e-03
1.638889e+00 2.714821e+00 1.799410e-03
1.652778e+00 2.700812e+00 1.786062e-03
1.666667e+00 2.687000e+00 1.773000e-03
1.722222e+00 2.632900e+00 1.722442e-03
1.750000e+00 2.606629e+00 1.698274e-03
1.777778e+00 2.581000e+00 1.675000e-03
1.833334e+00 2.530998e+00 1.630175e-03
1.861111e+00 2.506714e+00 1.608716e-03
1.888889e+00 2.483000e+00 1.588000e-03
1.944444e+00 2.435979e+00 1.547906e-03
1.972222e+00 2.413410e+00 1.528637e-03
2.000000e+00 2.392000e+00 1.510000e-03
2.111111e+00 2.320597e+00 1.439534e-03
2.166666e+00 2.289723e+00 1.406809e-03
2.194444e+00 2.274868e+00 1.391150e-03
2.222222e+00 2.260000e+00 1.376000e-03
2.361111e+00 2.176450e+00 1.304322e-03
2.430556e+00 2.132410e+00 1.271130e-03
2.465278e+00 2.110473e+00 1.255289e-03
2.482639e+00 2.099649e+00 1.247573e-03
2.500000e+00 2.089000e+00 1.240000e-03
2.638889e+00 2.010166e+00 1.181851e-03
2.708334e+00 1.974099e+00 1.154634e-03
2.743056e+00 1.956826e+00 1.141597e-03
2.777778e+00 1.940000e+00 1.129000e-03
2.916667e+00 1.873715e+00 1.081334e-03
2.986112e+00 1.841738e+00 1.059090e-03
3.020834e+00 1.826183e+00 1.048396e-03
3.055556e+00 1.811000e+00 1.038000e-03
3.194445e+00 1.752849e+00 9.977796e-04
3.263889e+00 1.725337e+00 9.786907e-04
3.298611e+00 1.712014e+00 9.694689e-04
3.333333e+00 1.699000e+00 9.605000e-04
3.472222e+00 1.648555e+00 9.261756e-04
3.541667e+00 1.624368e+00 9.099714e-04
3.576389e+00 1.612574e+00 9.021385e-04
3.611111e+00 1.601000e+00 8.945000e-04
3.750000e+00 1.555769e+00 8.649227e-04
3.819444e+00 1.533999e+00 8.508213e-04
3.854167e+00 1.523390e+00 8.439802e-04
3.888889e+00 1.513000e+00 8.373000e-04
4.027778e+00 1.472812e+00 8.115062e-04
4.097222e+00 1.453575e+00 7.992125e-04
4.131945e+00 1.444199e+00 7.932412e-04
4.166667e+00 1.435000e+00 7.874000e-04
4.305556e+00 1.399124e+00 7.647337e-04
4.375000e+00 1.381806e+00 7.538720e-04
4.409722e+00 1.373332e+00 7.485822e-04
4.444444e+00 1.365000e+00 7.434000e-04
4.722222e+00 1.301121e+00 7.041645e-04
4.861111e+00 1.271219e+00 6.860494e-04
4.930556e+00 1.256878e+00 6.774190e-04
4.965278e+00 1.249878e+00 6.732190e-04
5.000000e+00 1.243000e+00 6.691000e-04
5.277778e+00 1.190300e+00 6.375595e-04
5.416667e+00 1.165532e+00 6.228110e-04
5.486111e+00 1.153601e+00 6.157409e-04
5.520834e+00 1.147757e+00 6.122901e-04
5.555556e+00 1.142000e+00 6.089000e-04
5.833334e+00 1.097431e+00 5.828894e-04
5.972222e+00 1.076252e+00 5.706747e-04
6.041667e+00 1.065998e+00 5.648003e-04
6.111111e+00 1.056000e+00 5.591000e-04
6.388889e+00 1.017411e+00 5.372778e-04
6.527778e+00 9.990949e-01 5.269926e-04
6.597223e+00 9.902340e-01 5.220301e-04
6.666667e+00 9.816000e-01 5.172000e-04
6.944445e+00 9.483821e-01 4.985775e-04
7.083333e+00 9.326121e-01 4.897421e-04
7.152778e+00 9.249678e-01 4.854671e-04
7.222222e+00 9.175000e-01 4.813000e-04
7.500000e+00 8.885512e-01 4.652432e-04
7.638889e+00 8.747104e-01 4.576120e-04
7.708334e+00 8.679817e-01 4.539125e-04
7.777778e+00 8.614000e-01 4.503000e-04
8.333334e+00 8.118453e-01 4.231669e-04
8.611111e+00 7.891322e-01 4.107805e-04
8.750000e+00 7.783562e-01 4.049199e-04
8.819445e+00 7.731237e-01 4.020787e-04
8.888889e+00 7.680000e-01 3.993000e-04
9.444444e+00 7.288756e-01 3.781743e-04
9.722222e+00 7.106758e-01 3.683809e-04
9.861111e+00 7.019836e-01 3.637077e-04
9.930556e+00 6.977509e-01 3.614322e-04
1.000000e+01 6.936000e-01 3.592000e-04
1.055556e+01 6.619128e-01 3.421122e-04
1.083333e+01 6.471323e-01 3.341268e-04
1.097222e+01 6.400515e-01 3.303006e-04
1.104167e+01 6.365956e-01 3.284337e-04
1.111111e+01 6.332000e-01 3.266000e-04
1.166667e+01 6.070949e-01 3.125480e-04
1.194444e+01 5.948233e-01 3.059526e-04
1.208333e+01 5.889224e-01 3.027800e-04
1.222222e+01 5.832000e-01 2.997000e-04
1.277778e+01 5.613354e-01 2.878780e-04
1.305555e+01 5.510592e-01 2.823020e-04
1.319444e+01 5.461101e-01 2.796135e-04
1.333333e+01 5.413000e-01 2.770000e-04
1.388889e+01 5.228019e-01 2.669774e-04
1.416666e+01 5.140490e-01 2.622350e-04
1.430555e+01 5.098194e-01 2.599399e-04
1.444444e+01 5.057000e-01 2.577000e-04
1.500000e+01 4.898344e-01 2.490078e-04
1.527778e+01 4.823048e-01 2.448643e-04
1.541667e+01 4.786583e-01 2.428569e-04
1.555556e+01 4.751000e-01 2.409000e-04
1.611111e+01 4.613442e-01 2.333939e-04
1.638889e+01 4.547894e-01 2.298286e-04
1.652778e+01 4.516083e-01 2.280966e-04
1.666667e+01 4.485000e-01 2.264000e-04
1.722223e+01 4.364774e-01 2.197675e-04
1.750000e+01 4.307326e-01 2.165763e-04
1.763889e+01 4.279376e-01 2.150216e-04
1.777778e+01 4.252000e-01 2.135000e-04
1.833333e+01 4.145464e-01 2.076210e-04
1.861111e+01 4.094323e-01 2.048107e-04
1.875000e+01 4.069408e-01 2.034421e-04
1.888889e+01 4.045000e-01 2.021000e-04
1.944445e+01 3.950335e-01 1.968670e-04
1.972222e+01 3.904908e-01 1.943441e-04
1.986111e+01 3.882748e-01 1.931111e-04
2.000000e+01 3.861000e-01 1.919000e-04
2.111111e+01 3.695301e-01 1.826580e-04
2.166667e+01 3.618005e-01 1.783521e-04
2.194444e+01 3.580930e-01 1.762915e-04
2.208333e+01 3.562815e-01 1.752866e-04
2.222222e+01 3.545000e-01 1.743000e-04
2.361111e+01 3.375134e-01 1.649514e-04
2.430555e+01 3.295873e-01 1.606357e-04
2.465278e+01 3.257851e-01 1.585803e-04
2.482639e+01 3.239273e-01 1.575804e-04
2.500000e+01 3.221000e-01 1.566000e-04
2.638889e+01 3.080100e-01 1.491015e-04
2.708333e+01 3.013480e-01 1.455998e-04
2.743056e+01 2.981310e-01 1.439224e-04
2.760417e+01 2.965541e-01 1.431039e-04
2.777778e+01 2.950000e-01 1.423000e-04
2.916667e+01 2.828970e-01 1.361394e-04
2.986111e+01 2.771810e-01 1.332459e-04
3.020834e+01 2.744412e-01 1.318531e-04
3.055556e+01 2.718000e-01 1.305000e-04
3.194444e+01 2.619560e-01 1.252903e-04
3.263889e+01 2.574081e-01 1.228321e-04
3.298611e+01 2.552251e-01 1.216484e-04
3.333333e+01 2.531000e-01 1.205000e-04
3.472222e+01 2.447944e-01 1.161307e-04
3.541666e+01 2.408142e-01 1.140716e-04
3.576389e+01 2.388830e-01 1.130747e-04
3.611111e+01 2.370000e-01 1.121000e-04
3.750000e+01 2.297867e-01 1.082837e-04
3.819445e+01 2.263717e-01 1.064534e-04
3.854167e+01 2.247171e-01 1.055654e-04
3.888889e+01 2.231000e-01 1.047000e-04
4.027778e+01 2.168144e-01 1.013944e-04
4.097223e+01 2.138018e-01 9.983060e-05
4.131945e+01 2.123355e-01 9.907221e-05
4.166667e+01 2.109000e-01 9.833000e-05
4.305555e+01 2.053337e-01 9.543122e-05
4.375000e+01 2.026683e-01 9.403612e-05
4.409722e+01 2.013708e-01 9.335607e-05
4.444444e+01 2.001000e-01 9.269000e-05
4.722222e+01 1.904832e-01 8.767861e-05
4.861111e+01 1.860470e-01 8.537792e-05
4.930555e+01 1.839349e-01 8.428395e-05
4.965278e+01 1.829074e-01 8.375183e-05
5.000000e+01 1.819000e-01 8.323000e-05
5.277778e+01 1.741967e-01 7.922529e-05
5.416667e+01 1.705969e-01 7.734961e-05
5.486111e+01 1.688709e-01 7.645015e-05
5.555556e+01 1.672000e-01 7.558000e-05
5.833333e+01 1.608304e-01 7.227065e-05
5.972222e+01 1.578404e-01 7.072358e-05
6.041667e+01 1.564003e-01 6.998064e-05
6.111111e+01 1.550000e-01 6.926000e-05
6.388889e+01 1.495934e-01 6.649530e-05
6.527778e+01 1.470340e-01 6.519105e-05
6.597222e+01 1.457994e-01 6.456193e-05
6.666667e+01 1.446000e-01 6.395000e-05
6.944445e+01 1.400179e-01 6.159729e-05
7.083333e+01 1.378588e-01 6.048347e-05
7.152778e+01 1.368161e-01 5.994490e-05
7.222222e+01 1.358000e-01 5.942000e-05
7.500000e+01 1.318700e-01 5.739518e-05
7.638889e+01 1.299968e-01 5.643235e-05
7.708334e+01 1.290878e-01 5.596562e-05
7.777778e+01 1.282000e-01 5.551000e-05
8.333334e+01 1.215480e-01 5.209594e-05
8.611111e+01 1.185145e-01 5.054061e-05
8.750000e+01 1.170785e-01 4.980516e-05
8.819445e+01 1.163819e-01 4.944867e-05
8.888889e+01 1.157000e-01 4.910000e-05
9.444445e+01 1.104916e-01 4.644462e-05
9.722222e+01 1.080699e-01 4.521314e-05
9.861111e+01 1.069140e-01 4.462588e-05
9.930556e+01 1.063514e-01 4.434011e-05
1.000000e+02 1.058000e-01 4.406000e-05
1.111111e+02 9.780000e-02 3.999000e-05
