1.724138e-03 5.199000e-01 4.466000e+00
1.896552e-03 5.453000e-01 4.388000e+00
1.982759e-03 5.795499e-01 4.348775e+00
2.025863e-03 6.019290e-01 4.329288e+00
2.047414e-03 6.143735e-01 4.319612e+00
2.058190e-03 6.208936e-01 4.314796e+00
2.063578e-03 6.242245e-01 4.312395e+00
2.068966e-03 6.276000e-01 4.310000e+00
2.155173e-03 6.872401e-01 4.272189e+00
2.198276e-03 7.172937e-01 4.253534e+00
2.219827e-03 7.316170e-01 4.244256e+00
2.230603e-03 7.384588e-01 4.239626e+00
2.241379e-03 7.450000e-01 4.235000e+00
2.327586e-03 7.879971e-01 4.197886e+00
2.370690e-03 8.047327e-01 4.179381e+00
2.392241e-03 8.120591e-01 4.170169e+00
2.413793e-03 8.188000e-01 4.161000e+00
2.500000e-03 8.445042e-01 4.124634e+00
2.543104e-03 8.561222e-01 4.106702e+00
2.564655e-03 8.614942e-01 4.097818e+00
2.586207e-03 8.665000e-01 4.089000e+00
2.672414e-03 8.838991e-01 4.054166e+00
2.715518e-03 8.911780e-01 4.036996e+00
2.758621e-03 8.975000e-01 4.020000e+00
2.844828e-03 9.087110e-01 3.986252e+00
2.887931e-03 9.135478e-01 3.969549e+00
2.931034e-03 9.178000e-01 3.953000e+00
3.017241e-03 9.251737e-01 3.920219e+00
3.103448e-03 9.311000e-01 3.888000e+00
3.275862e-03 9.401171e-01 3.824805e+00
3.448276e-03 9.464000e-01 3.764000e+00
3.663793e-03 9.527787e-01 3.691168e+00
3.879310e-03 9.589000e-01 3.622000e+00
4.094828e-03 9.659578e-01 3.555068e+00
4.310345e-03 9.748000e-01 3.491000e+00
4.525862e-03 9.853961e-01 3.429088e+00
4.633621e-03 9.915158e-01 3.399139e+00
4.741379e-03 9.983000e-01 3.370000e+00
4.956897e-03 1.013123e+00 3.313306e+00
5.064655e-03 1.021266e+00 3.285821e+00
5.172414e-03 1.030000e+00 3.259000e+00
5.387931e-03 1.048617e+00 3.206527e+00
5.495689e-03 1.058561e+00 3.180981e+00
5.603448e-03 1.069000e+00 3.156000e+00
5.818966e-03 1.090782e+00 3.107072e+00
5.926724e-03 1.102187e+00 3.083259e+00
5.980604e-03 1.108038e+00 3.071552e+00
6.034483e-03 1.114000e+00 3.060000e+00
6.250000e-03 1.138617e+00 3.014726e+00
6.357758e-03 1.151240e+00 2.992653e+00
6.411638e-03 1.157609e+00 2.981771e+00
6.465517e-03 1.164000e+00 2.971000e+00
6.681035e-03 1.189445e+00 2.928356e+00
6.788793e-03 1.202185e+00 2.907463e+00
6.842673e-03 1.208579e+00 2.897167e+00
6.896552e-03 1.215000e+00 2.887000e+00
7.327587e-03 1.267566e+00 2.808736e+00
7.543104e-03 1.294258e+00 2.771612e+00
7.650862e-03 1.307639e+00 2.753607e+00
7.704742e-03 1.314325e+00 2.744752e+00
7.758621e-03 1.321000e+00 2.736000e+00
8.189656e-03 1.374108e+00 2.667657e+00
8.405173e-03 1.400270e+00 2.634776e+00
8.512931e-03 1.413201e+00 2.618734e+00
8.620690e-03 1.426000e+00 2.603000e+00
9.051725e-03 1.476388e+00 2.541831e+00
9.267242e-03 1.500966e+00 2.512431e+00
9.375000e-03 1.513060e+00 2.498083e+00
9.482759e-03 1.525000e+00 2.484000e+00
9.913794e-03 1.571964e+00 2.429117e+00
1.012931e-02 1.594787e+00 2.402656e+00
1.023707e-02 1.605982e+00 2.389718e+00
1.034483e-02 1.617000e+00 2.377000e+00
1.077586e-02 1.659993e+00 2.327306e+00
1.099138e-02 1.680781e+00 2.303296e+00
1.109914e-02 1.690968e+00 2.291549e+00
1.120690e-02 1.701000e+00 2.280000e+00
1.163794e-02 1.740364e+00 2.234910e+00
1.185345e-02 1.759451e+00 2.213132e+00
1.196121e-02 1.768802e+00 2.202476e+00
1.206897e-02 1.778000e+00 2.192000e+00
1.293104e-02 1.848156e+00 2.112070e+00
1.336207e-02 1.880952e+00 2.074605e+00
1.357758e-02 1.896708e+00 2.056559e+00
1.379310e-02 1.912000e+00 2.039000e+00
1.465517e-02 1.970751e+00 1.971113e+00
1.508621e-02 1.998523e+00 1.938844e+00
1.530172e-02 2.011938e+00 1.923224e+00
1.551724e-02 2.025000e+00 1.908000e+00
1.637931e-02 2.075257e+00 1.849385e+00
1.681035e-02 2.099123e+00 1.821584e+00
1.702586e-02 2.110694e+00 1.808127e+00
1.724138e-02 2.122000e+00 1.795000e+00
1.810345e-02 2.165677e+00 1.744311e+00
1.853448e-02 2.186644e+00 1.720169e+00
1.896552e-02 2.207000e+00 1.697000e+00
1.982759e-02 2.246866e+00 1.652603e+00
2.025862e-02 2.266203e+00 1.631422e+00
2.068966e-02 2.285000e+00 1.611000e+00
2.155173e-02 2.321274e+00 1.571414e+00
2.198276e-02 2.338823e+00 1.552387e+00
2.241379e-02 2.356000e+00 1.534000e+00
2.327586e-02 2.389901e+00 1.498494e+00
2.370689e-02 2.406570e+00 1.481461e+00
2.413793e-02 2.423000e+00 1.465000e+00
2.500000e-02 2.455278e+00 1.433145e+00
2.543104e-02 2.471195e+00 1.417828e+00
2.586207e-02 2.487000e+00 1.403000e+00
2.672414e-02 2.518590e+00 1.374274e+00
2.715518e-02 2.534330e+00 1.360432e+00
2.758621e-02 2.550000e+00 1.347000e+00
2.844828e-02 2.581023e+00 1.320972e+00
2.887931e-02 2.596489e+00 1.308352e+00
2.931034e-02 2.612000e+00 1.296000e+00
3.017241e-02 2.643291e+00 1.271550e+00
3.060344e-02 2.659087e+00 1.259616e+00
3.103448e-02 2.675000e+00 1.248000e+00
3.275862e-02 2.739058e+00 1.204424e+00
3.362069e-02 2.771686e+00 1.184190e+00
3.405173e-02 2.788238e+00 1.174465e+00
3.448276e-02 2.805000e+00 1.165000e+00
3.663793e-02 2.890465e+00 1.119233e+00
3.771551e-02 2.934881e+00 1.097572e+00
3.825431e-02 2.957688e+00 1.087132e+00
3.879310e-02 2.981000e+00 1.077000e+00
4.094827e-02 3.077218e+00 1.038375e+00
4.202586e-02 3.127599e+00 1.020238e+00
4.256466e-02 3.153513e+00 1.011500e+00
4.310345e-02 3.180000e+00 1.003000e+00
4.525862e-02 3.289075e+00 9.702392e-01
4.633620e-02 3.345986e+00 9.546841e-01
4.687500e-02 3.375196e+00 9.471505e-01
4.741379e-02 3.405000e+00 9.398000e-01
4.956896e-02 3.527393e+00 9.114084e-01
5.064655e-02 3.591075e+00 8.978829e-01
5.118535e-02 3.623719e+00 8.913176e-01
5.172414e-02 3.657000e+00 8.849000e-01
5.387931e-02 3.793785e+00 8.600303e-01
5.495689e-02 3.864784e+00 8.481403e-01
5.549569e-02 3.901084e+00 8.423585e-01
5.603448e-02 3.938000e+00 8.367000e-01
5.818965e-02 4.089054e+00 8.147553e-01
5.926724e-02 4.166998e+00 8.042416e-01
5.980604e-02 4.206713e+00 7.991201e-01
6.034483e-02 4.247000e+00 7.941000e-01
6.250000e-02 4.411366e+00 7.745735e-01
6.357758e-02 4.495763e+00 7.651837e-01
6.411638e-02 4.538628e+00 7.606000e-01
6.465517e-02 4.582000e+00 7.561000e-01
6.681034e-02 4.758128e+00 7.385500e-01
6.788793e-02 4.848181e+00 7.300909e-01
6.842673e-02 4.893840e+00 7.259580e-01
6.896552e-02 4.940000e+00 7.219000e-01
7.327586e-02 5.320309e+00 6.910351e-01
7.543104e-02 5.517829e+00 6.766631e-01
7.650862e-02 5.618663e+00 6.697744e-01
7.704742e-02 5.669637e+00 6.664095e-01
7.758621e-02 5.721000e+00 6.631000e-01
8.189656e-02 6.138666e+00 6.375504e-01
8.405173e-02 6.352354e+00 6.254777e-01
8.512931e-02 6.460637e+00 6.196563e-01
8.566811e-02 6.515176e+00 6.168061e-01
8.620690e-02 6.570000e+00 6.140000e-01
9.051724e-02 7.014078e+00 5.923792e-01
9.267242e-02 7.239695e+00 5.821540e-01
9.375000e-02 7.353494e+00 5.772131e-01
9.428880e-02 7.410656e+00 5.747897e-01
9.482759e-02 7.468000e+00 5.724000e-01
9.913795e-02 7.930114e+00 5.538760e-01
1.012931e-01 8.163287e+00 5.450543e-01
1.023707e-01 8.280444e+00 5.407765e-01
1.029095e-01 8.339172e+00 5.386748e-01
1.034483e-01 8.398000e+00 5.366000e-01
1.077587e-01 8.870651e+00 5.204868e-01
1.099138e-01 9.108025e+00 5.127919e-01
1.109914e-01 9.226945e+00 5.090541e-01
1.115302e-01 9.286457e+00 5.072159e-01
1.120690e-01 9.346000e+00 5.054000e-01
1.163793e-01 9.823113e+00 4.912780e-01
1.185345e-01 1.006170e+01 4.845147e-01
1.196121e-01 1.018091e+01 4.812229e-01
1.201509e-01 1.024047e+01 4.796022e-01
1.206897e-01 1.030000e+01 4.780000e-01
1.293103e-01 1.125170e+01 4.536984e-01
1.336207e-01 1.172357e+01 4.424854e-01
1.357758e-01 1.195766e+01 4.371456e-01
1.368534e-01 1.207408e+01 4.345475e-01
1.379310e-01 1.219000e+01 4.320000e-01
1.465517e-01 1.310733e+01 4.125060e-01
1.508620e-01 1.355752e+01 4.033945e-01
1.530172e-01 1.377986e+01 3.990267e-01
1.540948e-01 1.389023e+01 3.968947e-01
1.551724e-01 1.400000e+01 3.948000e-01
1.637931e-01 1.486870e+01 3.787171e-01
1.681034e-01 1.529385e+01 3.711608e-01
1.702586e-01 1.550324e+01 3.675264e-01
1.713362e-01 1.560698e+01 3.657489e-01
1.724138e-01 1.571000e+01 3.640000e-01
1.810345e-01 1.652049e+01 3.505295e-01
1.853449e-01 1.691495e+01 3.441649e-01
1.875000e-01 1.710879e+01 3.410916e-01
1.885776e-01 1.720475e+01 3.395851e-01
1.896552e-01 1.730000e+01 3.381000e-01
1.982759e-01 1.805041e+01 3.265971e-01
2.025863e-01 1.841514e+01 3.211292e-01
2.047414e-01 1.859400e+01 3.184816e-01
2.068966e-01 1.877000e+01 3.159000e-01
2.155172e-01 1.945660e+01 3.059551e-01
2.198276e-01 1.978813e+01 3.012295e-01
2.219827e-01 1.995039e+01 2.989383e-01
2.241379e-01 2.011000e+01 2.967000e-01
2.327586e-01 2.073445e+01 2.880331e-01
2.370690e-01 2.103656e+01 2.838896e-01
2.392241e-01 2.118449e+01 2.818739e-01
2.413793e-01 2.133000e+01 2.799000e-01
2.500000e-01 2.189788e+01 2.722251e-01
2.543104e-01 2.217261e+01 2.685453e-01
2.564655e-01 2.230730e+01 2.667539e-01
2.586207e-01 2.244000e+01 2.650000e-01
2.672414e-01 2.296171e+01 2.582069e-01
2.715517e-01 2.321464e+01 2.549496e-01
2.737069e-01 2.333842e+01 2.533605e-01
2.758621e-01 2.346000e+01 2.518000e-01
2.844828e-01 2.393268e+01 2.456976e-01
2.887931e-01 2.415999e+01 2.427521e-01
2.931034e-01 2.438000e+01 2.399000e-01
3.017241e-01 2.480572e+01 2.343969e-01
3.060344e-01 2.501085e+01 2.317554e-01
3.103448e-01 2.521000e+01 2.292000e-01
3.275862e-01 2.597334e+01 2.195050e-01
3.362069e-01 2.633159e+01 2.149798e-01
3.405172e-01 2.650355e+01 2.128074e-01
3.448276e-01 2.667000e+01 2.107000e-01
3.663793e-01 2.745334e+01 2.006692e-01
3.771551e-01 2.781371e+01 1.959966e-01
3.825431e-01 2.798506e+01 1.937608e-01
3.879310e-01 2.815000e+01 1.916000e-01
4.094828e-01 2.877611e+01 1.833746e-01
4.202586e-01 2.906698e+01 1.795309e-01
4.310345e-01 2.934000e+01 1.759000e-01
4.525862e-01 2.985088e+01 1.690533e-01
4.633620e-01 3.008755e+01 1.658463e-01
4.741379e-01 3.031000e+01 1.628000e-01
4.956896e-01 3.072935e+01 1.569768e-01
5.064655e-01 3.092506e+01 1.542238e-01
5.172414e-01 3.111000e+01 1.516000e-01
5.387931e-01 3.146122e+01 1.466131e-01
5.495689e-01 3.162540e+01 1.442559e-01
5.603448e-01 3.178000e+01 1.420000e-01
5.818965e-01 3.206855e+01 1.376596e-01
6.034483e-01 3.233000e+01 1.336000e-01
6.250000e-01 3.257450e+01 1.297651e-01
6.465517e-01 3.280000e+01 1.262000e-01
6.681035e-01 3.301349e+01 1.228408e-01
6.896552e-01 3.321000e+01 1.197000e-01
7.327587e-01 3.355888e+01 1.137965e-01
7.758621e-01 3.385000e+01 1.085000e-01
8.189655e-01 3.410398e+01 1.037090e-01
8.620690e-01 3.432000e+01 9.943000e-02
9.051725e-01 3.451419e+01 9.545429e-02
9.482759e-01 3.468000e+01 9.183000e-02
1.034483e+00 3.494000e+01 8.537000e-02
1.120690e+00 3.513000e+01 7.982000e-02
1.206897e+00 3.526000e+01 7.500000e-02
1.379310e+00 3.537000e+01 6.700000e-02
1.551724e+00 3.534000e+01 6.063000e-02
1.724138e+00 3.520000e+01 5.544000e-02
1.896552e+00 3.498000e+01 5.111000e-02
2.068966e+00 3.482000e+01 4.745000e-02
2.241379e+00 3.459000e+01 4.431000e-02
2.327586e+00 3.435750e+01 4.288875e-02
2.413793e+00 3.411000e+01 4.158000e-02
2.586207e+00 3.378000e+01 3.919000e-02
2.672414e+00 3.360725e+01 3.809250e-02
2.758621e+00 3.343000e+01 3.707000e-02
2.844828e+00 3.325193e+01 3.609551e-02
2.931034e+00 3.307000e+01 3.518000e-02
3.017241e+00 3.288222e+01 3.430930e-02
3.103448e+00 3.269000e+01 3.349000e-02
3.275862e+00 3.230164e+01 3.195397e-02
3.362069e+00 3.210611e+01 3.124098e-02
3.448276e+00 3.191000e+01 3.057000e-02
3.663793e+00 3.141810e+01 2.900538e-02
3.771552e+00 3.117310e+01 2.828482e-02
3.879310e+00 3.093000e+01 2.761000e-02
4.094828e+00 3.044970e+01 2.633884e-02
4.202586e+00 3.021327e+01 2.574717e-02
4.310345e+00 2.998000e+01 2.519000e-02
4.525862e+00 2.951962e+01 2.414267e-02
4.633621e+00 2.929322e+01 2.365359e-02
4.741379e+00 2.907000e+01 2.319000e-02
4.956897e+00 2.862839e+01 2.230508e-02
5.064655e+00 2.841197e+01 2.188744e-02
5.172414e+00 2.820000e+01 2.149000e-02
5.387931e+00 2.778776e+01 2.073503e-02
5.495690e+00 2.758708e+01 2.037920e-02
5.603448e+00 2.739000e+01 2.004000e-02
5.818966e+00 2.700021e+01 1.939290e-02
5.926724e+00 2.680858e+01 1.908550e-02
6.034483e+00 2.662000e+01 1.879000e-02
6.250000e+00 2.624883e+01 1.821725e-02
6.357759e+00 2.606749e+01 1.794317e-02
6.465517e+00 2.589000e+01 1.768000e-02
6.681034e+00 2.554398e+01 1.717790e-02
6.788793e+00 2.537540e+01 1.693932e-02
6.896552e+00 2.521000e+01 1.671000e-02
7.327586e+00 2.456291e+01 1.584506e-02
7.543104e+00 2.425108e+01 1.544507e-02
7.650862e+00 2.409900e+01 1.525422e-02
7.758621e+00 2.395000e+01 1.507000e-02
8.189656e+00 2.337401e+01 1.436713e-02
8.405173e+00 2.309774e+01 1.403894e-02
8.512931e+00 2.296276e+01 1.388183e-02
8.620690e+00 2.283000e+01 1.373000e-02
9.051724e+00 2.230881e+01 1.315451e-02
9.267242e+00 2.205592e+01 1.288543e-02
9.375000e+00 2.193197e+01 1.275595e-02
9.482759e+00 2.181000e+01 1.263000e-02
9.913794e+00 2.133387e+01 1.214171e-02
1.012931e+01 2.110371e+01 1.191010e-02
1.023707e+01 2.099097e+01 1.179840e-02
1.034483e+01 2.088000e+01 1.169000e-02
1.077586e+01 2.044617e+01 1.127887e-02
1.099138e+01 2.023561e+01 1.108539e-02
1.109914e+01 2.013214e+01 1.099170e-02
1.120690e+01 2.003000e+01 1.090000e-02
1.163793e+01 1.962812e+01 1.053998e-02
1.185345e+01 1.943198e+01 1.036662e-02
1.206897e+01 1.924000e+01 1.020000e-02
1.293104e+01 1.849957e+01 9.591365e-03
1.336207e+01 1.814748e+01 9.318232e-03
1.357758e+01 1.797675e+01 9.189529e-03
1.379310e+01 1.781000e+01 9.066000e-03
1.465517e+01 1.716439e+01 8.593213e-03
1.508620e+01 1.685618e+01 8.372381e-03
1.530172e+01 1.670644e+01 8.266809e-03
1.551724e+01 1.656000e+01 8.165000e-03
1.637931e+01 1.599233e+01 7.780797e-03
1.681034e+01 1.572097e+01 7.602650e-03
1.702586e+01 1.558905e+01 7.517444e-03
1.724138e+01 1.546000e+01 7.435000e-03
1.810345e+01 1.495860e+01 7.119263e-03
1.853449e+01 1.471925e+01 6.970797e-03
1.875000e+01 1.460320e+01 6.899351e-03
1.896552e+01 1.449000e+01 6.830000e-03
1.982759e+01 1.405433e+01 6.564363e-03
2.025863e+01 1.384769e+01 6.439158e-03
2.047414e+01 1.374763e+01 6.378762e-03
2.068966e+01 1.365000e+01 6.320000e-03
2.155172e+01 1.327138e+01 6.093748e-03
2.198276e+01 1.309144e+01 5.986489e-03
2.219827e+01 1.300451e+01 5.934594e-03
2.241379e+01 1.292000e+01 5.884000e-03
2.327586e+01 1.259625e+01 5.688784e-03
2.370690e+01 1.244411e+01 5.595952e-03
2.392241e+01 1.237095e+01 5.550947e-03
2.413793e+01 1.230000e+01 5.507000e-03
2.500000e+01 1.202627e+01 5.337099e-03
2.543104e+01 1.189863e+01 5.256004e-03
2.586207e+01 1.178000e+01 5.178000e-03
2.672414e+01 1.156506e+01 5.027811e-03
2.715517e+01 1.146862e+01 4.956063e-03
2.758621e+01 1.138000e+01 4.887000e-03
2.844828e+01 1.122256e+01 4.754031e-03
2.887931e+01 1.114723e+01 4.690402e-03
2.931034e+01 1.107000e+01 4.629000e-03
3.017241e+01 1.089773e+01 4.510237e-03
3.060345e+01 1.080530e+01 4.453179e-03
3.103448e+01 1.071000e+01 4.398000e-03
3.275862e+01 1.032187e+01 4.189235e-03
3.362069e+01 1.013058e+01 4.092264e-03
3.405172e+01 1.003712e+01 4.045871e-03
3.448276e+01 9.946000e+00 4.001000e-03
3.663793e+01 9.522180e+00 3.788821e-03
3.771551e+01 9.328070e+00 3.690751e-03
3.825431e+01 9.235537e+00 3.644026e-03
3.879310e+01 9.146000e+00 3.599000e-03
4.094828e+01 8.800252e+00 3.428326e-03
4.202586e+01 8.636595e+00 3.348885e-03
4.256466e+01 8.557664e+00 3.310835e-03
4.310345e+01 8.481000e+00 3.274000e-03
4.525862e+01 8.188097e+00 3.132951e-03
4.633620e+01 8.050233e+00 3.066709e-03
4.687500e+01 7.983733e+00 3.034870e-03
4.741379e+01 7.919000e+00 3.004000e-03
4.956896e+01 7.669206e+00 2.886178e-03
5.064655e+01 7.550534e+00 2.830756e-03
5.118535e+01 7.493062e+00 2.804025e-03
5.172414e+01 7.437000e+00 2.778000e-03
5.387931e+01 7.220606e+00 2.677422e-03
5.495690e+01 7.117663e+00 2.629642e-03
5.549569e+01 7.067747e+00 2.606524e-03
5.603448e+01 7.019000e+00 2.584000e-03
5.818966e+01 6.830526e+00 2.497415e-03
5.926724e+01 6.740554e+00 2.456342e-03
5.980604e+01 6.696814e+00 2.436439e-03
6.034483e+01 6.654000e+00 2.417000e-03
6.250000e+01 6.487647e+00 2.341666e-03
6.357758e+01 6.407889e+00 2.305651e-03
6.411638e+01 6.369048e+00 2.288138e-03
6.465517e+01 6.331000e+00 2.271000e-03
6.681034e+01 6.183336e+00 2.204515e-03
6.788793e+01 6.112469e+00 2.172676e-03
6.842673e+01 6.077907e+00 2.157177e-03
6.896552e+01 6.044000e+00 2.142000e-03
7.327586e+01 5.786612e+00 2.027262e-03
7.543104e+01 5.666639e+00 1.974392e-03
7.650862e+01 5.609001e+00 1.949232e-03
7.758621e+01 5.553000e+00 1.925000e-03
8.189656e+01 5.336097e+00 1.833090e-03
8.405173e+01 5.233402e+00 1.790308e-03
8.512931e+01 5.183943e+00 1.769823e-03
8.620690e+01 5.136000e+00 1.750000e-03
9.051725e+01 4.953779e+00 1.674242e-03
9.267242e+01 4.868606e+00 1.638687e-03
9.375000e+01 4.827696e+00 1.621590e-03
9.482759e+01 4.788000e+00 1.605000e-03
9.913795e+01 4.635643e+00 1.541438e-03
1.012931e+02 4.563650e+00 1.511486e-03
1.023707e+02 4.528873e+00 1.497045e-03
1.034483e+02 4.495000e+00 1.483000e-03
1.077587e+02 4.364397e+00 1.429004e-03
1.099138e+02 4.302366e+00 1.403432e-03
1.109914e+02 4.272319e+00 1.391062e-03
1.120690e+02 4.243000e+00 1.379000e-03
1.163794e+02 4.129704e+00 1.332407e-03
1.185345e+02 4.075742e+00 1.310236e-03
1.196121e+02 4.049565e+00 1.299489e-03
1.206897e+02 4.024000e+00 1.289000e-03
1.293103e+02 3.832369e+00 1.210690e-03
1.336207e+02 3.744998e+00 1.175062e-03
1.357758e+02 3.703659e+00 1.158199e-03
1.368534e+02 3.683613e+00 1.150015e-03
1.379310e+02 3.664000e+00 1.142000e-03
1.465517e+02 3.514547e+00 1.080492e-03
1.508621e+02 3.445127e+00 1.051828e-03
1.530172e+02 3.411979e+00 1.038155e-03
1.551724e+02 3.380000e+00 1.025000e-03
1.724138e+02 3.149000e+00 9.315000e-04
