2.564103e-03 1.525000e+00 2.162000e+00
2.820513e-03 1.621000e+00 2.105000e+00
2.948718e-03 1.661900e+00 2.077550e+00
3.012820e-03 1.680542e+00 2.064150e+00
3.044872e-03 1.689415e+00 2.057542e+00
3.076923e-03 1.698000e+00 2.051000e+00
3.205128e-03 1.731126e+00 2.025136e+00
3.269230e-03 1.746887e+00 2.012453e+00
3.333333e-03 1.762000e+00 2.000000e+00
3.461538e-03 1.790931e+00 1.975648e+00
3.525641e-03 1.804719e+00 1.963735e+00
3.589744e-03 1.818000e+00 1.952000e+00
3.717949e-03 1.843641e+00 1.928757e+00
3.782051e-03 1.855991e+00 1.917302e+00
3.846154e-03 1.868000e+00 1.906000e+00
3.974359e-03 1.891442e+00 1.883661e+00
4.038461e-03 1.902845e+00 1.872719e+00
4.102564e-03 1.914000e+00 1.862000e+00
4.230769e-03 1.935765e+00 1.841141e+00
4.294872e-03 1.946437e+00 1.830980e+00
4.358974e-03 1.957000e+00 1.821000e+00
4.487179e-03 1.978154e+00 1.801276e+00
4.551282e-03 1.988643e+00 1.791570e+00
4.615385e-03 1.999000e+00 1.782000e+00
4.871795e-03 2.038966e+00 1.744567e+00
5.000000e-03 2.058212e+00 1.726496e+00
5.128205e-03 2.077000e+00 1.709000e+00
5.448718e-03 2.123190e+00 1.667164e+00
5.608974e-03 2.145796e+00 1.647234e+00
5.689103e-03 2.156953e+00 1.637528e+00
5.769231e-03 2.168000e+00 1.628000e+00
6.089743e-03 2.211568e+00 1.590636e+00
6.250000e-03 2.232947e+00 1.572548e+00
6.410256e-03 2.254000e+00 1.555000e+00
6.730769e-03 2.295402e+00 1.521101e+00
6.891026e-03 2.315796e+00 1.504801e+00
7.051282e-03 2.336000e+00 1.489000e+00
7.371795e-03 2.376165e+00 1.458224e+00
7.532052e-03 2.396126e+00 1.443377e+00
7.692308e-03 2.416000e+00 1.429000e+00
8.012821e-03 2.455625e+00 1.401249e+00
8.173077e-03 2.475351e+00 1.387917e+00
8.333333e-03 2.495000e+00 1.375000e+00
8.653846e-03 2.534075e+00 1.349979e+00
8.814103e-03 2.553546e+00 1.337857e+00
8.974359e-03 2.573000e+00 1.326000e+00
9.294872e-03 2.611977e+00 1.302572e+00
9.455128e-03 2.631486e+00 1.291139e+00
9.615385e-03 2.651000e+00 1.280000e+00
9.935898e-03 2.690028e+00 1.258477e+00
1.009615e-02 2.709525e+00 1.248098e+00
1.025641e-02 2.729000e+00 1.238000e+00
1.089744e-02 2.806554e+00 1.199101e+00
1.121795e-02 2.845259e+00 1.180646e+00
1.137820e-02 2.864619e+00 1.171713e+00
1.153846e-02 2.884000e+00 1.163000e+00
1.217949e-02 2.961866e+00 1.129370e+00
1.250000e-02 3.000918e+00 1.113360e+00
1.266025e-02 3.020459e+00 1.105592e+00
1.282051e-02 3.040000e+00 1.098000e+00
1.346154e-02 3.117988e+00 1.068576e+00
1.378205e-02 3.156968e+00 1.054516e+00
1.394230e-02 3.176473e+00 1.047683e+00
1.410256e-02 3.196000e+00 1.041000e+00
1.474359e-02 3.274389e+00 1.015148e+00
1.506411e-02 3.313682e+00 1.002766e+00
1.522436e-02 3.333341e+00 9.967276e-01
1.538462e-02 3.353000e+00 9.908000e-01
1.602565e-02 3.431480e+00 9.676182e-01
1.634616e-02 3.470713e+00 9.564302e-01
1.650641e-02 3.490346e+00 9.509645e-01
1.666667e-02 3.510000e+00 9.456000e-01
1.730770e-02 3.588941e+00 9.247463e-01
1.762821e-02 3.628484e+00 9.147140e-01
1.778846e-02 3.648250e+00 9.098135e-01
1.794872e-02 3.668000e+00 9.050000e-01
1.923077e-02 3.825061e+00 8.682363e-01
1.987180e-02 3.903144e+00 8.510495e-01
2.019231e-02 3.942094e+00 8.427989e-01
2.051282e-02 3.981000e+00 8.348000e-01
2.179487e-02 4.136827e+00 8.041485e-01
2.243590e-02 4.214573e+00 7.897137e-01
2.275641e-02 4.253341e+00 7.827587e-01
2.307692e-02 4.292000e+00 7.760000e-01
2.435897e-02 4.445753e+00 7.500651e-01
2.500000e-02 4.522085e+00 7.378039e-01
2.532052e-02 4.560098e+00 7.318769e-01
2.564103e-02 4.598000e+00 7.261000e-01
2.692308e-02 4.749222e+00 7.037955e-01
2.756410e-02 4.824365e+00 6.931796e-01
2.788462e-02 4.861759e+00 6.880303e-01
2.820513e-02 4.899000e+00 6.830000e-01
2.948718e-02 5.046963e+00 6.635288e-01
3.012821e-02 5.120262e+00 6.542335e-01
3.044872e-02 5.156708e+00 6.497171e-01
3.076923e-02 5.193000e+00 6.453000e-01
3.205128e-02 5.337379e+00 6.281827e-01
3.269231e-02 5.408961e+00 6.199918e-01
3.301282e-02 5.444557e+00 6.160051e-01
3.333333e-02 5.480000e+00 6.121000e-01
3.461538e-02 5.620967e+00 5.969294e-01
3.525641e-02 5.690789e+00 5.896433e-01
3.557693e-02 5.725483e+00 5.860886e-01
3.589744e-02 5.760000e+00 5.826000e-01
3.717949e-02 5.897051e+00 5.689937e-01
3.782051e-02 5.964841e+00 5.624402e-01
3.814103e-02 5.998509e+00 5.592404e-01
3.846154e-02 6.032000e+00 5.561000e-01
3.974359e-02 6.165022e+00 5.438909e-01
4.038461e-02 6.230823e+00 5.380088e-01
4.070513e-02 6.263500e+00 5.351312e-01
4.102564e-02 6.296000e+00 5.323000e-01
4.230769e-02 6.424973e+00 5.211992e-01
4.294871e-02 6.488769e+00 5.158221e-01
4.358974e-02 6.552000e+00 5.106000e-01
4.487180e-02 6.677508e+00 5.004964e-01
4.551282e-02 6.739572e+00 4.956277e-01
4.615385e-02 6.801000e+00 4.909000e-01
4.871795e-02 7.042170e+00 4.728143e-01
5.000000e-02 7.159781e+00 4.642990e-01
5.064103e-02 7.217716e+00 4.601933e-01
5.128205e-02 7.275000e+00 4.562000e-01
5.448718e-02 7.556371e+00 4.371442e-01
5.608974e-02 7.693301e+00 4.282277e-01
5.689103e-02 7.760602e+00 4.239477e-01
5.769231e-02 7.827000e+00 4.198000e-01
6.089743e-02 8.087682e+00 4.039452e-01
6.250000e-02 8.214411e+00 3.964878e-01
6.330128e-02 8.276646e+00 3.928942e-01
6.410256e-02 8.338000e+00 3.894000e-01
6.730769e-02 8.578282e+00 3.759502e-01
6.891026e-02 8.695018e+00 3.695800e-01
6.971154e-02 8.752384e+00 3.665003e-01
7.051282e-02 8.809000e+00 3.635000e-01
7.371795e-02 9.031615e+00 3.519406e-01
7.532052e-02 9.140060e+00 3.464527e-01
7.612180e-02 9.193382e+00 3.437944e-01
7.692308e-02 9.246000e+00 3.412000e-01
8.012821e-02 9.452266e+00 3.311747e-01
8.173077e-02 9.552698e+00 3.263940e-01
8.253205e-02 9.602136e+00 3.240716e-01
8.333333e-02 9.651000e+00 3.218000e-01
8.653846e-02 9.843874e+00 3.129936e-01
8.814102e-02 9.938031e+00 3.087735e-01
8.974359e-02 1.003000e+01 3.047000e-01
9.294872e-02 1.020848e+01 2.968195e-01
9.455128e-02 1.029513e+01 2.930419e-01
9.615385e-02 1.038000e+01 2.894000e-01
9.935898e-02 1.054768e+01 2.823941e-01
1.009615e-01 1.062973e+01 2.790399e-01
1.025641e-01 1.071000e+01 2.758000e-01
1.089743e-01 1.101644e+01 2.635054e-01
1.121795e-01 1.116124e+01 2.577846e-01
1.137820e-01 1.123139e+01 2.550471e-01
1.153846e-01 1.130000e+01 2.524000e-01
1.217948e-01 1.156699e+01 2.423162e-01
1.250000e-01 1.169551e+01 2.375877e-01
1.266025e-01 1.175831e+01 2.353118e-01
1.282051e-01 1.182000e+01 2.331000e-01
1.346153e-01 1.206124e+01 2.245773e-01
1.378205e-01 1.217755e+01 2.205431e-01
1.410256e-01 1.229000e+01 2.167000e-01
1.474359e-01 1.250622e+01 2.094159e-01
1.506410e-01 1.260980e+01 2.059815e-01
1.538462e-01 1.271000e+01 2.027000e-01
1.602564e-01 1.290510e+01 1.963843e-01
1.634616e-01 1.299911e+01 1.933784e-01
1.666667e-01 1.309000e+01 1.905000e-01
1.730770e-01 1.326456e+01 1.850114e-01
1.762821e-01 1.334844e+01 1.824047e-01
1.794872e-01 1.343000e+01 1.799000e-01
1.923077e-01 1.374624e+01 1.704385e-01
1.987180e-01 1.389661e+01 1.660728e-01
2.019231e-01 1.396929e+01 1.639967e-01
2.051282e-01 1.404000e+01 1.620000e-01
2.179487e-01 1.431052e+01 1.544682e-01
2.243590e-01 1.443817e+01 1.509794e-01
2.307692e-01 1.456000e+01 1.477000e-01
2.435897e-01 1.479279e+01 1.415228e-01
2.500000e-01 1.490351e+01 1.386358e-01
2.564103e-01 1.501000e+01 1.359000e-01
2.692308e-01 1.521637e+01 1.306821e-01
2.756410e-01 1.531514e+01 1.282271e-01
2.820513e-01 1.541000e+01 1.259000e-01
2.948718e-01 1.559056e+01 1.215177e-01
3.012820e-01 1.567665e+01 1.194612e-01
3.076923e-01 1.576000e+01 1.175000e-01
3.205128e-01 1.592355e+01 1.137257e-01
3.333333e-01 1.608000e+01 1.102000e-01
3.461538e-01 1.622871e+01 1.068829e-01
3.589744e-01 1.637000e+01 1.038000e-01
3.717949e-01 1.650833e+01 1.008739e-01
3.846154e-01 1.664000e+01 9.814000e-02
3.974359e-01 1.676307e+01 9.555203e-02
4.102564e-01 1.688000e+01 9.313000e-02
4.230769e-01 1.699676e+01 9.082276e-02
4.358974e-01 1.711000e+01 8.865000e-02
4.487180e-01 1.721792e+01 8.657226e-02
4.615385e-01 1.732000e+01 8.461000e-02
4.871795e-01 1.751221e+01 8.093575e-02
5.000000e-01 1.760288e+01 7.922918e-02
5.128205e-01 1.769000e+01 7.762000e-02
5.448718e-01 1.790262e+01 7.384536e-02
5.608975e-01 1.800389e+01 7.209892e-02
5.769231e-01 1.810000e+01 7.046000e-02
6.089743e-01 1.827805e+01 6.737867e-02
6.410256e-01 1.844000e+01 6.459000e-02
6.730769e-01 1.859585e+01 6.202095e-02
7.051282e-01 1.874000e+01 5.969000e-02
7.371795e-01 1.887096e+01 5.751446e-02
7.692308e-01 1.899000e+01 5.552000e-02
8.012820e-01 1.910458e+01 5.365681e-02
8.333333e-01 1.921000e+01 5.194000e-02
8.974359e-01 1.939000e+01 4.882000e-02
9.615385e-01 1.955000e+01 4.608000e-02
1.025641e+00 1.968000e+01 4.365000e-02
1.089743e+00 1.979091e+01 4.146318e-02
1.153846e+00 1.988000e+01 3.953000e-02
1.282051e+00 2.001000e+01 3.616000e-02
1.410256e+00 2.008000e+01 3.336000e-02
1.538462e+00 2.011000e+01 3.098000e-02
1.666667e+00 2.009000e+01 2.894000e-02
1.794872e+00 2.004000e+01 2.717000e-02
2.051282e+00 1.988000e+01 2.424000e-02
2.179487e+00 1.971825e+01 2.299775e-02
2.243589e+00 1.961922e+01 2.243454e-02
2.307692e+00 1.951000e+01 2.191000e-02
2.435897e+00 1.927601e+01 2.091523e-02
2.500000e+00 1.915690e+01 2.044968e-02
2.564103e+00 1.904000e+01 2.001000e-02
2.692308e+00 1.882405e+01 1.918204e-02
2.756410e+00 1.872135e+01 1.879557e-02
2.820513e+00 1.862000e+01 1.843000e-02
2.948718e+00 1.841245e+01 1.773721e-02
3.012821e+00 1.830675e+01 1.741103e-02
3.076923e+00 1.820000e+01 1.710000e-02
3.205128e+00 1.798475e+01 1.650323e-02
3.269230e+00 1.787710e+01 1.622022e-02
3.333333e+00 1.777000e+01 1.595000e-02
3.461539e+00 1.755895e+01 1.543614e-02
3.525641e+00 1.745435e+01 1.519298e-02
3.589744e+00 1.735000e+01 1.496000e-02
3.717949e+00 1.713907e+01 1.451101e-02
3.782051e+00 1.703394e+01 1.429646e-02
3.846154e+00 1.693000e+01 1.409000e-02
3.974359e+00 1.672803e+01 1.369239e-02
4.038462e+00 1.662879e+01 1.350256e-02
4.102564e+00 1.653000e+01 1.332000e-02
4.230769e+00 1.632936e+01 1.296997e-02
4.294872e+00 1.622911e+01 1.280237e-02
4.358974e+00 1.613000e+01 1.264000e-02
4.487179e+00 1.593699e+01 1.232223e-02
4.551282e+00 1.584277e+01 1.216863e-02
4.615385e+00 1.575000e+01 1.202000e-02
4.871795e+00 1.538393e+01 1.146529e-02
5.000000e+00 1.520504e+01 1.120999e-02
5.064103e+00 1.511697e+01 1.108806e-02
5.128205e+00 1.503000e+01 1.097000e-02
5.448718e+00 1.460466e+01 1.040515e-02
5.608975e+00 1.439920e+01 1.014152e-02
5.689103e+00 1.429872e+01 1.001551e-02
5.769231e+00 1.420000e+01 9.894000e-03
6.089744e+00 1.381472e+01 9.435249e-03
6.250000e+00 1.362923e+01 9.222408e-03
6.330128e+00 1.353874e+01 9.120568e-03
6.410256e+00 1.345000e+01 9.022000e-03
6.730769e+00 1.310587e+01 8.644302e-03
6.891025e+00 1.294043e+01 8.466596e-03
6.971154e+00 1.285955e+01 8.381052e-03
7.051282e+00 1.278000e+01 8.298000e-03
7.371795e+00 1.246777e+01 7.979890e-03
7.532051e+00 1.231659e+01 7.829878e-03
7.612180e+00 1.224264e+01 7.757479e-03
7.692308e+00 1.217000e+01 7.687000e-03
8.012821e+00 1.188770e+01 7.415238e-03
8.173077e+00 1.175179e+01 7.286269e-03
8.253205e+00 1.168534e+01 7.223852e-03
8.333333e+00 1.162000e+01 7.163000e-03
8.653846e+00 1.136387e+01 6.928405e-03
8.814103e+00 1.124001e+01 6.816884e-03
8.894231e+00 1.117946e+01 6.762814e-03
8.974359e+00 1.112000e+01 6.710000e-03
9.294872e+00 1.088905e+01 6.505577e-03
9.455129e+00 1.077787e+01 6.407930e-03
9.535257e+00 1.072349e+01 6.360458e-03
9.615385e+00 1.067000e+01 6.314000e-03
9.935897e+00 1.046045e+01 6.133688e-03
1.009615e+01 1.035886e+01 6.047284e-03
1.025641e+01 1.026000e+01 5.964000e-03
1.089744e+01 9.883172e+00 5.651770e-03
1.121795e+01 9.706508e+00 5.508204e-03
1.137820e+01 9.621529e+00 5.439875e-03
1.153846e+01 9.539000e+00 5.374000e-03
1.217948e+01 9.221839e+00 5.122946e-03
1.250000e+01 9.071904e+00 5.005649e-03
1.266025e+01 8.999493e+00 4.949420e-03
1.282051e+01 8.929000e+00 4.895000e-03
1.346154e+01 8.657699e+00 4.687472e-03
1.378205e+01 8.529044e+00 4.590190e-03
1.394230e+01 8.466761e+00 4.543411e-03
1.410256e+01 8.406000e+00 4.498000e-03
1.474359e+01 8.171148e+00 4.323651e-03
1.506411e+01 8.059284e+00 4.241346e-03
1.522436e+01 8.005014e+00 4.201633e-03
1.538462e+01 7.952000e+00 4.163000e-03
1.602565e+01 7.747110e+00 4.014531e-03
1.634616e+01 7.649250e+00 3.944212e-03
1.650641e+01 7.601639e+00 3.910187e-03
1.666667e+01 7.555000e+00 3.877000e-03
1.730770e+01 7.373514e+00 3.748726e-03
1.762821e+01 7.286281e+00 3.687612e-03
1.778846e+01 7.243730e+00 3.657961e-03
1.794872e+01 7.202000e+00 3.629000e-03
1.923077e+01 6.885760e+00 3.411801e-03
1.987179e+01 6.739089e+00 3.312766e-03
2.019231e+01 6.668917e+00 3.265922e-03
2.035256e+01 6.634668e+00 3.243212e-03
2.051282e+01 6.601000e+00 3.221000e-03
2.179487e+01 6.341496e+00 3.051965e-03
2.243590e+01 6.218845e+00 2.973541e-03
2.275641e+01 6.159629e+00 2.936109e-03
2.307692e+01 6.102000e+00 2.900000e-03
2.435898e+01 5.880609e+00 2.762944e-03
2.500000e+01 5.775607e+00 2.699123e-03
2.532052e+01 5.724718e+00 2.668565e-03
2.564103e+01 5.675000e+00 2.639000e-03
2.692308e+01 5.482083e+00 2.526122e-03
2.756410e+01 5.389790e+00 2.473173e-03
2.788462e+01 5.344910e+00 2.447711e-03
2.820513e+01 5.301000e+00 2.423000e-03
2.948718e+01 5.130019e+00 2.328211e-03
3.012821e+01 5.048580e+00 2.283513e-03
3.044872e+01 5.009230e+00 2.261959e-03
3.076923e+01 4.971000e+00 2.241000e-03
3.205128e+01 4.825792e+00 2.160546e-03
3.269230e+01 4.757438e+00 2.122447e-03
3.301282e+01 4.724353e+00 2.104003e-03
3.333333e+01 4.692000e+00 2.086000e-03
3.461539e+01 4.565556e+00 2.016177e-03
3.525641e+01 4.504700e+00 1.982883e-03
3.557693e+01 4.475042e+00 1.966743e-03
3.589744e+01 4.446000e+00 1.951000e-03
3.717949e+01 4.333577e+00 1.890480e-03
3.782052e+01 4.279811e+00 1.861692e-03
3.814103e+01 4.253641e+00 1.847702e-03
3.846154e+01 4.228000e+00 1.834000e-03
3.974359e+01 4.128322e+00 1.780507e-03
4.038461e+01 4.080391e+00 1.754790e-03
4.070513e+01 4.056986e+00 1.742263e-03
4.102564e+01 4.034000e+00 1.730000e-03
4.230769e+01 3.944254e+00 1.682556e-03
4.294871e+01 3.900955e+00 1.659868e-03
4.326923e+01 3.879790e+00 1.648824e-03
4.358974e+01 3.859000e+00 1.638000e-03
4.487179e+01 3.778039e+00 1.595880e-03
4.551282e+01 3.738963e+00 1.575613e-03
4.583334e+01 3.719830e+00 1.565716e-03
4.615385e+01 3.701000e+00 1.556000e-03
4.871795e+01 3.556322e+00 1.481974e-03
5.000000e+01 3.488060e+00 1.447492e-03
5.064102e+01 3.455099e+00 1.430978e-03
5.128205e+01 3.423000e+00 1.415000e-03
5.448718e+01 3.268992e+00 1.339464e-03
5.608974e+01 3.196876e+00 1.304587e-03
5.689103e+01 3.162344e+00 1.287984e-03
5.729167e+01 3.145512e+00 1.279911e-03
5.769231e+01 3.129000e+00 1.272000e-03
6.089744e+01 3.003177e+00 1.211694e-03
6.250000e+01 2.944470e+00 1.183562e-03
6.330128e+01 2.916304e+00 1.170071e-03
6.410256e+01 2.889000e+00 1.157000e-03
6.730769e+01 2.784232e+00 1.106881e-03
6.891026e+01 2.734871e+00 1.083317e-03
6.971154e+01 2.711094e+00 1.071987e-03
7.051282e+01 2.688000e+00 1.061000e-03
7.371795e+01 2.599520e+00 1.019061e-03
7.532052e+01 2.557776e+00 9.993457e-04
7.612180e+01 2.537623e+00 9.898437e-04
7.692308e+01 2.518000e+00 9.806000e-04
8.012821e+01 2.442342e+00 9.449610e-04
8.173077e+01 2.406403e+00 9.280535e-04
8.253205e+01 2.388992e+00 9.198732e-04
8.333333e+01 2.372000e+00 9.119000e-04
8.653846e+01 2.306306e+00 8.811798e-04
8.814102e+01 2.275011e+00 8.665843e-04
8.894231e+01 2.259829e+00 8.595094e-04
8.974359e+01 2.245000e+00 8.526000e-04
9.294872e+01 2.187665e+00 8.258480e-04
9.455129e+01 2.160305e+00 8.130751e-04
9.535257e+01 2.147009e+00 8.068692e-04
9.615385e+01 2.134000e+00 8.008000e-04
9.935898e+01 2.083527e+00 7.772850e-04
1.009615e+02 2.059334e+00 7.660348e-04
1.017628e+02 2.047549e+00 7.605604e-04
1.025641e+02 2.036000e+00 7.552000e-04
1.089744e+02 1.948438e+00 7.146633e-04
1.121795e+02 1.907940e+00 6.959725e-04
1.137820e+02 1.888628e+00 6.870740e-04
1.153846e+02 1.870000e+00 6.785000e-04
1.217948e+02 1.799122e+00 6.459461e-04
1.250000e+02 1.766088e+00 6.307840e-04
1.266025e+02 1.750280e+00 6.235239e-04
1.282051e+02 1.735000e+00 6.165000e-04
1.346153e+02 1.676924e+00 5.896816e-04
1.378205e+02 1.649752e+00 5.771069e-04
1.394230e+02 1.636688e+00 5.710630e-04
1.410256e+02 1.624000e+00 5.652000e-04
1.474359e+02 1.575183e+00 5.427459e-04
1.506411e+02 1.552066e+00 5.321657e-04
1.522436e+02 1.540890e+00 5.270633e-04
1.538462e+02 1.530000e+00 5.221000e-04
1.602565e+02 1.487937e+00 5.029925e-04
1.634616e+02 1.467996e+00 4.939407e-04
1.650641e+02 1.458366e+00 4.895642e-04
1.666667e+02 1.449000e+00 4.853000e-04
1.730770e+02 1.413161e+00 4.688761e-04
1.762821e+02 1.396214e+00 4.610738e-04
1.778846e+02 1.388010e+00 4.572922e-04
1.794872e+02 1.380000e+00 4.536000e-04
1.923077e+02 1.319469e+00 4.258850e-04
1.987180e+02 1.291720e+00 4.132335e-04
2.019231e+02 1.278585e+00 4.072452e-04
2.051282e+02 1.266000e+00 4.015000e-04
2.179487e+02 1.218862e+00 3.797976e-04
2.243589e+02 1.197214e+00 3.697716e-04
2.275641e+02 1.186919e+00 3.649975e-04
2.307692e+02 1.177000e+00 3.604000e-04
2.564103e+02 1.105000e+00 3.273000e-04
