1.111111e-03 2.533000e-01 2.765000e-01
1.222222e-03 2.657000e-01 2.670000e-01
1.277778e-03 2.716825e-01 2.624450e-01
1.305555e-03 2.746129e-01 2.602410e-01
1.319444e-03 2.760620e-01 2.591617e-01
1.333333e-03 2.775000e-01 2.581000e-01
1.388888e-03 2.832021e-01 2.539654e-01
1.416666e-03 2.860168e-01 2.519608e-01
1.444444e-03 2.888000e-01 2.500000e-01
1.500000e-03 2.942979e-01 2.461383e-01
1.527778e-03 2.970117e-01 2.442499e-01
1.555556e-03 2.997000e-01 2.424000e-01
1.611111e-03 3.050504e-01 2.387813e-01
1.638889e-03 3.076932e-01 2.370206e-01
1.666667e-03 3.103000e-01 2.353000e-01
1.722222e-03 3.154034e-01 2.319397e-01
1.750000e-03 3.179127e-01 2.303032e-01
1.777778e-03 3.204000e-01 2.287000e-01
1.833334e-03 3.253749e-01 2.255484e-01
1.861111e-03 3.278476e-01 2.240085e-01
1.888889e-03 3.303000e-01 2.225000e-01
1.944444e-03 3.356162e-01 2.195465e-01
1.972222e-03 3.380078e-01 2.181076e-01
2.000000e-03 3.399000e-01 2.167000e-01
2.111111e-03 3.397318e-01 2.112820e-01
2.166666e-03 3.373490e-01 2.086962e-01
2.222222e-03 3.348000e-01 2.062000e-01
2.361111e-03 3.350624e-01 2.001501e-01
2.430555e-03 3.376519e-01 1.972631e-01
2.465278e-03 3.393872e-01 1.958640e-01
2.500000e-03 3.413000e-01 1.945000e-01
2.638889e-03 3.483441e-01 1.892714e-01
2.708334e-03 3.518276e-01 1.867884e-01
2.743056e-03 3.536250e-01 1.855820e-01
2.777778e-03 3.555000e-01 1.844000e-01
2.916667e-03 3.639124e-01 1.797831e-01
2.986112e-03 3.685114e-01 1.775562e-01
3.020834e-03 3.708875e-01 1.764682e-01
3.055556e-03 3.733000e-01 1.754000e-01
3.194445e-03 3.829624e-01 1.712346e-01
3.263889e-03 3.878172e-01 1.692321e-01
3.298611e-03 3.902542e-01 1.682562e-01
3.333333e-03 3.927000e-01 1.673000e-01
3.472222e-03 4.025906e-01 1.635958e-01
3.541667e-03 4.075540e-01 1.618189e-01
3.576389e-03 4.100313e-01 1.609517e-01
3.611111e-03 4.125000e-01 1.601000e-01
3.750000e-03 4.222843e-01 1.567707e-01
3.819444e-03 4.271165e-01 1.551616e-01
3.854167e-03 4.295149e-01 1.543742e-01
3.888889e-03 4.319000e-01 1.536000e-01
4.027778e-03 4.413923e-01 1.505794e-01
4.097222e-03 4.460787e-01 1.491194e-01
4.131945e-03 4.483992e-01 1.484042e-01
4.166667e-03 4.507000e-01 1.477000e-01
4.305555e-03 4.597803e-01 1.449425e-01
4.375000e-03 4.642299e-01 1.436043e-01
4.444444e-03 4.686000e-01 1.423000e-01
4.722222e-03 4.855508e-01 1.373006e-01
4.861111e-03 4.936706e-01 1.349433e-01
4.930555e-03 4.976250e-01 1.338062e-01
5.000000e-03 5.015000e-01 1.327000e-01
5.277778e-03 5.165883e-01 1.284442e-01
5.416667e-03 5.238273e-01 1.264274e-01
5.486111e-03 5.273511e-01 1.254516e-01
5.555556e-03 5.308000e-01 1.245000e-01
5.833333e-03 5.441578e-01 1.208252e-01
5.972222e-03 5.505464e-01 1.190763e-01
6.041667e-03 5.536552e-01 1.182282e-01
6.111111e-03 5.567000e-01 1.174000e-01
6.388889e-03 5.685259e-01 1.141991e-01
6.527778e-03 5.742064e-01 1.126709e-01
6.666667e-03 5.797000e-01 1.112000e-01
6.944445e-03 5.903343e-01 1.083646e-01
7.083333e-03 5.954485e-01 1.070078e-01
7.222222e-03 6.004000e-01 1.057000e-01
7.500000e-03 6.099845e-01 1.031787e-01
7.638889e-03 6.146071e-01 1.019694e-01
7.777778e-03 6.191000e-01 1.008000e-01
8.333333e-03 6.362901e-01 9.635681e-02
8.611111e-03 6.444184e-01 9.428763e-02
8.750000e-03 6.483545e-01 9.329738e-02
8.888889e-03 6.522000e-01 9.234000e-02
9.444444e-03 6.670887e-01 8.869306e-02
9.722222e-03 6.742474e-01 8.698590e-02
9.861111e-03 6.777503e-01 8.616570e-02
1.000000e-02 6.812000e-01 8.537000e-02
1.055556e-02 6.947165e-01 8.232027e-02
1.083333e-02 7.013148e-01 8.088117e-02
1.111111e-02 7.078000e-01 7.951000e-02
1.166666e-02 7.205676e-01 7.689567e-02
1.194444e-02 7.268619e-01 7.565987e-02
1.222222e-02 7.331000e-01 7.448000e-02
1.277777e-02 7.454815e-01 7.222569e-02
1.305555e-02 7.516444e-01 7.115583e-02
1.333333e-02 7.578000e-01 7.013000e-02
1.388889e-02 7.701278e-01 6.815646e-02
1.416666e-02 7.763065e-01 6.721497e-02
1.444444e-02 7.825000e-01 6.631000e-02
1.500000e-02 7.949030e-01 6.457126e-02
1.527778e-02 8.011339e-01 6.374069e-02
1.555556e-02 8.074000e-01 6.294000e-02
1.611112e-02 8.200268e-01 6.139216e-02
1.638889e-02 8.263928e-01 6.064885e-02
1.666667e-02 8.328000e-01 5.993000e-02
1.722223e-02 8.456849e-01 5.853745e-02
1.750000e-02 8.521728e-01 5.786784e-02
1.777778e-02 8.587000e-01 5.722000e-02
1.833333e-02 8.718199e-01 5.596733e-02
1.861111e-02 8.784337e-01 5.536456e-02
1.888889e-02 8.851000e-01 5.478000e-02
1.944444e-02 8.985657e-01 5.364312e-02
1.972222e-02 9.053613e-01 5.309371e-02
2.000000e-02 9.122000e-01 5.256000e-02
2.111111e-02 9.397161e-01 5.052699e-02
2.166667e-02 9.536301e-01 4.957395e-02
2.194444e-02 9.606420e-01 4.911542e-02
2.222222e-02 9.677000e-01 4.867000e-02
2.361111e-02 1.003562e+00 4.654689e-02
2.430555e-02 1.021731e+00 4.555537e-02
2.465278e-02 1.030857e+00 4.508008e-02
2.500000e-02 1.040000e+00 4.462000e-02
2.638889e-02 1.076461e+00 4.286503e-02
2.708334e-02 1.094702e+00 4.204149e-02
2.743056e-02 1.103840e+00 4.164511e-02
2.777778e-02 1.113000e+00 4.126000e-02
2.916667e-02 1.149840e+00 3.977851e-02
2.986112e-02 1.168377e+00 3.907778e-02
3.020834e-02 1.177678e+00 3.873937e-02
3.055556e-02 1.187000e+00 3.841000e-02
3.194445e-02 1.224441e+00 3.714383e-02
3.263889e-02 1.243214e+00 3.654382e-02
3.298611e-02 1.252607e+00 3.625338e-02
3.333333e-02 1.262000e+00 3.597000e-02
3.472222e-02 1.299579e+00 3.487467e-02
3.541666e-02 1.318323e+00 3.435219e-02
3.576389e-02 1.327672e+00 3.409834e-02
3.611111e-02 1.337000e+00 3.385000e-02
3.750000e-02 1.374087e+00 3.288570e-02
3.819445e-02 1.392554e+00 3.242412e-02
3.854167e-02 1.401777e+00 3.219964e-02
3.888889e-02 1.411000e+00 3.198000e-02
4.027778e-02 1.448028e+00 3.112939e-02
4.097223e-02 1.466542e+00 3.072237e-02
4.131945e-02 1.475782e+00 3.052420e-02
4.166667e-02 1.485000e+00 3.033000e-02
4.305556e-02 1.521687e+00 2.957459e-02
4.375000e-02 1.539899e+00 2.921132e-02
4.409722e-02 1.548965e+00 2.903401e-02
4.444444e-02 1.558000e+00 2.886000e-02
4.722222e-02 1.629665e+00 2.753562e-02
4.861111e-02 1.665031e+00 2.691970e-02
4.930556e-02 1.682570e+00 2.662499e-02
4.965278e-02 1.691300e+00 2.648123e-02
5.000000e-02 1.700000e+00 2.634000e-02
5.277778e-02 1.769168e+00 2.525449e-02
5.416667e-02 1.803307e+00 2.474398e-02
5.486112e-02 1.820219e+00 2.449835e-02
5.555556e-02 1.837000e+00 2.426000e-02
5.833334e-02 1.903308e+00 2.334830e-02
5.972222e-02 1.935893e+00 2.291885e-02
6.041667e-02 1.952013e+00 2.271166e-02
6.111111e-02 1.968000e+00 2.251000e-02
6.388889e-02 2.031201e+00 2.173176e-02
6.527778e-02 2.062303e+00 2.136252e-02
6.597222e-02 2.077706e+00 2.118395e-02
6.666667e-02 2.093000e+00 2.101000e-02
6.944444e-02 2.153740e+00 2.034134e-02
7.083333e-02 2.183626e+00 2.002406e-02
7.152778e-02 2.198390e+00 1.987026e-02
7.222222e-02 2.213000e+00 1.972000e-02
7.500000e-02 2.270401e+00 1.913725e-02
7.638889e-02 2.298453e+00 1.885840e-02
7.708334e-02 2.312294e+00 1.872275e-02
7.777778e-02 2.326000e+00 1.859000e-02
8.333334e-02 2.433393e+00 1.758853e-02
8.611111e-02 2.485114e+00 1.712852e-02
8.750000e-02 2.510321e+00 1.691007e-02
8.888889e-02 2.535000e+00 1.670000e-02
9.444445e-02 2.630421e+00 1.590520e-02
9.722222e-02 2.676033e+00 1.553645e-02
9.861111e-02 2.698237e+00 1.536025e-02
1.000000e-01 2.720000e+00 1.519000e-02
1.055555e-01 2.804952e+00 1.454113e-02
1.083333e-01 2.845745e+00 1.423738e-02
1.097222e-01 2.865592e+00 1.409148e-02
1.111111e-01 2.885000e+00 1.395000e-02
1.166667e-01 2.959998e+00 1.340829e-02
1.194444e-01 2.995724e+00 1.315300e-02
1.208333e-01 3.013060e+00 1.302985e-02
1.222222e-01 3.030000e+00 1.291000e-02
1.277777e-01 3.095694e+00 1.244771e-02
1.305555e-01 3.127013e+00 1.222870e-02
1.333333e-01 3.157000e+00 1.202000e-02
1.388889e-01 3.214119e+00 1.162440e-02
1.416666e-01 3.241143e+00 1.143797e-02
1.444444e-01 3.267000e+00 1.126000e-02
1.500000e-01 3.316741e+00 1.091914e-02
1.527778e-01 3.340387e+00 1.075662e-02
1.555556e-01 3.363000e+00 1.060000e-02
1.611111e-01 3.406181e+00 1.029607e-02
1.638889e-01 3.426576e+00 1.015030e-02
1.666667e-01 3.446000e+00 1.001000e-02
1.722223e-01 3.483024e+00 9.741349e-03
1.777778e-01 3.517000e+00 9.490000e-03
1.833334e-01 3.548427e+00 9.250974e-03
1.888889e-01 3.577000e+00 9.026000e-03
1.944444e-01 3.603707e+00 8.810528e-03
2.000000e-01 3.628000e+00 8.607000e-03
2.111111e-01 3.671057e+00 8.227027e-03
2.222222e-01 3.706000e+00 7.885000e-03
2.361111e-01 3.741392e+00 7.493764e-03
2.500000e-01 3.767000e+00 7.146000e-03
2.777778e-01 3.798000e+00 6.542000e-03
3.055556e-01 3.806000e+00 6.038000e-03
3.333333e-01 3.798000e+00 5.611000e-03
3.611111e-01 3.779000e+00 5.244000e-03
3.888889e-01 3.752000e+00 4.925000e-03
4.166667e-01 3.718000e+00 4.645000e-03
4.305556e-01 3.699473e+00 4.516533e-03
4.444444e-01 3.680000e+00 4.397000e-03
4.722222e-01 3.639826e+00 4.174921e-03
4.861111e-01 3.619130e+00 4.072699e-03
5.000000e-01 3.598000e+00 3.977000e-03
5.277778e-01 3.554873e+00 3.796901e-03
5.416667e-01 3.533003e+00 3.713050e-03
5.555556e-01 3.511000e+00 3.634000e-03
5.833333e-01 3.466936e+00 3.484850e-03
5.972222e-01 3.444936e+00 3.415090e-03
6.111111e-01 3.423000e+00 3.349000e-03
6.388889e-01 3.379219e+00 3.223455e-03
6.527778e-01 3.357504e+00 3.164320e-03
6.666667e-01 3.336000e+00 3.108000e-03
6.944444e-01 3.293560e+00 3.000527e-03
7.083333e-01 3.272657e+00 2.949650e-03
7.222222e-01 3.252000e+00 2.901000e-03
7.500000e-01 3.211081e+00 2.807759e-03
7.638889e-01 3.190908e+00 2.763450e-03
7.777778e-01 3.171000e+00 2.721000e-03
8.333333e-01 3.093275e+00 2.563294e-03
8.611111e-01 3.055647e+00 2.491547e-03
8.750000e-01 3.037191e+00 2.457599e-03
8.888889e-01 3.019000e+00 2.425000e-03
9.444444e-01 2.947519e+00 2.301354e-03
9.722222e-01 2.912797e+00 2.243924e-03
9.861111e-01 2.895767e+00 2.216488e-03
1.000000e+00 2.879000e+00 2.190000e-03
1.055556e+00 2.813493e+00 2.089268e-03
1.083333e+00 2.781805e+00 2.042287e-03
1.097222e+00 2.766282e+00 2.019779e-03
1.111111e+00 2.751000e+00 1.998000e-03
1.166666e+00 2.691293e+00 1.914893e-03
1.194444e+00 2.662313e+00 1.875923e-03
1.208333e+00 2.648068e+00 1.857186e-03
1.222222e+00 2.634000e+00 1.839000e-03
1.277778e+00 2.578474e+00 1.769271e-03
1.305555e+00 2.551400e+00 1.736360e-03
1.319444e+00 2.538101e+00 1.720470e-03
1.333333e+00 2.525000e+00 1.705000e-03
1.388889e+00 2.473913e+00 1.645389e-03
1.416666e+00 2.449161e+00 1.617087e-03
1.444444e+00 2.425000e+00 1.590000e-03
1.500000e+00 2.377669e+00 1.538144e-03
1.527778e+00 2.354593e+00 1.513542e-03
1.555556e+00 2.332000e+00 1.490000e-03
1.611111e+00 2.287704e+00 1.445041e-03
1.638889e+00 2.266114e+00 1.423634e-03
1.666667e+00 2.245000e+00 1.403000e-03
1.722222e+00 2.203755e+00 1.362808e-03
1.750000e+00 2.183670e+00 1.343523e-03
1.777778e+00 2.164000e+00 1.325000e-03
1.833334e+00 2.125352e+00 1.289863e-03
1.861111e+00 2.106480e+00 1.273155e-03
1.888889e+00 2.088000e+00 1.257000e-03
1.944444e+00 2.051607e+00 1.225287e-03
1.972222e+00 2.033994e+00 1.209911e-03
2.000000e+00 2.017000e+00 1.195000e-03
2.111111e+00 1.955846e+00 1.139041e-03
2.166666e+00 1.927620e+00 1.113225e-03
2.194444e+00 1.913804e+00 1.100906e-03
2.222222e+00 1.900000e+00 1.089000e-03
2.361111e+00 1.825821e+00 1.032625e-03
2.430556e+00 1.788205e+00 1.006502e-03
2.465278e+00 1.769801e+00 9.940338e-04
2.482639e+00 1.760802e+00 9.879601e-04
2.500000e+00 1.752000e+00 9.820000e-04
2.638889e+00 1.688087e+00 9.362971e-04
2.708334e+00 1.659255e+00 9.148974e-04
2.743056e+00 1.645469e+00 9.046334e-04
2.777778e+00 1.632000e+00 8.947000e-04
2.916667e+00 1.577992e+00 8.568800e-04
2.986112e+00 1.551563e+00 8.391730e-04
3.020834e+00 1.538640e+00 8.306618e-04
3.055556e+00 1.526000e+00 8.224000e-04
3.194445e+00 1.477831e+00 7.906680e-04
3.263889e+00 1.455005e+00 7.756782e-04
3.298611e+00 1.443902e+00 7.684421e-04
3.333333e+00 1.433000e+00 7.614000e-04
3.472222e+00 1.390020e+00 7.343022e-04
3.541667e+00 1.369178e+00 7.214636e-04
3.576389e+00 1.358990e+00 7.152535e-04
3.611111e+00 1.349000e+00 7.092000e-04
3.750000e+00 1.310339e+00 6.858538e-04
3.819444e+00 1.291841e+00 6.747491e-04
3.854167e+00 1.282832e+00 6.693628e-04
3.888889e+00 1.274000e+00 6.641000e-04
4.027778e+00 1.239575e+00 6.437145e-04
4.097222e+00 1.223011e+00 6.339722e-04
4.131945e+00 1.214928e+00 6.292354e-04
4.166667e+00 1.207000e+00 6.246000e-04
4.305556e+00 1.176186e+00 6.066144e-04
4.375000e+00 1.161360e+00 5.979999e-04
4.409722e+00 1.154117e+00 5.938064e-04
4.444444e+00 1.147000e+00 5.897000e-04
4.722222e+00 1.092575e+00 5.586751e-04
4.861111e+00 1.067100e+00 5.443749e-04
4.930556e+00 1.054865e+00 5.375649e-04
4.965278e+00 1.048884e+00 5.342507e-04
5.000000e+00 1.043000e+00 5.310000e-04
5.277778e+00 9.975492e-01 5.060828e-04
5.416667e+00 9.761112e-01 4.944158e-04
5.486111e+00 9.657972e-01 4.888186e-04
5.520834e+00 9.607559e-01 4.860857e-04
5.555556e+00 9.558000e-01 4.834000e-04
5.833334e+00 9.178183e-01 4.627750e-04
5.972222e+00 8.999645e-01 4.530836e-04
6.041667e+00 8.913630e-01 4.484224e-04
6.111111e+00 8.830000e-01 4.439000e-04
6.388889e+00 8.507947e-01 4.265998e-04
6.527778e+00 8.355446e-01 4.184526e-04
6.597223e+00 8.281753e-01 4.145233e-04
6.666667e+00 8.210000e-01 4.107000e-04
6.944445e+00 7.934047e-01 3.959640e-04
7.083333e+00 7.803200e-01 3.889754e-04
7.152778e+00 7.739839e-01 3.855947e-04
7.222222e+00 7.678000e-01 3.823000e-04
7.500000e+00 7.438668e-01 3.696101e-04
7.638889e+00 7.324522e-01 3.635796e-04
7.708334e+00 7.269120e-01 3.606557e-04
7.777778e+00 7.215000e-01 3.578000e-04
8.333334e+00 6.809469e-01 3.363282e-04
8.611111e+00 6.624546e-01 3.265111e-04
8.750000e+00 6.537016e-01 3.218617e-04
8.819445e+00 6.494555e-01 3.196065e-04
8.888889e+00 6.453000e-01 3.174000e-04
9.444444e+00 6.135861e-01 3.005964e-04
9.722222e+00 5.988382e-01 2.928016e-04
9.861111e+00 5.917946e-01 2.890835e-04
9.930556e+00 5.883643e-01 2.872740e-04
1.000000e+01 5.850000e-01 2.855000e-04
1.055556e+01 5.593144e-01 2.719649e-04
1.083333e+01 5.473214e-01 2.656523e-04
1.097222e+01 5.415702e-01 2.626276e-04
1.104167e+01 5.387614e-01 2.611511e-04
1.111111e+01 5.360000e-01 2.597000e-04
1.166667e+01 5.147439e-01 2.485361e-04
1.194444e+01 5.047226e-01 2.432820e-04
1.208333e+01 4.998930e-01 2.407535e-04
1.222222e+01 4.952000e-01 2.383000e-04
1.277778e+01 4.771989e-01 2.289128e-04
1.305555e+01 4.686996e-01 2.244962e-04
1.319444e+01 4.645958e-01 2.223683e-04
1.333333e+01 4.606000e-01 2.203000e-04
1.388889e+01 4.452087e-01 2.123575e-04
1.416666e+01 4.378996e-01 2.085965e-04
1.430555e+01 4.343579e-01 2.067762e-04
1.444444e+01 4.309000e-01 2.050000e-04
1.500000e+01 4.175263e-01 1.981225e-04
1.527778e+01 4.111414e-01 1.948437e-04
1.541667e+01 4.080376e-01 1.932531e-04
1.555556e+01 4.050000e-01 1.917000e-04
1.611111e+01 3.931948e-01 1.857019e-04
1.638889e+01 3.875408e-01 1.828441e-04
1.652778e+01 3.847907e-01 1.814566e-04
1.666667e+01 3.821000e-01 1.801000e-04
1.722223e+01 3.716905e-01 1.748437e-04
1.750000e+01 3.667086e-01 1.723271e-04
1.763889e+01 3.642811e-01 1.711014e-04
1.777778e+01 3.619000e-01 1.699000e-04
1.833333e+01 3.526052e-01 1.652195e-04
1.861111e+01 3.481282e-01 1.629704e-04
1.875000e+01 3.459432e-01 1.618742e-04
1.888889e+01 3.438000e-01 1.608000e-04
1.944445e+01 3.354682e-01 1.566328e-04
1.972222e+01 3.314660e-01 1.546329e-04
1.986111e+01 3.295142e-01 1.536574e-04
2.000000e+01 3.276000e-01 1.527000e-04
2.111111e+01 3.130404e-01 1.454036e-04
2.166667e+01 3.063002e-01 1.420039e-04
2.194444e+01 3.030900e-01 1.403756e-04
2.208333e+01 3.015290e-01 1.395809e-04
2.222222e+01 3.000000e-01 1.388000e-04
2.361111e+01 2.855821e-01 1.313632e-04
2.430555e+01 2.790224e-01 1.279190e-04
2.465278e+01 2.759374e-01 1.262786e-04
2.482639e+01 2.744491e-01 1.254811e-04
2.500000e+01 2.730000e-01 1.247000e-04
2.638889e+01 2.621471e-01 1.187634e-04
2.708333e+01 2.572260e-01 1.160025e-04
2.743056e+01 2.549100e-01 1.146803e-04
2.777778e+01 2.527000e-01 1.134000e-04
2.916667e+01 2.446845e-01 1.084972e-04
2.986111e+01 2.409290e-01 1.061902e-04
3.020834e+01 2.390715e-01 1.050792e-04
3.055556e+01 2.372000e-01 1.040000e-04
3.194444e+01 2.291379e-01 9.985433e-05
3.263889e+01 2.250170e-01 9.789867e-05
3.298611e+01 2.229839e-01 9.695600e-05
3.333333e+01 2.210000e-01 9.604000e-05
3.472222e+01 2.136615e-01 9.252981e-05
3.541666e+01 2.102899e-01 9.087197e-05
3.576389e+01 2.086738e-01 9.007083e-05
3.611111e+01 2.071000e-01 8.929000e-05
3.750000e+01 2.009350e-01 8.627305e-05
3.819445e+01 1.979644e-01 8.483679e-05
3.854167e+01 1.965168e-01 8.414024e-05
3.888889e+01 1.951000e-01 8.346000e-05
4.027778e+01 1.896205e-01 8.082977e-05
4.097223e+01 1.870080e-01 7.957524e-05
4.131945e+01 1.857397e-01 7.896590e-05
4.166667e+01 1.845000e-01 7.837000e-05
4.305555e+01 1.797049e-01 7.606012e-05
4.375000e+01 1.774113e-01 7.495467e-05
4.409722e+01 1.762945e-01 7.441672e-05
4.444444e+01 1.752000e-01 7.389000e-05
4.722222e+01 1.668743e-01 6.990938e-05
4.861111e+01 1.630152e-01 6.807486e-05
4.930555e+01 1.611745e-01 6.720153e-05
4.965278e+01 1.602786e-01 6.677664e-05
5.000000e+01 1.594000e-01 6.636000e-05
5.277778e+01 1.526933e-01 6.316895e-05
5.416667e+01 1.495603e-01 6.167688e-05
5.486111e+01 1.480570e-01 6.096176e-05
5.555556e+01 1.466000e-01 6.027000e-05
5.833333e+01 1.410101e-01 5.763724e-05
5.972222e+01 1.383837e-01 5.640561e-05
6.041667e+01 1.371220e-01 5.581398e-05
6.111111e+01 1.359000e-01 5.524000e-05
6.388889e+01 1.312565e-01 5.303779e-05
6.527778e+01 1.290768e-01 5.199878e-05
6.597222e+01 1.280251e-01 5.149755e-05
6.666667e+01 1.270000e-01 5.101000e-05
6.944445e+01 1.230151e-01 4.913486e-05
7.083333e+01 1.211152e-01 4.824720e-05
7.152778e+01 1.201955e-01 4.781809e-05
7.222222e+01 1.193000e-01 4.740000e-05
7.500000e+01 1.158741e-01 4.578880e-05
7.638889e+01 1.142530e-01 4.502321e-05
7.708334e+01 1.134676e-01 4.465218e-05
7.777778e+01 1.127000e-01 4.429000e-05
8.333334e+01 1.068728e-01 4.157501e-05
8.611111e+01 1.041904e-01 4.033726e-05
8.750000e+01 1.029187e-01 3.975170e-05
8.819445e+01 1.023023e-01 3.946777e-05
8.888889e+01 1.017000e-01 3.919000e-05
9.444445e+01 9.715325e-02 3.707248e-05
9.722222e+01 9.505884e-02 3.608990e-05
9.861111e+01 9.406152e-02 3.562135e-05
9.930556e+01 9.357614e-02 3.539340e-05
1.000000e+02 9.310000e-02 3.517000e-05
1.111111e+02 8.612000e-02 3.193000e-05
