8.333333e-03 1.285000e+00 1.829000e-01
9.166667e-03 1.333000e+00 1.730000e-01
9.583333e-03 1.357075e+00 1.684350e-01
9.791667e-03 1.369071e+00 1.662718e-01
1.000000e-02 1.381000e+00 1.642000e-01
1.041667e-02 1.404527e+00 1.602329e-01
1.062500e-02 1.416242e+00 1.583359e-01
1.083333e-02 1.428000e+00 1.565000e-01
1.125000e-02 1.451879e+00 1.529133e-01
1.145834e-02 1.463926e+00 1.511796e-01
1.166667e-02 1.476000e+00 1.495000e-01
1.208334e-02 1.500037e+00 1.462602e-01
1.229167e-02 1.512023e+00 1.447052e-01
1.250000e-02 1.524000e+00 1.432000e-01
1.291667e-02 1.547989e+00 1.402787e-01
1.312500e-02 1.559993e+00 1.388690e-01
1.333333e-02 1.572000e+00 1.375000e-01
1.375000e-02 1.596004e+00 1.348405e-01
1.395833e-02 1.608002e+00 1.335537e-01
1.416667e-02 1.620000e+00 1.323000e-01
1.458333e-02 1.643999e+00 1.298471e-01
1.479167e-02 1.655999e+00 1.286573e-01
1.500000e-02 1.668000e+00 1.275000e-01
1.583334e-02 1.716001e+00 1.231149e-01
1.625000e-02 1.740001e+00 1.210593e-01
1.645834e-02 1.752000e+00 1.200674e-01
1.666667e-02 1.764000e+00 1.191000e-01
1.770833e-02 1.824000e+00 1.144163e-01
1.822917e-02 1.854000e+00 1.122005e-01
1.848958e-02 1.869000e+00 1.111338e-01
1.875000e-02 1.884000e+00 1.101000e-01
1.979166e-02 1.944176e+00 1.061796e-01
2.031250e-02 1.974181e+00 1.043444e-01
2.057291e-02 1.989123e+00 1.034605e-01
2.083333e-02 2.004000e+00 1.026000e-01
2.187500e-02 2.062842e+00 9.926836e-02
2.239583e-02 2.091984e+00 9.768090e-02
2.265625e-02 2.106504e+00 9.691120e-02
2.291667e-02 2.121000e+00 9.616000e-02
2.395834e-02 2.179172e+00 9.326139e-02
2.447917e-02 2.208179e+00 9.188232e-02
2.473958e-02 2.222622e+00 9.121344e-02
2.500000e-02 2.237000e+00 9.056000e-02
2.604166e-02 2.293960e+00 8.803171e-02
2.656250e-02 2.322106e+00 8.682347e-02
2.682291e-02 2.336086e+00 8.623567e-02
2.708333e-02 2.350000e+00 8.566000e-02
2.812500e-02 2.405301e+00 8.342096e-02
2.864583e-02 2.432734e+00 8.234644e-02
2.890625e-02 2.446389e+00 8.182293e-02
2.916667e-02 2.460000e+00 8.131000e-02
3.020833e-02 2.514359e+00 7.931932e-02
3.072917e-02 2.541318e+00 7.836377e-02
3.098958e-02 2.554703e+00 7.789758e-02
3.125000e-02 2.568000e+00 7.744000e-02
3.229166e-02 2.620544e+00 7.565509e-02
3.281250e-02 2.646423e+00 7.479422e-02
3.333333e-02 2.672000e+00 7.396000e-02
3.541666e-02 2.772693e+00 7.080307e-02
3.645833e-02 2.821857e+00 6.933474e-02
3.697917e-02 2.846072e+00 6.863132e-02
3.750000e-02 2.870000e+00 6.795000e-02
3.958333e-02 2.964224e+00 6.533852e-02
4.062500e-02 3.010151e+00 6.410852e-02
4.114584e-02 3.032729e+00 6.351588e-02
4.166667e-02 3.055000e+00 6.294000e-02
4.375000e-02 3.142211e+00 6.073022e-02
4.479166e-02 3.184594e+00 5.968601e-02
4.531250e-02 3.205429e+00 5.918149e-02
4.583333e-02 3.226000e+00 5.869000e-02
4.791666e-02 3.307044e+00 5.679363e-02
4.895833e-02 3.346516e+00 5.589250e-02
4.947917e-02 3.365901e+00 5.545596e-02
5.000000e-02 3.385000e+00 5.503000e-02
5.208334e-02 3.459600e+00 5.338572e-02
5.312500e-02 3.495751e+00 5.260237e-02
5.364584e-02 3.513497e+00 5.222199e-02
5.416667e-02 3.531000e+00 5.185000e-02
5.625000e-02 3.599835e+00 5.040692e-02
5.729167e-02 3.633333e+00 4.971583e-02
5.833333e-02 3.666000e+00 4.905000e-02
6.250000e-02 3.790750e+00 4.655555e-02
6.458333e-02 3.849355e+00 4.540985e-02
6.562500e-02 3.877575e+00 4.486498e-02
6.666667e-02 3.905000e+00 4.434000e-02
7.083333e-02 4.010740e+00 4.234151e-02
7.291667e-02 4.060661e+00 4.140895e-02
7.395833e-02 4.084694e+00 4.096219e-02
7.500000e-02 4.108000e+00 4.053000e-02
7.916666e-02 4.196778e+00 3.888245e-02
8.125000e-02 4.238432e+00 3.811072e-02
8.333333e-02 4.278000e+00 3.738000e-02
8.750000e-02 4.353597e+00 3.599777e-02
8.958334e-02 4.389214e+00 3.534830e-02
9.166667e-02 4.423000e+00 3.473000e-02
9.583334e-02 4.486893e+00 3.354647e-02
9.791667e-02 4.516766e+00 3.298569e-02
1.000000e-01 4.545000e+00 3.245000e-02
1.041666e-01 4.598305e+00 3.142778e-02
1.062500e-01 4.623282e+00 3.094353e-02
1.083333e-01 4.647000e+00 3.048000e-02
1.125000e-01 4.692359e+00 2.959073e-02
1.166667e-01 4.734000e+00 2.876000e-02
1.208334e-01 4.772301e+00 2.797462e-02
1.250000e-01 4.807000e+00 2.724000e-02
1.291666e-01 4.839438e+00 2.653860e-02
1.333333e-01 4.869000e+00 2.588000e-02
1.375000e-01 4.896342e+00 2.525654e-02
1.416667e-01 4.921000e+00 2.467000e-02
1.500000e-01 4.964000e+00 2.357000e-02
1.583333e-01 5.000516e+00 2.256355e-02
1.666667e-01 5.030000e+00 2.166000e-02
1.770834e-01 5.060306e+00 2.062843e-02
1.875000e-01 5.083000e+00 1.971000e-02
2.083333e-01 5.113000e+00 1.810000e-02
2.291667e-01 5.126000e+00 1.675000e-02
2.500000e-01 5.128000e+00 1.560000e-02
2.708333e-01 5.123000e+00 1.461000e-02
2.916667e-01 5.111000e+00 1.375000e-02
3.125000e-01 5.095000e+00 1.299000e-02
3.333333e-01 5.077000e+00 1.232000e-02
3.750000e-01 5.034000e+00 1.117000e-02
4.166667e-01 4.987000e+00 1.024000e-02
4.583333e-01 4.939000e+00 9.456000e-03
5.000000e-01 4.890000e+00 8.792000e-03
5.416667e-01 4.842000e+00 8.221000e-03
5.833333e-01 4.795000e+00 7.725000e-03
6.250000e-01 4.748591e+00 7.284761e-03
6.666667e-01 4.703000e+00 6.902000e-03
7.083333e-01 4.657936e+00 6.554947e-03
7.500000e-01 4.614000e+00 6.247000e-03
7.916667e-01 4.571468e+00 5.965625e-03
8.333333e-01 4.530000e+00 5.713000e-03
8.750000e-01 4.488632e+00 5.479236e-03
9.166667e-01 4.448000e+00 5.267000e-03
9.583333e-01 4.408530e+00 5.069963e-03
1.000000e+00 4.370000e+00 4.890000e-03
1.041667e+00 4.331755e+00 4.721860e-03
1.083333e+00 4.294000e+00 4.567000e-03
1.125000e+00 4.256641e+00 4.421244e-03
1.166667e+00 4.220000e+00 4.286000e-03
1.208333e+00 4.184130e+00 4.158121e-03
1.250000e+00 4.149000e+00 4.039000e-03
1.291667e+00 4.114303e+00 3.926293e-03
1.333333e+00 4.080000e+00 3.821000e-03
1.375000e+00 4.045733e+00 3.720940e-03
1.416667e+00 4.012000e+00 3.627000e-03
1.458333e+00 3.979140e+00 3.537433e-03
1.500000e+00 3.947000e+00 3.453000e-03
1.583333e+00 3.883299e+00 3.294668e-03
1.625000e+00 3.851920e+00 3.221168e-03
1.666667e+00 3.821000e+00 3.152000e-03
1.770833e+00 3.745096e+00 2.990739e-03
1.822917e+00 3.708119e+00 2.916500e-03
1.875000e+00 3.672000e+00 2.847000e-03
1.979167e+00 3.602941e+00 2.716250e-03
2.031250e+00 3.568757e+00 2.655384e-03
2.083333e+00 3.534000e+00 2.598000e-03
2.187500e+00 3.460434e+00 2.489620e-03
2.239584e+00 3.422405e+00 2.438946e-03
2.265625e+00 3.403216e+00 2.414609e-03
2.291667e+00 3.384000e+00 2.391000e-03
2.395834e+00 3.306710e+00 2.300503e-03
2.447917e+00 3.269064e+00 2.257765e-03
2.473958e+00 3.250770e+00 2.237118e-03
2.500000e+00 3.233000e+00 2.217000e-03
2.604166e+00 3.166840e+00 2.139231e-03
2.656250e+00 3.135896e+00 2.102286e-03
2.708333e+00 3.106000e+00 2.067000e-03
2.812500e+00 3.046364e+00 2.000045e-03
2.864584e+00 3.016938e+00 1.968375e-03
2.916667e+00 2.988000e+00 1.938000e-03
3.020834e+00 2.931468e+00 1.879187e-03
3.072917e+00 2.903945e+00 1.851044e-03
3.125000e+00 2.877000e+00 1.824000e-03
3.229166e+00 2.824112e+00 1.772282e-03
3.281250e+00 2.798291e+00 1.747670e-03
3.333333e+00 2.773000e+00 1.724000e-03
3.541666e+00 2.675278e+00 1.634821e-03
3.645833e+00 2.628709e+00 1.593618e-03
3.697917e+00 2.606101e+00 1.573967e-03
3.750000e+00 2.584000e+00 1.555000e-03
3.958334e+00 2.498426e+00 1.482663e-03
4.062500e+00 2.457479e+00 1.448863e-03
4.114584e+00 2.437541e+00 1.432667e-03
4.166667e+00 2.418000e+00 1.417000e-03
4.375000e+00 2.341892e+00 1.357351e-03
4.479166e+00 2.305314e+00 1.329433e-03
4.531250e+00 2.287481e+00 1.316018e-03
4.583333e+00 2.270000e+00 1.303000e-03
4.791666e+00 2.202076e+00 1.253093e-03
4.895833e+00 2.169476e+00 1.229511e-03
4.947917e+00 2.153584e+00 1.218112e-03
5.000000e+00 2.138000e+00 1.207000e-03
5.208334e+00 2.077359e+00 1.163968e-03
5.312500e+00 2.048199e+00 1.143516e-03
5.364584e+00 2.033967e+00 1.133626e-03
5.416667e+00 2.020000e+00 1.124000e-03
5.625000e+00 1.965596e+00 1.087138e-03
5.729166e+00 1.939386e+00 1.069695e-03
5.781250e+00 1.926579e+00 1.061248e-03
5.833333e+00 1.914000e+00 1.053000e-03
6.250000e+00 1.817903e+00 9.907301e-04
6.458334e+00 1.773120e+00 9.621560e-04
6.562500e+00 1.751696e+00 9.486065e-04
6.614584e+00 1.741252e+00 9.420322e-04
6.666667e+00 1.731000e+00 9.356000e-04
7.083334e+00 1.652545e+00 8.867039e-04
7.291667e+00 1.615791e+00 8.640415e-04
7.395833e+00 1.598131e+00 8.532288e-04
7.447917e+00 1.589496e+00 8.479640e-04
7.500000e+00 1.581000e+00 8.428000e-04
7.916666e+00 1.515441e+00 8.032851e-04
8.125000e+00 1.484464e+00 7.848175e-04
8.229166e+00 1.469523e+00 7.759654e-04
8.333333e+00 1.455000e+00 7.674000e-04
8.750000e+00 1.399272e+00 7.347647e-04
8.958334e+00 1.372990e+00 7.194788e-04
9.062500e+00 1.360319e+00 7.121313e-04
9.166667e+00 1.348000e+00 7.050000e-04
9.583334e+00 1.300735e+00 6.776289e-04
9.791667e+00 1.278373e+00 6.647063e-04
9.895833e+00 1.267554e+00 6.584694e-04
1.000000e+01 1.257000e+00 6.524000e-04
1.041667e+01 1.216092e+00 6.290427e-04
1.062500e+01 1.196616e+00 6.179743e-04
1.072916e+01 1.187187e+00 6.126199e-04
1.083333e+01 1.178000e+00 6.074000e-04
1.125000e+01 1.142817e+00 5.872608e-04
1.145833e+01 1.126102e+00 5.776819e-04
1.156250e+01 1.117974e+00 5.730369e-04
1.166667e+01 1.110000e+00 5.685000e-04
1.208333e+01 1.078633e+00 5.509370e-04
1.229167e+01 1.063520e+00 5.425540e-04
1.239583e+01 1.056171e+00 5.384818e-04
1.250000e+01 1.049000e+00 5.345000e-04
1.291667e+01 1.021605e+00 5.190876e-04
1.312500e+01 1.008613e+00 5.117128e-04
1.322916e+01 1.002296e+00 5.081211e-04
1.333333e+01 9.961000e-01 5.046000e-04
1.375000e+01 9.717716e-01 4.908794e-04
1.395833e+01 9.599999e-01 4.842789e-04
1.406250e+01 9.542462e-01 4.810586e-04
1.416667e+01 9.486000e-01 4.779000e-04
1.458333e+01 9.266897e-01 4.656153e-04
1.479167e+01 9.161703e-01 4.597096e-04
1.489583e+01 9.110376e-01 4.568277e-04
1.500000e+01 9.060000e-01 4.540000e-04
1.583333e+01 8.675913e-01 4.325047e-04
1.625000e+01 8.496846e-01 4.225113e-04
1.645834e+01 8.411046e-01 4.177280e-04
1.666667e+01 8.328000e-01 4.131000e-04
1.770833e+01 7.935511e-01 3.912049e-04
1.822917e+01 7.754018e-01 3.810785e-04
1.848958e+01 7.667474e-01 3.762521e-04
1.861979e+01 7.625337e-01 3.739032e-04
1.875000e+01 7.584000e-01 3.716000e-04
1.979167e+01 7.267359e-01 3.539860e-04
2.031250e+01 7.119096e-01 3.457582e-04
2.057291e+01 7.047934e-01 3.418152e-04
2.083333e+01 6.979000e-01 3.380000e-04
2.187500e+01 6.715871e-01 3.234595e-04
2.239583e+01 6.592306e-01 3.166490e-04
2.265625e+01 6.532814e-01 3.133760e-04
2.291667e+01 6.475000e-01 3.102000e-04
2.395833e+01 6.252690e-01 2.980126e-04
2.447917e+01 6.147453e-01 2.922651e-04
2.473958e+01 6.096576e-01 2.894940e-04
2.500000e+01 6.047000e-01 2.868000e-04
2.604167e+01 5.855863e-01 2.764654e-04
2.656250e+01 5.765025e-01 2.715752e-04
2.682291e+01 5.720994e-01 2.692089e-04
2.708333e+01 5.678000e-01 2.669000e-04
2.812500e+01 5.511803e-01 2.579564e-04
2.864583e+01 5.432428e-01 2.536909e-04
2.890625e+01 5.393817e-01 2.516212e-04
2.916667e+01 5.356000e-01 2.496000e-04
3.020833e+01 5.208741e-01 2.417941e-04
3.072917e+01 5.138078e-01 2.380738e-04
3.098958e+01 5.103676e-01 2.362671e-04
3.125000e+01 5.070000e-01 2.345000e-04
3.229166e+01 4.939614e-01 2.276439e-04
3.281250e+01 4.877199e-01 2.243612e-04
3.307291e+01 4.846798e-01 2.227638e-04
3.333333e+01 4.817000e-01 2.212000e-04
3.541666e+01 4.590541e-01 2.094057e-04
3.645833e+01 4.485531e-01 2.039766e-04
3.697917e+01 4.435394e-01 2.013919e-04
3.723958e+01 4.410969e-01 2.001340e-04
3.750000e+01 4.387000e-01 1.989000e-04
3.958334e+01 4.203307e-01 1.894291e-04
4.062500e+01 4.117275e-01 1.849907e-04
4.114584e+01 4.075987e-01 1.828612e-04
4.166667e+01 4.036000e-01 1.808000e-04
4.375000e+01 3.883499e-01 1.729499e-04
4.479166e+01 3.811931e-01 1.692763e-04
4.531250e+01 3.777480e-01 1.675117e-04
4.583333e+01 3.744000e-01 1.658000e-04
4.791666e+01 3.615101e-01 1.592349e-04
4.895833e+01 3.554111e-01 1.561407e-04
4.947917e+01 3.524659e-01 1.546494e-04
5.000000e+01 3.496000e-01 1.532000e-04
5.208334e+01 3.385931e-01 1.476421e-04
5.312500e+01 3.333816e-01 1.450131e-04
5.364584e+01 3.308599e-01 1.437411e-04
5.416667e+01 3.284000e-01 1.425000e-04
5.625000e+01 3.188881e-01 1.376938e-04
5.729166e+01 3.143529e-01 1.354006e-04
5.781250e+01 3.121513e-01 1.342874e-04
5.833333e+01 3.100000e-01 1.332000e-04
6.250000e+01 2.938480e-01 1.250496e-04
6.458334e+01 2.864637e-01 1.213370e-04
6.562500e+01 2.829634e-01 1.195820e-04
6.614584e+01 2.812640e-01 1.187316e-04
6.666667e+01 2.796000e-01 1.179000e-04
7.083334e+01 2.668776e-01 1.115726e-04
7.291667e+01 2.609553e-01 1.086417e-04
7.395833e+01 2.581270e-01 1.072451e-04
7.447917e+01 2.567500e-01 1.065657e-04
7.500000e+01 2.554000e-01 1.059000e-04
7.916666e+01 2.451087e-01 1.008290e-04
8.125000e+01 2.403152e-01 9.846691e-05
8.229166e+01 2.380201e-01 9.733535e-05
8.333333e+01 2.358000e-01 9.624000e-05
8.750000e+01 2.273341e-01 9.205054e-05
8.958334e+01 2.233641e-01 9.008348e-05
9.062500e+01 2.214545e-01 8.913763e-05
9.166667e+01 2.196000e-01 8.822000e-05
9.583334e+01 2.124790e-01 8.470747e-05
9.791667e+01 2.091121e-01 8.305326e-05
9.895833e+01 2.074851e-01 8.225571e-05
1.000000e+02 2.059000e-01 8.148000e-05
1.041667e+02 1.997765e-01 7.849463e-05
1.062500e+02 1.968712e-01 7.708040e-05
1.072916e+02 1.954669e-01 7.639649e-05
1.083333e+02 1.941000e-01 7.573000e-05
1.125000e+02 1.888622e-01 7.316078e-05
1.145833e+02 1.863803e-01 7.193980e-05
1.156250e+02 1.851769e-01 7.134795e-05
1.166667e+02 1.840000e-01 7.077000e-05
1.208333e+02 1.794131e-01 6.853325e-05
1.229167e+02 1.772140e-01 6.746572e-05
1.239583e+02 1.761449e-01 6.694713e-05
1.250000e+02 1.751000e-01 6.644000e-05
1.291667e+02 1.710686e-01 6.447506e-05
1.312500e+02 1.691473e-01 6.353517e-05
1.322916e+02 1.682137e-01 6.307785e-05
1.333333e+02 1.673000e-01 6.263000e-05
1.375000e+02 1.637514e-01 6.089097e-05
1.395833e+02 1.620473e-01 6.005633e-05
1.406250e+02 1.612159e-01 5.964931e-05
1.416667e+02 1.604000e-01 5.925000e-05
1.458333e+02 1.572190e-01 5.769365e-05
1.479167e+02 1.556856e-01 5.694444e-05
1.500000e+02 1.542000e-01 5.622000e-05
1.583333e+02 1.485697e-01 5.349437e-05
1.625000e+02 1.459552e-01 5.223407e-05
1.645834e+02 1.447061e-01 5.163204e-05
1.666667e+02 1.435000e-01 5.105000e-05
1.770833e+02 1.378383e-01 4.829216e-05
1.822917e+02 1.352347e-01 4.701532e-05
1.848958e+02 1.339952e-01 4.640663e-05
1.875000e+02 1.328000e-01 4.582000e-05
1.979167e+02 1.282351e-01 4.359652e-05
2.031250e+02 1.261039e-01 4.256278e-05
2.057291e+02 1.250843e-01 4.206822e-05
2.083333e+02 1.241000e-01 4.159000e-05
2.187500e+02 1.203766e-01 3.976497e-05
2.239583e+02 1.186416e-01 3.890965e-05
2.265625e+02 1.178086e-01 3.849865e-05
2.291667e+02 1.170000e-01 3.810000e-05
2.395833e+02 1.138813e-01 3.657336e-05
2.447917e+02 1.124051e-01 3.585413e-05
2.473958e+02 1.116926e-01 3.550732e-05
2.500000e+02 1.110000e-01 3.517000e-05
2.604167e+02 1.083411e-01 3.387157e-05
2.656250e+02 1.070886e-01 3.325670e-05
2.682291e+02 1.064855e-01 3.295949e-05
2.708333e+02 1.059000e-01 3.267000e-05
2.812500e+02 1.036673e-01 3.155584e-05
2.864583e+02 1.026122e-01 3.102685e-05
2.916667e+02 1.016000e-01 3.052000e-05
3.020833e+02 9.963388e-02 2.954720e-05
3.072917e+02 9.869274e-02 2.908423e-05
3.125000e+02 9.779000e-02 2.864000e-05
3.229167e+02 9.607240e-02 2.778755e-05
3.281250e+02 9.525916e-02 2.738107e-05
3.333333e+02 9.448000e-02 2.699000e-05
3.541667e+02 9.155766e-02 2.551934e-05
3.645833e+02 9.021734e-02 2.484226e-05
3.697917e+02 8.958130e-02 2.452017e-05
3.750000e+02 8.897000e-02 2.421000e-05
3.958333e+02 8.665658e-02 2.303380e-05
4.062500e+02 8.558472e-02 2.248619e-05
4.114584e+02 8.507331e-02 2.222390e-05
4.166667e+02 8.458000e-02 2.197000e-05
4.375000e+02 8.270573e-02 2.099776e-05
4.479167e+02 8.183251e-02 2.054148e-05
4.531250e+02 8.141442e-02 2.032232e-05
4.583333e+02 8.101000e-02 2.011000e-05
4.791667e+02 7.946675e-02 1.930063e-05
4.895833e+02 7.874385e-02 1.892077e-05
5.000000e+02 7.806000e-02 1.856000e-05
5.208333e+02 7.676808e-02 1.787337e-05
5.312500e+02 7.616325e-02 1.754924e-05
5.416667e+02 7.559000e-02 1.724000e-05
5.625000e+02 7.450074e-02 1.664898e-05
5.729167e+02 7.398786e-02 1.636857e-05
5.833333e+02 7.350000e-02 1.610000e-05
6.250000e+02 7.170640e-02 1.509821e-05
6.458333e+02 7.090347e-02 1.464202e-05
6.562500e+02 7.052767e-02 1.442648e-05
6.666667e+02 7.017000e-02 1.422000e-05
7.083333e+02 6.883161e-02 1.344243e-05
7.291667e+02 6.822210e-02 1.308427e-05
7.500000e+02 6.766000e-02 1.275000e-05
8.333333e+02 6.573000e-02 1.157000e-05
