7.142857e-04 4.256000e-01 7.446000e-01
7.857143e-04 4.463000e-01 7.298000e-01
8.214286e-04 4.563775e-01 7.224900e-01
8.392857e-04 4.613253e-01 7.188759e-01
8.482143e-04 4.637726e-01 7.170825e-01
8.571429e-04 4.662000e-01 7.153000e-01
8.928571e-04 4.758000e-01 7.082342e-01
9.107143e-04 4.805285e-01 7.047473e-01
9.285714e-04 4.852000e-01 7.013000e-01
9.642857e-04 4.944357e-01 6.944826e-01
9.821429e-04 4.989923e-01 6.911214e-01
1.000000e-03 5.035000e-01 6.878000e-01
1.035715e-03 5.124288e-01 6.812331e-01
1.053572e-03 5.168381e-01 6.779967e-01
1.071429e-03 5.212000e-01 6.748000e-01
1.107143e-03 5.298247e-01 6.684829e-01
1.125000e-03 5.340831e-01 6.653716e-01
1.142857e-03 5.383000e-01 6.623000e-01
1.178571e-03 5.466710e-01 6.562392e-01
1.196429e-03 5.508082e-01 6.532529e-01
1.214286e-03 5.549000e-01 6.503000e-01
1.250000e-03 5.629712e-01 6.444456e-01
1.267857e-03 5.669538e-01 6.415556e-01
1.285714e-03 5.709000e-01 6.387000e-01
1.357143e-03 5.865337e-01 6.275165e-01
1.392857e-03 5.942252e-01 6.220895e-01
1.410714e-03 5.980294e-01 6.194257e-01
1.428571e-03 6.018000e-01 6.168000e-01
1.517857e-03 6.203335e-01 6.039975e-01
1.562500e-03 6.293956e-01 5.978129e-01
1.584821e-03 6.338688e-01 5.947833e-01
1.607143e-03 6.383000e-01 5.918000e-01
1.696428e-03 6.558250e-01 5.800911e-01
1.741071e-03 6.644322e-01 5.744146e-01
1.763393e-03 6.686859e-01 5.716342e-01
1.785714e-03 6.729000e-01 5.689000e-01
1.875000e-03 6.907585e-01 5.582552e-01
1.919643e-03 6.989509e-01 5.531105e-01
1.964286e-03 7.057000e-01 5.481000e-01
2.053572e-03 7.125496e-01 5.383010e-01
2.142857e-03 7.158000e-01 5.289000e-01
2.232143e-03 7.219933e-01 5.198418e-01
2.276786e-03 7.261206e-01 5.154629e-01
2.321429e-03 7.309000e-01 5.112000e-01
2.410715e-03 7.413459e-01 5.028810e-01
2.455357e-03 7.470135e-01 4.988419e-01
2.500000e-03 7.530000e-01 4.949000e-01
2.589285e-03 7.655682e-01 4.872040e-01
2.633928e-03 7.721071e-01 4.834609e-01
2.678571e-03 7.788000e-01 4.798000e-01
2.767857e-03 7.924239e-01 4.726209e-01
2.812500e-03 7.993038e-01 4.691217e-01
2.857143e-03 8.062000e-01 4.657000e-01
3.035714e-03 8.337835e-01 4.525467e-01
3.125000e-03 8.473505e-01 4.462983e-01
3.169643e-03 8.540265e-01 4.432660e-01
3.214286e-03 8.606000e-01 4.403000e-01
3.392857e-03 8.862311e-01 4.287609e-01
3.482143e-03 8.985112e-01 4.232282e-01
3.526786e-03 9.044759e-01 4.205355e-01
3.571429e-03 9.103000e-01 4.179000e-01
3.750000e-03 9.327997e-01 4.077023e-01
3.839285e-03 9.434583e-01 4.028182e-01
3.883928e-03 9.486017e-01 4.004370e-01
3.928571e-03 9.536000e-01 3.981000e-01
4.107142e-03 9.727637e-01 3.889626e-01
4.196428e-03 9.817714e-01 3.845578e-01
4.285714e-03 9.903000e-01 3.803000e-01
4.464285e-03 1.006433e+00 3.721211e-01
4.553571e-03 1.013945e+00 3.682002e-01
4.642857e-03 1.021000e+00 3.644000e-01
4.821429e-03 1.034132e+00 3.569818e-01
4.910714e-03 1.040229e+00 3.533900e-01
5.000000e-03 1.046000e+00 3.499000e-01
5.357143e-03 1.067570e+00 3.366531e-01
5.535715e-03 1.077258e+00 3.304630e-01
5.714286e-03 1.086000e+00 3.246000e-01
6.071428e-03 1.101246e+00 3.134497e-01
6.250000e-03 1.107912e+00 3.081977e-01
6.428571e-03 1.114000e+00 3.032000e-01
6.785714e-03 1.125544e+00 2.936949e-01
7.142857e-03 1.136000e+00 2.849000e-01
7.500000e-03 1.145366e+00 2.766010e-01
7.857143e-03 1.154000e+00 2.689000e-01
8.214286e-03 1.162527e+00 2.616475e-01
8.571429e-03 1.171000e+00 2.549000e-01
8.928571e-03 1.179494e+00 2.484994e-01
9.285714e-03 1.188000e+00 2.425000e-01
9.642857e-03 1.196501e+00 2.367831e-01
1.000000e-02 1.205000e+00 2.314000e-01
1.035714e-02 1.213363e+00 2.262603e-01
1.071429e-02 1.222000e+00 2.214000e-01
1.107143e-02 1.231255e+00 2.167252e-01
1.142857e-02 1.241000e+00 2.123000e-01
1.178572e-02 1.250811e+00 2.080926e-01
1.214286e-02 1.261000e+00 2.041000e-01
1.250000e-02 1.271755e+00 2.002156e-01
1.285714e-02 1.283000e+00 1.965000e-01
1.357142e-02 1.305879e+00 1.895347e-01
1.392857e-02 1.317725e+00 1.862842e-01
1.428571e-02 1.330000e+00 1.832000e-01
1.517857e-02 1.362276e+00 1.758798e-01
1.562500e-02 1.379303e+00 1.724496e-01
1.584821e-02 1.388063e+00 1.708005e-01
1.607143e-02 1.397000e+00 1.692000e-01
1.696429e-02 1.433656e+00 1.630592e-01
1.741071e-02 1.452585e+00 1.601605e-01
1.763393e-02 1.462226e+00 1.587615e-01
1.785714e-02 1.472000e+00 1.574000e-01
1.875000e-02 1.511812e+00 1.521624e-01
1.919643e-02 1.532205e+00 1.496780e-01
1.941964e-02 1.542547e+00 1.484747e-01
1.964286e-02 1.553000e+00 1.473000e-01
2.053572e-02 1.595372e+00 1.427457e-01
2.098214e-02 1.616992e+00 1.405759e-01
2.120536e-02 1.627941e+00 1.395247e-01
2.142857e-02 1.639000e+00 1.385000e-01
2.232143e-02 1.684027e+00 1.345632e-01
2.276786e-02 1.706911e+00 1.326940e-01
2.299107e-02 1.718433e+00 1.317870e-01
2.321429e-02 1.730000e+00 1.309000e-01
2.410714e-02 1.776259e+00 1.274591e-01
2.455357e-02 1.799529e+00 1.258045e-01
2.477679e-02 1.811232e+00 1.249956e-01
2.500000e-02 1.823000e+00 1.242000e-01
2.589285e-02 1.870681e+00 1.210717e-01
2.633928e-02 1.894780e+00 1.195598e-01
2.656250e-02 1.906878e+00 1.188222e-01
2.678571e-02 1.919000e+00 1.181000e-01
2.767857e-02 1.967421e+00 1.153133e-01
2.812500e-02 1.991670e+00 1.139826e-01
2.834821e-02 2.003821e+00 1.133349e-01
2.857143e-02 2.016000e+00 1.127000e-01
3.035715e-02 2.114585e+00 1.078764e-01
3.125000e-02 2.164270e+00 1.056279e-01
3.169643e-02 2.189145e+00 1.045483e-01
3.191965e-02 2.201578e+00 1.040201e-01
3.214286e-02 2.214000e+00 1.035000e-01
3.392858e-02 2.312819e+00 9.946011e-02
3.482143e-02 2.361971e+00 9.754311e-02
3.526786e-02 2.386497e+00 9.661815e-02
3.549108e-02 2.398750e+00 9.616543e-02
3.571429e-02 2.411000e+00 9.572000e-02
3.750000e-02 2.509280e+00 9.230266e-02
3.839286e-02 2.558294e+00 9.069291e-02
3.883928e-02 2.582701e+00 8.991619e-02
3.928571e-02 2.607000e+00 8.916000e-02
4.107143e-02 2.703211e+00 8.624264e-02
4.196428e-02 2.750784e+00 8.485654e-02
4.241071e-02 2.774437e+00 8.418512e-02
4.285714e-02 2.798000e+00 8.353000e-02
4.464286e-02 2.892122e+00 8.100108e-02
4.553571e-02 2.938803e+00 7.979653e-02
4.598214e-02 2.961978e+00 7.921176e-02
4.642857e-02 2.985000e+00 7.864000e-02
4.821429e-02 3.075945e+00 7.642283e-02
4.910714e-02 3.120731e+00 7.536170e-02
4.955357e-02 3.142934e+00 7.484540e-02
5.000000e-02 3.165000e+00 7.434000e-02
5.357143e-02 3.339470e+00 7.052591e-02
5.535714e-02 3.424710e+00 6.877034e-02
5.625000e-02 3.466640e+00 6.793493e-02
5.669643e-02 3.487399e+00 6.752852e-02
5.714286e-02 3.508000e+00 6.713000e-02
6.071428e-02 3.669799e+00 6.407625e-02
6.250000e-02 3.748387e+00 6.264759e-02
6.339285e-02 3.786969e+00 6.196266e-02
6.383928e-02 3.806058e+00 6.162838e-02
6.428571e-02 3.825000e+00 6.130000e-02
6.785714e-02 3.974011e+00 5.878157e-02
6.964286e-02 4.046436e+00 5.759958e-02
7.053571e-02 4.081982e+00 5.703130e-02
7.142857e-02 4.117000e+00 5.648000e-02
7.500000e-02 4.253997e+00 5.436975e-02
7.678572e-02 4.320379e+00 5.337571e-02
7.767857e-02 4.352932e+00 5.289635e-02
7.857143e-02 4.385000e+00 5.243000e-02
8.214286e-02 4.510655e+00 5.063497e-02
8.392858e-02 4.571620e+00 4.978381e-02
8.482143e-02 4.601530e+00 4.937183e-02
8.571429e-02 4.631000e+00 4.897000e-02
8.928572e-02 4.746486e+00 4.741755e-02
9.107143e-02 4.802491e+00 4.667849e-02
9.196428e-02 4.829955e+00 4.632006e-02
9.285714e-02 4.857000e+00 4.597000e-02
9.642857e-02 4.962813e+00 4.461704e-02
9.821429e-02 5.014086e+00 4.397128e-02
1.000000e-01 5.064000e+00 4.335000e-02
1.035715e-01 5.161144e+00 4.215311e-02
1.053572e-01 5.208184e+00 4.158099e-02
1.071429e-01 5.254000e+00 4.103000e-02
1.107143e-01 5.343408e+00 3.996826e-02
1.125000e-01 5.386764e+00 3.946013e-02
1.142857e-01 5.429000e+00 3.897000e-02
1.178571e-01 5.511368e+00 3.802431e-02
1.196429e-01 5.551240e+00 3.757007e-02
1.214286e-01 5.590000e+00 3.713000e-02
1.250000e-01 5.665220e+00 3.627387e-02
1.267857e-01 5.701589e+00 3.586064e-02
1.285714e-01 5.737000e+00 3.546000e-02
1.357142e-01 5.873344e+00 3.394285e-02
1.392857e-01 5.937765e+00 3.323653e-02
1.410714e-01 5.968826e+00 3.289799e-02
1.428571e-01 5.999000e+00 3.257000e-02
1.517857e-01 6.142117e+00 3.101386e-02
1.562500e-01 6.208569e+00 3.029052e-02
1.584821e-01 6.240325e+00 2.994452e-02
1.607143e-01 6.271000e+00 2.961000e-02
1.696429e-01 6.388052e+00 2.833277e-02
1.741071e-01 6.442662e+00 2.773482e-02
1.785714e-01 6.494000e+00 2.717000e-02
1.875000e-01 6.589919e+00 2.610759e-02
1.919643e-01 6.634303e+00 2.561105e-02
1.964286e-01 6.676000e+00 2.514000e-02
2.053571e-01 6.754848e+00 2.424135e-02
2.098214e-01 6.791548e+00 2.381621e-02
2.142857e-01 6.826000e+00 2.341000e-02
2.232143e-01 6.890351e+00 2.263189e-02
2.321429e-01 6.948000e+00 2.191000e-02
2.410715e-01 7.000860e+00 2.123439e-02
2.500000e-01 7.048000e+00 2.061000e-02
2.589286e-01 7.090949e+00 2.002069e-02
2.678571e-01 7.129000e+00 1.947000e-02
2.857143e-01 7.194000e+00 1.845000e-02
3.035714e-01 7.246807e+00 1.753614e-02
3.214286e-01 7.287000e+00 1.673000e-02
3.571429e-01 7.343000e+00 1.532000e-02
3.928571e-01 7.370000e+00 1.414000e-02
4.285714e-01 7.378000e+00 1.315000e-02
4.642857e-01 7.370000e+00 1.229000e-02
5.000000e-01 7.351000e+00 1.154000e-02
5.714286e-01 7.288000e+00 1.031000e-02
6.071429e-01 7.248200e+00 9.785325e-03
6.428571e-01 7.203000e+00 9.325000e-03
6.785714e-01 7.154857e+00 8.903127e-03
7.142857e-01 7.104000e+00 8.524000e-03
7.500000e-01 7.051779e+00 8.174213e-03
7.857143e-01 6.998000e+00 7.857000e-03
8.214286e-01 6.943057e+00 7.561877e-03
8.571429e-01 6.887000e+00 7.292000e-03
8.928571e-01 6.830261e+00 7.039934e-03
9.285714e-01 6.773000e+00 6.808000e-03
9.642857e-01 6.715549e+00 6.590036e-03
1.000000e+00 6.658000e+00 6.388000e-03
1.035715e+00 6.600422e+00 6.196981e-03
1.071429e+00 6.543000e+00 6.019000e-03
1.107143e+00 6.485914e+00 5.850550e-03
1.142857e+00 6.429000e+00 5.693000e-03
1.178571e+00 6.371881e+00 5.542921e-03
1.214286e+00 6.315000e+00 5.402000e-03
1.250000e+00 6.258673e+00 5.268025e-03
1.285714e+00 6.203000e+00 5.142000e-03
1.357143e+00 6.092894e+00 4.905867e-03
1.392857e+00 6.038617e+00 4.796242e-03
1.428571e+00 5.985000e+00 4.693000e-03
1.517857e+00 5.852718e+00 4.451504e-03
1.562500e+00 5.787814e+00 4.340166e-03
1.584821e+00 5.755753e+00 4.287133e-03
1.607143e+00 5.724000e+00 4.236000e-03
1.696429e+00 5.598692e+00 4.041456e-03
1.741071e+00 5.537297e+00 3.950655e-03
1.763393e+00 5.506995e+00 3.907133e-03
1.785714e+00 5.477000e+00 3.865000e-03
1.875000e+00 5.356943e+00 3.704159e-03
1.919643e+00 5.298990e+00 3.628649e-03
1.941965e+00 5.271015e+00 3.592306e-03
1.964286e+00 5.244000e+00 3.557000e-03
2.053571e+00 5.146682e+00 3.421257e-03
2.098214e+00 5.100935e+00 3.357101e-03
2.142857e+00 5.055000e+00 3.296000e-03
2.232143e+00 4.954345e+00 3.179949e-03
2.276786e+00 4.901769e+00 3.125222e-03
2.299107e+00 4.875314e+00 3.098779e-03
2.321429e+00 4.849000e+00 3.073000e-03
2.410715e+00 4.746241e+00 2.973233e-03
2.455357e+00 4.697064e+00 2.925657e-03
2.477679e+00 4.673224e+00 2.902564e-03
2.500000e+00 4.650000e+00 2.880000e-03
2.589285e+00 4.561833e+00 2.792768e-03
2.633928e+00 4.519868e+00 2.751107e-03
2.678571e+00 4.479000e+00 2.711000e-03
2.767857e+00 4.397586e+00 2.633639e-03
2.812500e+00 4.357452e+00 2.596633e-03
2.857143e+00 4.318000e+00 2.561000e-03
3.035715e+00 4.166269e+00 2.427597e-03
3.125000e+00 4.094181e+00 2.366304e-03
3.169643e+00 4.059204e+00 2.337132e-03
3.214286e+00 4.025000e+00 2.309000e-03
3.392857e+00 3.892044e+00 2.201570e-03
3.482143e+00 3.828337e+00 2.151342e-03
3.526786e+00 3.797338e+00 2.127274e-03
3.571429e+00 3.767000e+00 2.104000e-03
3.750000e+00 3.649409e+00 2.015617e-03
3.839285e+00 3.593159e+00 1.974254e-03
3.883928e+00 3.565793e+00 1.954351e-03
3.928571e+00 3.539000e+00 1.935000e-03
4.107143e+00 3.434917e+00 1.860191e-03
4.196428e+00 3.385044e+00 1.824737e-03
4.241071e+00 3.360769e+00 1.807627e-03
4.285714e+00 3.337000e+00 1.791000e-03
4.464285e+00 3.244877e+00 1.727514e-03
4.553571e+00 3.200699e+00 1.697582e-03
4.598214e+00 3.179151e+00 1.683114e-03
4.642857e+00 3.158000e+00 1.669000e-03
4.821428e+00 3.075350e+00 1.614269e-03
4.910714e+00 3.035512e+00 1.588118e-03
4.955357e+00 3.016067e+00 1.575415e-03
5.000000e+00 2.997000e+00 1.563000e-03
5.357143e+00 2.852933e+00 1.469873e-03
5.535715e+00 2.786404e+00 1.427389e-03
5.625000e+00 2.754661e+00 1.407286e-03
5.669643e+00 2.739191e+00 1.397537e-03
5.714286e+00 2.724000e+00 1.388000e-03
6.071428e+00 2.607005e+00 1.315348e-03
6.250000e+00 2.552003e+00 1.281621e-03
6.339285e+00 2.525583e+00 1.265524e-03
6.383928e+00 2.512679e+00 1.257686e-03
6.428571e+00 2.500000e+00 1.250000e-03
6.785714e+00 2.402894e+00 1.191284e-03
6.964286e+00 2.357294e+00 1.163867e-03
7.053571e+00 2.335338e+00 1.150724e-03
7.142857e+00 2.314000e+00 1.138000e-03
7.500000e+00 2.231807e+00 1.089385e-03
7.678572e+00 2.192952e+00 1.066584e-03
7.767857e+00 2.174212e+00 1.055627e-03
7.857143e+00 2.156000e+00 1.045000e-03
8.214286e+00 2.086418e+00 1.004352e-03
8.392857e+00 2.053523e+00 9.852114e-04
8.482143e+00 2.037584e+00 9.759810e-04
8.571429e+00 2.022000e+00 9.670000e-04
8.928572e+00 1.961182e+00 9.324046e-04
9.107143e+00 1.932017e+00 9.159925e-04
9.196428e+00 1.917844e+00 9.080481e-04
9.285714e+00 1.904000e+00 9.003000e-04
9.642857e+00 1.850707e+00 8.703837e-04
9.821428e+00 1.825355e+00 8.561473e-04
9.910714e+00 1.813045e+00 8.492432e-04
1.000000e+01 1.801000e+00 8.425000e-04
1.035714e+01 1.754277e+00 8.164139e-04
1.053572e+01 1.731803e+00 8.039648e-04
1.062500e+01 1.720813e+00 7.979163e-04
1.071429e+01 1.710000e+00 7.920000e-04
1.107143e+01 1.667480e+00 7.690650e-04
1.125000e+01 1.646903e+00 7.580844e-04
1.133929e+01 1.636853e+00 7.527382e-04
1.142857e+01 1.627000e+00 7.475000e-04
1.178571e+01 1.588970e+00 7.271296e-04
1.196429e+01 1.570721e+00 7.173470e-04
1.205357e+01 1.561794e+00 7.125772e-04
1.214286e+01 1.553000e+00 7.079000e-04
1.250000e+01 1.518347e+00 6.897080e-04
1.267857e+01 1.501464e+00 6.809602e-04
1.276786e+01 1.493171e+00 6.766904e-04
1.285714e+01 1.485000e+00 6.725000e-04
1.357142e+01 1.422407e+00 6.406143e-04
1.392857e+01 1.392980e+00 6.257773e-04
1.410714e+01 1.378796e+00 6.186735e-04
1.419642e+01 1.371848e+00 6.152067e-04
1.428571e+01 1.365000e+00 6.118000e-04
1.517857e+01 1.299164e+00 5.793489e-04
1.562500e+01 1.268245e+00 5.642974e-04
1.584821e+01 1.253391e+00 5.571186e-04
1.595982e+01 1.246134e+00 5.536250e-04
1.607143e+01 1.239000e+00 5.502000e-04
1.696429e+01 1.184228e+00 5.240664e-04
1.741071e+01 1.158464e+00 5.118821e-04
1.763393e+01 1.146055e+00 5.060462e-04
1.774553e+01 1.139981e+00 5.031982e-04
1.785714e+01 1.134000e+00 5.004000e-04
1.875000e+01 1.087747e+00 4.788987e-04
1.919643e+01 1.065848e+00 4.687875e-04
1.941964e+01 1.055278e+00 4.639221e-04
1.964286e+01 1.045000e+00 4.592000e-04
2.053571e+01 1.005506e+00 4.411185e-04
2.098214e+01 9.869124e-01 4.326010e-04
2.120536e+01 9.779697e-01 4.284943e-04
2.142857e+01 9.693000e-01 4.245000e-04
2.232143e+01 9.361595e-01 4.091346e-04
2.276786e+01 9.206430e-01 4.018549e-04
2.299107e+01 9.132014e-01 3.983334e-04
2.321429e+01 9.060000e-01 3.949000e-04
2.410714e+01 8.784812e-01 3.816500e-04
2.455357e+01 8.656455e-01 3.753454e-04
2.477679e+01 8.595127e-01 3.722874e-04
2.500000e+01 8.536000e-01 3.693000e-04
2.589286e+01 8.311599e-01 3.577310e-04
2.633928e+01 8.208085e-01 3.522073e-04
2.656250e+01 8.159008e-01 3.495239e-04
2.678571e+01 8.112000e-01 3.469000e-04
2.767857e+01 7.939190e-01 3.367382e-04
2.812500e+01 7.859123e-01 3.318787e-04
2.857143e+01 7.782000e-01 3.272000e-04
3.035714e+01 7.473776e-01 3.096721e-04
3.125000e+01 7.320999e-01 3.016203e-04
3.169643e+01 7.245216e-01 2.977905e-04
3.191965e+01 7.207526e-01 2.959274e-04
3.214286e+01 7.170000e-01 2.941000e-04
3.392857e+01 6.869270e-01 2.800756e-04
3.482143e+01 6.723331e-01 2.735040e-04
3.526786e+01 6.652587e-01 2.703513e-04
3.549108e+01 6.617977e-01 2.688122e-04
3.571429e+01 6.584000e-01 2.673000e-04
3.750000e+01 6.327785e-01 2.556982e-04
3.839285e+01 6.209107e-01 2.502538e-04
3.883928e+01 6.152222e-01 2.476372e-04
3.928571e+01 6.097000e-01 2.451000e-04
4.107143e+01 5.883414e-01 2.354030e-04
4.196428e+01 5.781923e-01 2.308402e-04
4.241071e+01 5.732823e-01 2.286403e-04
4.285714e+01 5.685000e-01 2.265000e-04
4.464285e+01 5.501168e-01 2.182551e-04
4.553571e+01 5.414130e-01 2.143425e-04
4.598214e+01 5.372036e-01 2.124481e-04
4.642857e+01 5.331000e-01 2.106000e-04
4.821429e+01 5.172670e-01 2.034566e-04
4.910714e+01 5.097302e-01 2.000564e-04
4.955357e+01 5.060732e-01 1.984083e-04
5.000000e+01 5.025000e-01 1.968000e-04
5.357143e+01 4.756181e-01 1.848008e-04
5.535715e+01 4.633192e-01 1.793499e-04
5.625000e+01 4.574926e-01 1.767730e-04
5.669643e+01 4.546659e-01 1.755232e-04
5.714286e+01 4.519000e-01 1.743000e-04
6.071428e+01 4.308400e-01 1.649374e-04
6.250000e+01 4.210656e-01 1.605803e-04
6.339285e+01 4.164001e-01 1.585016e-04
6.383928e+01 4.141283e-01 1.574905e-04
6.428571e+01 4.119000e-01 1.565000e-04
6.785714e+01 3.948622e-01 1.489828e-04
6.964285e+01 3.869042e-01 1.454908e-04
7.053571e+01 3.830904e-01 1.438189e-04
7.142857e+01 3.794000e-01 1.422000e-04
7.500000e+01 3.653409e-01 1.359850e-04
7.678572e+01 3.587507e-01 1.330634e-04
7.767857e+01 3.555801e-01 1.316597e-04
7.857143e+01 3.525000e-01 1.303000e-04
8.214286e+01 3.406420e-01 1.251305e-04
8.392858e+01 3.350355e-01 1.227060e-04
8.482143e+01 3.323303e-01 1.215375e-04
8.571429e+01 3.297000e-01 1.204000e-04
8.928572e+01 3.196167e-01 1.160012e-04
9.107143e+01 3.148510e-01 1.139067e-04
9.196428e+01 3.125468e-01 1.128912e-04
9.285714e+01 3.103000e-01 1.119000e-04
9.642857e+01 3.016059e-01 1.080663e-04
9.821429e+01 2.974656e-01 1.062432e-04
9.910714e+01 2.954586e-01 1.053605e-04
1.000000e+02 2.935000e-01 1.045000e-04
1.035714e+02 2.859560e-01 1.011910e-04
1.053572e+02 2.823610e-01 9.961892e-05
1.062500e+02 2.806128e-01 9.885607e-05
1.071429e+02 2.789000e-01 9.811000e-05
1.107143e+02 2.722075e-01 9.521107e-05
1.125000e+02 2.689926e-01 9.382079e-05
1.133929e+02 2.674287e-01 9.314357e-05
1.142857e+02 2.659000e-01 9.248000e-05
1.178572e+02 2.600188e-01 8.990078e-05
1.196429e+02 2.572118e-01 8.866347e-05
1.205357e+02 2.558437e-01 8.806068e-05
1.214286e+02 2.545000e-01 8.747000e-05
1.250000e+02 2.492263e-01 8.517657e-05
1.267857e+02 2.466737e-01 8.407505e-05
1.276786e+02 2.454254e-01 8.353755e-05
1.285714e+02 2.442000e-01 8.301000e-05
1.428571e+02 2.266000e-01 7.535000e-05
