2.083333e-03 1.060000e+00 2.862000e+00
2.291667e-03 1.220000e+00 2.802000e+00
2.395833e-03 1.292500e+00 2.773200e+00
2.447917e-03 1.326557e+00 2.759041e+00
2.473958e-03 1.342989e+00 2.752009e+00
2.486979e-03 1.351048e+00 2.748502e+00
2.500000e-03 1.359000e+00 2.745000e+00
2.604166e-03 1.420985e+00 2.716882e+00
2.656250e-03 1.450610e+00 2.702878e+00
2.682291e-03 1.464981e+00 2.695917e+00
2.708333e-03 1.479000e+00 2.689000e+00
2.812500e-03 1.532908e+00 2.661636e+00
2.864584e-03 1.558490e+00 2.648203e+00
2.890625e-03 1.570888e+00 2.641569e+00
2.916667e-03 1.583000e+00 2.635000e+00
3.020834e-03 1.629973e+00 2.609224e+00
3.072917e-03 1.652424e+00 2.596556e+00
3.098958e-03 1.663333e+00 2.590267e+00
3.125000e-03 1.674000e+00 2.584000e+00
3.229167e-03 1.715278e+00 2.558864e+00
3.281250e-03 1.735005e+00 2.546368e+00
3.307291e-03 1.744602e+00 2.540162e+00
3.333333e-03 1.754000e+00 2.534000e+00
3.437500e-03 1.790499e+00 2.509642e+00
3.489583e-03 1.808035e+00 2.497707e+00
3.541667e-03 1.825000e+00 2.486000e+00
3.645833e-03 1.857818e+00 2.463175e+00
3.697917e-03 1.873635e+00 2.452012e+00
3.750000e-03 1.889000e+00 2.441000e+00
3.958333e-03 1.947841e+00 2.397308e+00
4.062500e-03 1.975584e+00 2.375909e+00
4.114584e-03 1.988971e+00 2.365380e+00
4.166667e-03 2.002000e+00 2.355000e+00
4.427083e-03 2.064167e+00 2.304701e+00
4.557292e-03 2.093328e+00 2.280507e+00
4.622396e-03 2.107363e+00 2.268665e+00
4.687500e-03 2.121000e+00 2.257000e+00
4.947916e-03 2.173401e+00 2.211006e+00
5.078125e-03 2.198235e+00 2.188669e+00
5.143229e-03 2.210261e+00 2.177736e+00
5.208333e-03 2.222000e+00 2.167000e+00
5.468750e-03 2.267476e+00 2.125461e+00
5.598958e-03 2.289175e+00 2.105465e+00
5.729167e-03 2.310000e+00 2.086000e+00
5.989584e-03 2.349725e+00 2.047705e+00
6.119792e-03 2.368673e+00 2.029091e+00
6.250000e-03 2.387000e+00 2.011000e+00
6.510417e-03 2.422788e+00 1.976142e+00
6.640625e-03 2.440131e+00 1.959351e+00
6.770833e-03 2.457000e+00 1.943000e+00
7.031250e-03 2.489685e+00 1.910950e+00
7.161459e-03 2.505518e+00 1.895314e+00
7.291667e-03 2.521000e+00 1.880000e+00
7.552083e-03 2.551428e+00 1.849905e+00
7.682292e-03 2.566336e+00 1.835263e+00
7.812500e-03 2.581000e+00 1.821000e+00
8.072916e-03 2.609802e+00 1.793391e+00
8.203125e-03 2.623973e+00 1.780035e+00
8.333333e-03 2.638000e+00 1.767000e+00
8.854166e-03 2.693546e+00 1.716472e+00
9.114583e-03 2.720933e+00 1.692293e+00
9.375000e-03 2.748000e+00 1.669000e+00
9.895835e-03 2.801284e+00 1.624041e+00
1.015625e-02 2.827674e+00 1.602585e+00
1.041667e-02 2.854000e+00 1.582000e+00
1.093750e-02 2.906850e+00 1.542708e+00
1.119791e-02 2.933384e+00 1.524011e+00
1.145833e-02 2.960000e+00 1.506000e+00
1.197916e-02 3.013308e+00 1.471057e+00
1.223958e-02 3.040083e+00 1.454250e+00
1.250000e-02 3.067000e+00 1.438000e+00
1.302084e-02 3.121271e+00 1.406688e+00
1.328125e-02 3.148585e+00 1.391629e+00
1.354167e-02 3.176000e+00 1.377000e+00
1.406250e-02 3.230794e+00 1.348342e+00
1.432292e-02 3.258309e+00 1.334461e+00
1.458333e-02 3.286000e+00 1.321000e+00
1.562500e-02 3.398621e+00 1.270536e+00
1.614584e-02 3.455957e+00 1.247145e+00
1.640625e-02 3.484890e+00 1.235917e+00
1.666667e-02 3.514000e+00 1.225000e+00
1.770833e-02 3.631210e+00 1.182547e+00
1.822917e-02 3.690368e+00 1.162314e+00
1.848958e-02 3.720118e+00 1.152525e+00
1.875000e-02 3.750000e+00 1.143000e+00
1.979166e-02 3.870352e+00 1.106542e+00
2.031250e-02 3.931004e+00 1.089360e+00
2.057291e-02 3.961458e+00 1.081070e+00
2.083333e-02 3.992000e+00 1.073000e+00
2.187500e-02 4.114532e+00 1.041978e+00
2.239583e-02 4.176115e+00 1.027214e+00
2.265625e-02 4.207013e+00 1.020035e+00
2.291667e-02 4.238000e+00 1.013000e+00
2.395834e-02 4.362586e+00 9.854901e-01
2.447917e-02 4.425197e+00 9.722542e-01
2.473958e-02 4.456576e+00 9.658079e-01
2.500000e-02 4.488000e+00 9.595000e-01
2.604166e-02 4.613914e+00 9.351481e-01
2.656250e-02 4.676947e+00 9.235160e-01
2.682291e-02 4.708474e+00 9.178528e-01
2.708333e-02 4.740000e+00 9.123000e-01
2.812500e-02 4.866030e+00 8.906356e-01
2.864583e-02 4.929018e+00 8.801982e-01
2.890625e-02 4.960509e+00 8.751018e-01
2.916667e-02 4.992000e+00 8.701000e-01
3.020833e-02 5.118107e+00 8.506418e-01
3.072917e-02 5.181114e+00 8.412748e-01
3.098958e-02 5.212579e+00 8.366977e-01
3.125000e-02 5.244000e+00 8.322000e-01
3.229166e-02 5.369251e+00 8.146318e-01
3.281250e-02 5.431679e+00 8.061424e-01
3.307291e-02 5.462851e+00 8.019870e-01
3.333333e-02 5.494000e+00 7.979000e-01
3.437500e-02 5.618762e+00 7.819372e-01
3.489584e-02 5.681009e+00 7.742136e-01
3.515625e-02 5.712048e+00 7.704282e-01
3.541667e-02 5.743000e+00 7.667000e-01
3.645833e-02 5.866042e+00 7.520887e-01
3.697917e-02 5.927157e+00 7.450004e-01
3.723958e-02 5.957612e+00 7.415238e-01
3.750000e-02 5.988000e+00 7.381000e-01
3.958333e-02 6.230570e+00 7.118382e-01
4.062500e-02 6.350873e+00 6.994714e-01
4.114584e-02 6.410619e+00 6.935059e-01
4.166667e-02 6.470000e+00 6.877000e-01
4.427084e-02 6.763193e+00 6.599387e-01
4.557292e-02 6.907178e+00 6.469208e-01
4.622396e-02 6.978387e+00 6.406656e-01
4.654948e-02 7.013772e+00 6.376078e-01
4.687500e-02 7.049000e+00 6.346000e-01
4.947916e-02 7.328322e+00 6.114463e-01
5.078125e-02 7.465725e+00 6.005135e-01
5.143229e-02 7.533670e+00 5.952362e-01
5.208333e-02 7.601000e+00 5.901000e-01
5.468750e-02 7.866758e+00 5.703249e-01
5.598959e-02 7.997017e+00 5.609525e-01
5.664063e-02 8.061328e+00 5.564189e-01
5.729167e-02 8.125000e+00 5.520000e-01
5.989584e-02 8.376221e+00 5.349650e-01
6.119792e-02 8.499244e+00 5.268655e-01
6.184896e-02 8.559941e+00 5.229375e-01
6.250000e-02 8.620000e+00 5.191000e-01
6.510416e-02 8.856558e+00 5.042336e-01
6.640625e-02 8.972321e+00 4.971304e-01
6.705729e-02 9.029447e+00 4.936777e-01
6.770833e-02 9.086000e+00 4.903000e-01
7.031250e-02 9.309329e+00 4.772079e-01
7.161459e-02 9.418705e+00 4.709407e-01
7.226563e-02 9.472649e+00 4.678895e-01
7.291667e-02 9.526000e+00 4.649000e-01
7.552084e-02 9.735731e+00 4.532802e-01
7.682292e-02 9.838272e+00 4.476974e-01
7.747396e-02 9.888879e+00 4.449733e-01
7.812500e-02 9.939000e+00 4.423000e-01
8.072916e-02 1.013735e+01 4.318820e-01
8.203125e-02 1.023460e+01 4.268620e-01
8.333333e-02 1.033000e+01 4.220000e-01
8.854166e-02 1.069658e+01 4.036006e-01
9.114583e-02 1.087132e+01 3.950509e-01
9.244792e-02 1.095644e+01 3.909592e-01
9.375000e-02 1.104000e+01 3.870000e-01
9.895835e-02 1.136811e+01 3.718721e-01
1.015625e-01 1.152669e+01 3.647592e-01
1.028646e-01 1.160411e+01 3.613322e-01
1.041667e-01 1.168000e+01 3.580000e-01
1.093750e-01 1.197373e+01 3.451638e-01
1.119791e-01 1.211433e+01 3.390884e-01
1.132812e-01 1.218283e+01 3.361545e-01
1.145833e-01 1.225000e+01 3.333000e-01
1.197916e-01 1.251178e+01 3.223476e-01
1.223958e-01 1.263789e+01 3.171618e-01
1.250000e-01 1.276000e+01 3.122000e-01
1.302084e-01 1.299543e+01 3.026753e-01
1.328125e-01 1.310907e+01 2.981444e-01
1.354167e-01 1.322000e+01 2.938000e-01
1.406250e-01 1.343925e+01 2.854745e-01
1.432291e-01 1.354610e+01 2.815100e-01
1.458333e-01 1.365000e+01 2.777000e-01
1.562500e-01 1.403868e+01 2.634118e-01
1.614584e-01 1.421892e+01 2.568412e-01
1.640625e-01 1.430557e+01 2.537142e-01
1.666667e-01 1.439000e+01 2.507000e-01
1.770834e-01 1.472026e+01 2.392102e-01
1.822917e-01 1.487850e+01 2.338481e-01
1.848958e-01 1.495524e+01 2.312811e-01
1.875000e-01 1.503000e+01 2.288000e-01
1.979166e-01 1.531469e+01 2.193760e-01
2.031250e-01 1.544968e+01 2.149711e-01
2.083333e-01 1.558000e+01 2.108000e-01
2.187500e-01 1.583641e+01 2.028707e-01
2.239584e-01 1.596041e+01 1.991415e-01
2.291667e-01 1.608000e+01 1.956000e-01
2.395834e-01 1.630730e+01 1.888855e-01
2.447917e-01 1.641546e+01 1.857210e-01
2.500000e-01 1.652000e+01 1.827000e-01
2.604167e-01 1.672415e+01 1.769020e-01
2.656250e-01 1.682328e+01 1.741442e-01
2.708333e-01 1.692000e+01 1.715000e-01
2.812500e-01 1.710899e+01 1.664342e-01
2.864583e-01 1.720068e+01 1.640213e-01
2.916667e-01 1.729000e+01 1.617000e-01
3.020833e-01 1.746341e+01 1.572144e-01
3.125000e-01 1.763000e+01 1.530000e-01
3.229167e-01 1.779271e+01 1.490209e-01
3.333333e-01 1.795000e+01 1.453000e-01
3.437500e-01 1.810285e+01 1.417469e-01
3.541667e-01 1.825000e+01 1.384000e-01
3.645833e-01 1.839246e+01 1.352103e-01
3.750000e-01 1.853000e+01 1.322000e-01
3.958333e-01 1.879738e+01 1.265357e-01
4.062500e-01 1.892594e+01 1.238948e-01
4.166667e-01 1.905000e+01 1.214000e-01
4.427083e-01 1.934524e+01 1.155482e-01
4.557292e-01 1.948526e+01 1.128407e-01
4.687500e-01 1.962000e+01 1.103000e-01
4.947917e-01 1.988175e+01 1.055221e-01
5.078125e-01 2.000787e+01 1.032979e-01
5.208333e-01 2.013000e+01 1.012000e-01
5.468750e-01 2.036669e+01 9.723855e-02
5.598958e-01 2.048033e+01 9.538232e-02
5.729167e-01 2.059000e+01 9.362000e-02
5.989583e-01 2.080108e+01 9.026072e-02
6.250000e-01 2.100000e+01 8.716000e-02
6.510417e-01 2.119057e+01 8.426201e-02
6.770833e-01 2.137000e+01 8.159000e-02
7.031250e-01 2.153931e+01 7.906959e-02
7.291667e-01 2.170000e+01 7.673000e-02
7.552083e-01 2.185889e+01 7.452509e-02
7.812500e-01 2.201000e+01 7.247000e-02
8.072917e-01 2.214988e+01 7.051410e-02
8.333333e-01 2.228000e+01 6.868000e-02
8.854167e-01 2.253131e+01 6.528295e-02
9.114583e-01 2.264939e+01 6.372176e-02
9.375000e-01 2.276000e+01 6.226000e-02
9.895835e-01 2.296218e+01 5.950162e-02
1.041667e+00 2.314000e+01 5.700000e-02
1.093750e+00 2.330376e+01 5.470126e-02
1.145833e+00 2.345000e+01 5.262000e-02
1.197917e+00 2.358344e+01 5.067928e-02
1.250000e+00 2.370000e+01 4.890000e-02
1.354167e+00 2.389000e+01 4.570000e-02
1.458333e+00 2.403000e+01 4.293000e-02
1.666667e+00 2.420000e+01 3.833000e-02
1.875000e+00 2.424000e+01 3.467000e-02
2.083333e+00 2.420000e+01 3.169000e-02
2.187500e+00 2.409050e+01 3.037900e-02
2.291667e+00 2.393000e+01 2.920000e-02
2.395834e+00 2.374194e+01 2.810316e-02
2.500000e+00 2.355000e+01 2.710000e-02
2.604166e+00 2.338483e+01 2.616253e-02
2.708333e+00 2.323000e+01 2.530000e-02
2.812500e+00 2.306378e+01 2.449084e-02
2.916667e+00 2.289000e+01 2.374000e-02
3.020834e+00 2.271661e+01 2.302596e-02
3.125000e+00 2.254000e+01 2.236000e-02
3.229166e+00 2.235672e+01 2.173367e-02
3.333333e+00 2.217000e+01 2.115000e-02
3.437500e+00 2.198465e+01 2.059357e-02
3.541667e+00 2.180000e+01 2.007000e-02
3.645834e+00 2.161486e+01 1.957054e-02
3.750000e+00 2.143000e+01 1.910000e-02
3.958334e+00 2.106237e+01 1.822038e-02
4.062500e+00 2.088031e+01 1.781299e-02
4.166667e+00 2.070000e+01 1.743000e-02
4.427084e+00 2.025474e+01 1.653726e-02
4.557292e+00 2.003579e+01 1.612584e-02
4.622396e+00 1.992745e+01 1.592960e-02
4.687500e+00 1.982000e+01 1.574000e-02
4.947916e+00 1.939431e+01 1.501252e-02
5.078125e+00 1.918528e+01 1.467144e-02
5.143229e+00 1.908209e+01 1.450797e-02
5.208333e+00 1.898000e+01 1.435000e-02
5.468750e+00 1.857772e+01 1.375264e-02
5.598959e+00 1.838156e+01 1.347404e-02
5.664063e+00 1.828512e+01 1.334014e-02
5.729167e+00 1.819000e+01 1.321000e-02
5.989584e+00 1.781771e+01 1.270680e-02
6.119792e+00 1.763680e+01 1.246790e-02
6.184896e+00 1.754785e+01 1.235241e-02
6.250000e+00 1.746000e+01 1.224000e-02
6.510416e+00 1.711386e+01 1.180881e-02
6.640625e+00 1.694501e+01 1.160487e-02
6.770833e+00 1.678000e+01 1.141000e-02
7.031250e+00 1.645812e+01 1.103694e-02
7.161459e+00 1.630205e+01 1.085978e-02
7.291667e+00 1.615000e+01 1.069000e-02
7.552084e+00 1.585397e+01 1.036392e-02
7.682292e+00 1.571032e+01 1.020877e-02
7.812500e+00 1.557000e+01 1.006000e-02
8.072916e+00 1.529494e+01 9.775284e-03
8.203125e+00 1.516095e+01 9.639623e-03
8.333333e+00 1.503000e+01 9.509000e-03
8.854166e+00 1.452647e+01 9.015002e-03
9.114583e+00 1.428794e+01 8.786287e-03
9.244792e+00 1.417254e+01 8.677201e-03
9.375000e+00 1.406000e+01 8.572000e-03
9.895835e+00 1.362507e+01 8.172547e-03
1.015625e+01 1.341814e+01 7.986431e-03
1.028646e+01 1.331786e+01 7.897281e-03
1.041667e+01 1.322000e+01 7.811000e-03
1.093750e+01 1.284229e+01 7.481368e-03
1.119792e+01 1.266249e+01 7.326650e-03
1.132812e+01 1.257525e+01 7.252233e-03
1.145833e+01 1.249000e+01 7.180000e-03
1.197917e+01 1.215999e+01 6.903038e-03
1.223958e+01 1.200214e+01 6.772385e-03
1.236979e+01 1.192530e+01 6.709343e-03
1.250000e+01 1.185000e+01 6.648000e-03
1.302083e+01 1.155693e+01 6.411899e-03
1.328125e+01 1.141608e+01 6.299976e-03
1.341146e+01 1.134738e+01 6.245816e-03
1.354167e+01 1.128000e+01 6.193000e-03
1.406250e+01 1.101767e+01 5.989116e-03
1.432292e+01 1.089163e+01 5.892062e-03
1.445312e+01 1.083020e+01 5.844984e-03
1.458333e+01 1.077000e+01 5.799000e-03
1.562500e+01 1.031585e+01 5.453838e-03
1.614583e+01 1.010611e+01 5.296235e-03
1.640625e+01 1.000592e+01 5.221615e-03
1.666667e+01 9.909000e+00 5.150000e-03
1.770833e+01 9.537348e+00 4.879332e-03
1.822917e+01 9.362279e+00 4.754152e-03
1.848958e+01 9.277938e+00 4.694495e-03
1.875000e+01 9.196000e+00 4.637000e-03
1.979167e+01 8.881894e+00 4.419076e-03
2.031250e+01 8.733535e+00 4.317636e-03
2.057291e+01 8.661852e+00 4.269045e-03
2.083333e+01 8.592000e+00 4.222000e-03
2.187500e+01 8.322491e+00 4.041867e-03
2.239583e+01 8.194177e+00 3.957217e-03
2.265625e+01 8.131893e+00 3.916502e-03
2.291667e+01 8.071000e+00 3.877000e-03
2.395833e+01 7.835030e+00 3.725880e-03
2.447917e+01 7.722021e+00 3.654715e-03
2.473958e+01 7.666970e+00 3.620394e-03
2.500000e+01 7.613000e+00 3.587000e-03
2.604167e+01 7.403072e+00 3.458315e-03
2.656250e+01 7.301987e+00 3.397291e-03
2.682291e+01 7.252575e+00 3.367771e-03
2.708333e+01 7.204000e+00 3.339000e-03
2.812500e+01 7.013623e+00 3.228144e-03
2.864583e+01 6.921752e+00 3.175472e-03
2.890625e+01 6.876926e+00 3.149938e-03
2.916667e+01 6.833000e+00 3.125000e-03
3.020833e+01 6.662822e+00 3.028511e-03
3.072917e+01 6.581415e+00 2.982401e-03
3.098958e+01 6.541800e+00 2.959969e-03
3.125000e+01 6.503000e+00 2.938000e-03
3.229166e+01 6.352354e+00 2.852457e-03
3.281250e+01 6.279995e+00 2.811449e-03
3.307291e+01 6.244677e+00 2.791505e-03
3.333333e+01 6.210000e+00 2.772000e-03
3.437500e+01 6.074648e+00 2.696768e-03
3.489584e+01 6.009330e+00 2.660787e-03
3.515625e+01 5.977390e+00 2.643239e-03
3.541667e+01 5.946000e+00 2.626000e-03
3.645834e+01 5.823558e+00 2.558382e-03
3.697917e+01 5.764422e+00 2.525677e-03
3.750000e+01 5.707000e+00 2.494000e-03
3.958334e+01 5.488371e+00 2.375266e-03
4.062500e+01 5.385990e+00 2.320483e-03
4.114584e+01 5.336773e+00 2.294316e-03
4.166667e+01 5.289000e+00 2.269000e-03
4.427084e+01 5.061664e+00 2.148420e-03
4.557292e+01 4.955736e+00 2.092415e-03
4.622396e+01 4.905030e+00 2.065712e-03
4.687500e+01 4.856000e+00 2.040000e-03
4.947916e+01 4.669263e+00 1.943133e-03
5.078125e+01 4.581822e+00 1.898253e-03
5.143229e+01 4.539793e+00 1.876783e-03
5.208333e+01 4.499000e+00 1.856000e-03
5.468750e+01 4.342944e+00 1.776228e-03
5.598959e+01 4.269006e+00 1.738654e-03
5.664063e+01 4.233127e+00 1.720562e-03
5.729167e+01 4.198000e+00 1.703000e-03
5.989584e+01 4.060303e+00 1.635770e-03
6.119792e+01 3.994243e+00 1.604109e-03
6.184896e+01 3.962205e+00 1.588845e-03
6.250000e+01 3.931000e+00 1.574000e-03
6.510416e+01 3.811898e+00 1.516890e-03
6.640625e+01 3.755715e+00 1.489837e-03
6.705729e+01 3.728537e+00 1.476753e-03
6.770833e+01 3.702000e+00 1.464000e-03
7.031250e+01 3.598865e+00 1.414809e-03
7.161459e+01 3.549488e+00 1.391418e-03
7.226563e+01 3.525480e+00 1.380077e-03
7.291667e+01 3.502000e+00 1.369000e-03
7.552084e+01 3.411163e+00 1.326125e-03
7.682292e+01 3.367769e+00 1.305661e-03
7.747396e+01 3.346664e+00 1.295720e-03
7.812500e+01 3.326000e+00 1.286000e-03
8.072916e+01 3.245685e+00 1.248354e-03
8.203125e+01 3.207155e+00 1.230346e-03
8.268229e+01 3.188386e+00 1.221582e-03
8.333333e+01 3.170000e+00 1.213000e-03
8.854166e+01 3.031067e+00 1.148013e-03
9.114583e+01 2.966987e+00 1.118027e-03
9.244792e+01 2.936452e+00 1.103751e-03
9.309896e+01 2.921586e+00 1.096807e-03
9.375000e+01 2.907000e+00 1.090000e-03
9.895835e+01 2.795125e+00 1.037988e-03
1.015625e+02 2.742650e+00 1.013703e-03
1.028646e+02 2.717439e+00 1.002064e-03
1.041667e+02 2.693000e+00 9.908000e-04
1.093750e+02 2.599479e+00 9.478259e-04
1.119792e+02 2.555571e+00 9.276811e-04
1.132812e+02 2.534466e+00 9.179971e-04
1.145833e+02 2.514000e+00 9.086000e-04
1.197917e+02 2.435839e+00 8.725559e-04
1.223958e+02 2.399045e+00 8.555612e-04
1.236979e+02 2.381291e+00 8.473671e-04
1.250000e+02 2.364000e+00 8.394000e-04
1.302083e+02 2.297134e+00 8.088070e-04
1.328125e+02 2.265357e+00 7.943299e-04
1.341146e+02 2.249980e+00 7.873278e-04
1.354167e+02 2.235000e+00 7.805000e-04
1.406250e+02 2.177443e+00 7.541117e-04
1.432292e+02 2.150143e+00 7.415451e-04
1.445312e+02 2.136916e+00 7.354504e-04
1.458333e+02 2.124000e+00 7.295000e-04
1.562500e+02 2.026814e+00 6.849576e-04
1.614583e+02 1.982329e+00 6.646805e-04
1.640625e+02 1.961245e+00 6.550935e-04
1.653646e+02 1.951013e+00 6.504461e-04
1.666667e+02 1.941000e+00 6.459000e-04
1.770833e+02 1.864587e+00 6.112507e-04
1.822917e+02 1.829138e+00 5.951676e-04
1.848958e+02 1.812249e+00 5.874949e-04
1.875000e+02 1.796000e+00 5.801000e-04
2.083333e+02 1.680000e+00 5.269000e-04
