1.587302e-03 5.797000e-01 4.774000e+00
1.746032e-03 6.080000e-01 4.699000e+00
1.825397e-03 6.199900e-01 4.661350e+00
1.865079e-03 6.268289e-01 4.642609e+00
1.884921e-03 6.307250e-01 4.633283e+00
1.904762e-03 6.351000e-01 4.624000e+00
1.984127e-03 6.567062e-01 4.587323e+00
2.023810e-03 6.697161e-01 4.569141e+00
2.043651e-03 6.767759e-01 4.560070e+00
2.053571e-03 6.804432e-01 4.555536e+00
2.063492e-03 6.842000e-01 4.551000e+00
2.142857e-03 7.169739e-01 4.514395e+00
2.182539e-03 7.337017e-01 4.496112e+00
2.202381e-03 7.418598e-01 4.487024e+00
2.212301e-03 7.458323e-01 4.482502e+00
2.222222e-03 7.497000e-01 4.478000e+00
2.301587e-03 7.772620e-01 4.442640e+00
2.341269e-03 7.893158e-01 4.425254e+00
2.361111e-03 7.949644e-01 4.416616e+00
2.380952e-03 8.004000e-01 4.408000e+00
2.460317e-03 8.216905e-01 4.373393e+00
2.500000e-03 8.318781e-01 4.356136e+00
2.519842e-03 8.368081e-01 4.347546e+00
2.539683e-03 8.416000e-01 4.339000e+00
2.619048e-03 8.598143e-01 4.305190e+00
2.658731e-03 8.683618e-01 4.288511e+00
2.698413e-03 8.765000e-01 4.272000e+00
2.777778e-03 8.920714e-01 4.239260e+00
2.817460e-03 8.994801e-01 4.223059e+00
2.857143e-03 9.066000e-01 4.207000e+00
3.015873e-03 9.332852e-01 4.143538e+00
3.095238e-03 9.456066e-01 4.112461e+00
3.134920e-03 9.514967e-01 4.097142e+00
3.174603e-03 9.572000e-01 4.082000e+00
3.373016e-03 9.843048e-01 4.007940e+00
3.472223e-03 9.969806e-01 3.972023e+00
3.521826e-03 1.003077e+00 3.954390e+00
3.571429e-03 1.009000e+00 3.937000e+00
3.769842e-03 1.031652e+00 3.868753e+00
3.869048e-03 1.042474e+00 3.835514e+00
3.918651e-03 1.047770e+00 3.819158e+00
3.968254e-03 1.053000e+00 3.803000e+00
4.166667e-03 1.073735e+00 3.739315e+00
4.265873e-03 1.083943e+00 3.708278e+00
4.365079e-03 1.094000e+00 3.678000e+00
4.563492e-03 1.113716e+00 3.619299e+00
4.662699e-03 1.123407e+00 3.590841e+00
4.761905e-03 1.133000e+00 3.563000e+00
4.960318e-03 1.151984e+00 3.508079e+00
5.059524e-03 1.161466e+00 3.481239e+00
5.158730e-03 1.171000e+00 3.455000e+00
5.357143e-03 1.190392e+00 3.404005e+00
5.456349e-03 1.200184e+00 3.379242e+00
5.555556e-03 1.210000e+00 3.355000e+00
5.753968e-03 1.229533e+00 3.307191e+00
5.853175e-03 1.239270e+00 3.283832e+00
5.952381e-03 1.249000e+00 3.261000e+00
6.150793e-03 1.268489e+00 3.216639e+00
6.250000e-03 1.278243e+00 3.195094e+00
6.349206e-03 1.288000e+00 3.174000e+00
6.746031e-03 1.326949e+00 3.091714e+00
6.944444e-03 1.346444e+00 3.052156e+00
7.043651e-03 1.356211e+00 3.032880e+00
7.142857e-03 1.366000e+00 3.014000e+00
7.539683e-03 1.405520e+00 2.940850e+00
7.738095e-03 1.425311e+00 2.905813e+00
7.837302e-03 1.435177e+00 2.888741e+00
7.936508e-03 1.445000e+00 2.872000e+00
8.333333e-03 1.483723e+00 2.806764e+00
8.531746e-03 1.502887e+00 2.775366e+00
8.630953e-03 1.512444e+00 2.760040e+00
8.730159e-03 1.522000e+00 2.745000e+00
9.126985e-03 1.560481e+00 2.686525e+00
9.325397e-03 1.579763e+00 2.658350e+00
9.424604e-03 1.589392e+00 2.644565e+00
9.523810e-03 1.599000e+00 2.631000e+00
9.920635e-03 1.637121e+00 2.577779e+00
1.011905e-02 1.656075e+00 2.552006e+00
1.021825e-02 1.665538e+00 2.539393e+00
1.031746e-02 1.675000e+00 2.527000e+00
1.071429e-02 1.713011e+00 2.478835e+00
1.091270e-02 1.732029e+00 2.455598e+00
1.101190e-02 1.741524e+00 2.444214e+00
1.111111e-02 1.751000e+00 2.433000e+00
1.190476e-02 1.825892e+00 2.346173e+00
1.230159e-02 1.862991e+00 2.305071e+00
1.250000e-02 1.881496e+00 2.285250e+00
1.269841e-02 1.900000e+00 2.266000e+00
1.349206e-02 1.974305e+00 2.192618e+00
1.388889e-02 2.011606e+00 2.158040e+00
1.408730e-02 2.030292e+00 2.141321e+00
1.428571e-02 2.049000e+00 2.125000e+00
1.507937e-02 2.123777e+00 2.061499e+00
1.547619e-02 2.161290e+00 2.031130e+00
1.567461e-02 2.180112e+00 2.016389e+00
1.587302e-02 2.199000e+00 2.002000e+00
1.666667e-02 2.275116e+00 1.946598e+00
1.706350e-02 2.313465e+00 1.920264e+00
1.726191e-02 2.332710e+00 1.907488e+00
1.746032e-02 2.352000e+00 1.895000e+00
1.825397e-02 2.429170e+00 1.846583e+00
1.865080e-02 2.467949e+00 1.823385e+00
1.884921e-02 2.487431e+00 1.812082e+00
1.904762e-02 2.507000e+00 1.801000e+00
1.984127e-02 2.585980e+00 1.757876e+00
2.023810e-02 2.625857e+00 1.737114e+00
2.043651e-02 2.645895e+00 1.726969e+00
2.063492e-02 2.666000e+00 1.717000e+00
2.142857e-02 2.746661e+00 1.678004e+00
2.182540e-02 2.787218e+00 1.659193e+00
2.202381e-02 2.807576e+00 1.650008e+00
2.222222e-02 2.828000e+00 1.641000e+00
2.301587e-02 2.910157e+00 1.606077e+00
2.341270e-02 2.951490e+00 1.589286e+00
2.361111e-02 2.972223e+00 1.581077e+00
2.380952e-02 2.993000e+00 1.573000e+00
2.460317e-02 3.076273e+00 1.541339e+00
2.500000e-02 3.118061e+00 1.525972e+00
2.519842e-02 3.139009e+00 1.518431e+00
2.539683e-02 3.160000e+00 1.511000e+00
2.619048e-02 3.244174e+00 1.481863e+00
2.658730e-02 3.286476e+00 1.467736e+00
2.678572e-02 3.307705e+00 1.460813e+00
2.698413e-02 3.329000e+00 1.454000e+00
2.777778e-02 3.414698e+00 1.427399e+00
2.817460e-02 3.457783e+00 1.414526e+00
2.837302e-02 3.479378e+00 1.408216e+00
2.857143e-02 3.501000e+00 1.402000e+00
3.015873e-02 3.674015e+00 1.354148e+00
3.095238e-02 3.760810e+00 1.331543e+00
3.134921e-02 3.804341e+00 1.320627e+00
3.154762e-02 3.826152e+00 1.315275e+00
3.174603e-02 3.848000e+00 1.310000e+00
3.373016e-02 4.067955e+00 1.259427e+00
3.472223e-02 4.178736e+00 1.235634e+00
3.521826e-02 4.234312e+00 1.224163e+00
3.546627e-02 4.262143e+00 1.218541e+00
3.571429e-02 4.290000e+00 1.213000e+00
3.769841e-02 4.513081e+00 1.169920e+00
3.869048e-02 4.624895e+00 1.149462e+00
3.918651e-02 4.680904e+00 1.139588e+00
3.943452e-02 4.708940e+00 1.134755e+00
3.968254e-02 4.737000e+00 1.130000e+00
4.166667e-02 4.962139e+00 1.093604e+00
4.265873e-02 5.075004e+00 1.076432e+00
4.315476e-02 5.131490e+00 1.068121e+00
4.340277e-02 5.159743e+00 1.064036e+00
4.365079e-02 5.188000e+00 1.060000e+00
4.563492e-02 5.413960e+00 1.028390e+00
4.662699e-02 5.526951e+00 1.013203e+00
4.712302e-02 5.583465e+00 1.005817e+00
4.737103e-02 5.611729e+00 1.002185e+00
4.761905e-02 5.640000e+00 9.986000e-01
4.960317e-02 5.866400e+00 9.708574e-01
5.059524e-02 5.979689e+00 9.576276e-01
5.109127e-02 6.036344e+00 9.511965e-01
5.158730e-02 6.093000e+00 9.449000e-01
5.357143e-02 6.319652e+00 9.204114e-01
5.456350e-02 6.432892e+00 9.086524e-01
5.505953e-02 6.489468e+00 9.029200e-01
5.555556e-02 6.546000e+00 8.973000e-01
5.753969e-02 6.771794e+00 8.754521e-01
5.853175e-02 6.884479e+00 8.649527e-01
5.902778e-02 6.940762e+00 8.598289e-01
5.952381e-02 6.997000e+00 8.548000e-01
6.150793e-02 7.221805e+00 8.351984e-01
6.250000e-02 7.334011e+00 8.257511e-01
6.299603e-02 7.390039e+00 8.211345e-01
6.349206e-02 7.446000e+00 8.166000e-01
6.746031e-02 7.892244e+00 7.820447e-01
6.944444e-02 8.114164e+00 7.659250e-01
7.043651e-02 8.224736e+00 7.581932e-01
7.093254e-02 8.279910e+00 7.544156e-01
7.142857e-02 8.335000e+00 7.507000e-01
7.539683e-02 8.774311e+00 7.220250e-01
7.738095e-02 8.992729e+00 7.084787e-01
7.837302e-02 9.101529e+00 7.019468e-01
7.886905e-02 9.155810e+00 6.987487e-01
7.936508e-02 9.210000e+00 6.956000e-01
8.333334e-02 9.642745e+00 6.713324e-01
8.531746e-02 9.857419e+00 6.598525e-01
8.630953e-02 9.964037e+00 6.543046e-01
8.680556e-02 1.001711e+01 6.515834e-01
8.730159e-02 1.007000e+01 6.489000e-01
9.126985e-02 1.048799e+01 6.281030e-01
9.325397e-02 1.069458e+01 6.181972e-01
9.424604e-02 1.079740e+01 6.133924e-01
9.523810e-02 1.090000e+01 6.087000e-01
9.920635e-02 1.131187e+01 5.905550e-01
1.011905e-01 1.151688e+01 5.819044e-01
1.021825e-01 1.161877e+01 5.777048e-01
1.031746e-01 1.172000e+01 5.736000e-01
1.071429e-01 1.211929e+01 5.577123e-01
1.091270e-01 1.231577e+01 5.501159e-01
1.101190e-01 1.241317e+01 5.464196e-01
1.111111e-01 1.251000e+01 5.428000e-01
1.190476e-01 1.327594e+01 5.153910e-01
1.230158e-01 1.365142e+01 5.027369e-01
1.250000e-01 1.383670e+01 4.967092e-01
1.259920e-01 1.392862e+01 4.937761e-01
1.269841e-01 1.402000e+01 4.909000e-01
1.349206e-01 1.474138e+01 4.688867e-01
1.388889e-01 1.509419e+01 4.585992e-01
1.408730e-01 1.526808e+01 4.536691e-01
1.418650e-01 1.535431e+01 4.512633e-01
1.428571e-01 1.544000e+01 4.489000e-01
1.507937e-01 1.611678e+01 4.307850e-01
1.547619e-01 1.644718e+01 4.222756e-01
1.567461e-01 1.660969e+01 4.181793e-01
1.587302e-01 1.677000e+01 4.142000e-01
1.666667e-01 1.739707e+01 3.988999e-01
1.706350e-01 1.770187e+01 3.916738e-01
1.726191e-01 1.785182e+01 3.881884e-01
1.746032e-01 1.800000e+01 3.848000e-01
1.825397e-01 1.858526e+01 3.718161e-01
1.865080e-01 1.887100e+01 3.656746e-01
1.884921e-01 1.901149e+01 3.627019e-01
1.904762e-01 1.915000e+01 3.598000e-01
1.984127e-01 1.969028e+01 3.485369e-01
2.023810e-01 1.995278e+01 3.431585e-01
2.043651e-01 2.008206e+01 3.405485e-01
2.063492e-01 2.021000e+01 3.380000e-01
2.142857e-01 2.071800e+01 3.281818e-01
2.182540e-01 2.096687e+01 3.235032e-01
2.202381e-01 2.108931e+01 3.212284e-01
2.222222e-01 2.121000e+01 3.190000e-01
2.301587e-01 2.167992e+01 3.103083e-01
2.341270e-01 2.190756e+01 3.061301e-01
2.361111e-01 2.201944e+01 3.040941e-01
2.380952e-01 2.213000e+01 3.021000e-01
2.460317e-01 2.256695e+01 2.943722e-01
2.500000e-01 2.278074e+01 2.906710e-01
2.539683e-01 2.299000e+01 2.871000e-01
2.619048e-01 2.339776e+01 2.802145e-01
2.658730e-01 2.359599e+01 2.769067e-01
2.698413e-01 2.379000e+01 2.737000e-01
2.777778e-01 2.417130e+01 2.674477e-01
2.817460e-01 2.435757e+01 2.644274e-01
2.857143e-01 2.454000e+01 2.615000e-01
3.015873e-01 2.524334e+01 2.504651e-01
3.095238e-01 2.557826e+01 2.453398e-01
3.134921e-01 2.574090e+01 2.428829e-01
3.174603e-01 2.590000e+01 2.405000e-01
3.373016e-01 2.666812e+01 2.291179e-01
3.472222e-01 2.703241e+01 2.238029e-01
3.521826e-01 2.720852e+01 2.212585e-01
3.571429e-01 2.738000e+01 2.188000e-01
3.769841e-01 2.803870e+01 2.094674e-01
3.869048e-01 2.835097e+01 2.051134e-01
3.918651e-01 2.850225e+01 2.030247e-01
3.968254e-01 2.865000e+01 2.010000e-01
4.166667e-01 2.922333e+01 1.932445e-01
4.265873e-01 2.949718e+01 1.895860e-01
4.365079e-01 2.976000e+01 1.861000e-01
4.563492e-01 3.026266e+01 1.794382e-01
4.662698e-01 3.050128e+01 1.762928e-01
4.761905e-01 3.073000e+01 1.733000e-01
4.960317e-01 3.116873e+01 1.676349e-01
5.059524e-01 3.137814e+01 1.649611e-01
5.158730e-01 3.158000e+01 1.624000e-01
5.357143e-01 3.197093e+01 1.574445e-01
5.456349e-01 3.215867e+01 1.550751e-01
5.555556e-01 3.234000e+01 1.528000e-01
5.753968e-01 3.269066e+01 1.484562e-01
5.853175e-01 3.285851e+01 1.463897e-01
5.952381e-01 3.302000e+01 1.444000e-01
6.150794e-01 3.332957e+01 1.405404e-01
6.349206e-01 3.362000e+01 1.369000e-01
6.746032e-01 3.416396e+01 1.302173e-01
6.944444e-01 3.441518e+01 1.271612e-01
7.142857e-01 3.465000e+01 1.243000e-01
7.539683e-01 3.508866e+01 1.188632e-01
7.738095e-01 3.529094e+01 1.163130e-01
7.936508e-01 3.548000e+01 1.139000e-01
8.333333e-01 3.583390e+01 1.093491e-01
8.730159e-01 3.615000e+01 1.052000e-01
9.126984e-01 3.643693e+01 1.013405e-01
9.523810e-01 3.669000e+01 9.781000e-02
9.920635e-01 3.691961e+01 9.451035e-02
1.031746e+00 3.712000e+01 9.147000e-02
1.111111e+00 3.745000e+01 8.595000e-02
1.190476e+00 3.771216e+01 8.106352e-02
1.269841e+00 3.790000e+01 7.682000e-02
1.428571e+00 3.812000e+01 6.954000e-02
1.587302e+00 3.815000e+01 6.360000e-02
1.746032e+00 3.805000e+01 5.865000e-02
1.904762e+00 3.784000e+01 5.446000e-02
2.063492e+00 3.768000e+01 5.086000e-02
2.222222e+00 3.746000e+01 4.774000e-02
2.301587e+00 3.721775e+01 4.631825e-02
2.380952e+00 3.695000e+01 4.500000e-02
2.460318e+00 3.673944e+01 4.374547e-02
2.539683e+00 3.656000e+01 4.257000e-02
2.619048e+00 3.637421e+01 4.145547e-02
2.698413e+00 3.618000e+01 4.041000e-02
2.777778e+00 3.597826e+01 3.941144e-02
2.857143e+00 3.577000e+01 3.847000e-02
3.015873e+00 3.534367e+01 3.671146e-02
3.095238e+00 3.512738e+01 3.589674e-02
3.174603e+00 3.491000e+01 3.513000e-02
3.373016e+00 3.436849e+01 3.333480e-02
3.472222e+00 3.409883e+01 3.250613e-02
3.571429e+00 3.383000e+01 3.173000e-02
3.769842e+00 3.329184e+01 3.027381e-02
3.869048e+00 3.302458e+01 2.959729e-02
3.968254e+00 3.276000e+01 2.896000e-02
4.166666e+00 3.223834e+01 2.775698e-02
4.265873e+00 3.198218e+01 2.719388e-02
4.365079e+00 3.173000e+01 2.666000e-02
4.563492e+00 3.123266e+01 2.564368e-02
4.662698e+00 3.098902e+01 2.516503e-02
4.761905e+00 3.075000e+01 2.471000e-02
4.960318e+00 3.028174e+01 2.384686e-02
5.059524e+00 3.005346e+01 2.343951e-02
5.158730e+00 2.983000e+01 2.305000e-02
5.357143e+00 2.939265e+01 2.229962e-02
5.456349e+00 2.917926e+01 2.194227e-02
5.555556e+00 2.897000e+01 2.160000e-02
5.753969e+00 2.855849e+01 2.094762e-02
5.853175e+00 2.835728e+01 2.063783e-02
5.952381e+00 2.816000e+01 2.034000e-02
6.150793e+00 2.777309e+01 1.976322e-02
6.250000e+00 2.758446e+01 1.948659e-02
6.349206e+00 2.740000e+01 1.922000e-02
6.746031e+00 2.669017e+01 1.822454e-02
6.944444e+00 2.635310e+01 1.776762e-02
7.043651e+00 2.618967e+01 1.755005e-02
7.142857e+00 2.603000e+01 1.734000e-02
7.539682e+00 2.541209e+01 1.653444e-02
7.738095e+00 2.511607e+01 1.615656e-02
7.837302e+00 2.497171e+01 1.597531e-02
7.936508e+00 2.483000e+01 1.580000e-02
8.333334e+00 2.427601e+01 1.513465e-02
8.531746e+00 2.400872e+01 1.482397e-02
8.630953e+00 2.387815e+01 1.467478e-02
8.730159e+00 2.375000e+01 1.453000e-02
9.126984e+00 2.325197e+01 1.397381e-02
9.325397e+00 2.301229e+01 1.371082e-02
9.424604e+00 2.289515e+01 1.358375e-02
9.523810e+00 2.278000e+01 1.346000e-02
9.920635e+00 2.233010e+01 1.298254e-02
1.011905e+01 2.211221e+01 1.275609e-02
1.031746e+01 2.190000e+01 1.254000e-02
1.071429e+01 2.148618e+01 1.212961e-02
1.091270e+01 2.128552e+01 1.193564e-02
1.111111e+01 2.109000e+01 1.175000e-02
1.190476e+01 2.034141e+01 1.105432e-02
1.230158e+01 1.998779e+01 1.073581e-02
1.250000e+01 1.981680e+01 1.058488e-02
1.269841e+01 1.965000e+01 1.044000e-02
1.349206e+01 1.900552e+01 9.893211e-03
1.388889e+01 1.869736e+01 9.640526e-03
1.408730e+01 1.854724e+01 9.520099e-03
1.428571e+01 1.840000e+01 9.404000e-03
1.507936e+01 1.782424e+01 8.963075e-03
1.547619e+01 1.754714e+01 8.757628e-03
1.567461e+01 1.741214e+01 8.659225e-03
1.587302e+01 1.728000e+01 8.564000e-03
1.666667e+01 1.677029e+01 8.200302e-03
1.706349e+01 1.652626e+01 8.029669e-03
1.726191e+01 1.640714e+01 7.947621e-03
1.746032e+01 1.629000e+01 7.868000e-03
1.825397e+01 1.582834e+01 7.562910e-03
1.865079e+01 1.560515e+01 7.419021e-03
1.884921e+01 1.549637e+01 7.349584e-03
1.904762e+01 1.539000e+01 7.282000e-03
1.984127e+01 1.498174e+01 7.021578e-03
2.023810e+01 1.478740e+01 6.898050e-03
2.043651e+01 1.469281e+01 6.838276e-03
2.063492e+01 1.460000e+01 6.780000e-03
2.142857e+01 1.423515e+01 6.555248e-03
2.182540e+01 1.405925e+01 6.448394e-03
2.202381e+01 1.397364e+01 6.396591e-03
2.222222e+01 1.389000e+01 6.346000e-03
2.301587e+01 1.356782e+01 6.150304e-03
2.341269e+01 1.341532e+01 6.056869e-03
2.361111e+01 1.334167e+01 6.011449e-03
2.380952e+01 1.327000e+01 5.967000e-03
2.460318e+01 1.299422e+01 5.794377e-03
2.500000e+01 1.286392e+01 5.711675e-03
2.539683e+01 1.274000e+01 5.632000e-03
2.619048e+01 1.250429e+01 5.478850e-03
2.658731e+01 1.239397e+01 5.405636e-03
2.698413e+01 1.229000e+01 5.335000e-03
2.777778e+01 1.209846e+01 5.198277e-03
2.817460e+01 1.200814e+01 5.132561e-03
2.857143e+01 1.192000e+01 5.069000e-03
3.015873e+01 1.156173e+01 4.828605e-03
3.095238e+01 1.138091e+01 4.716994e-03
3.134920e+01 1.129040e+01 4.663615e-03
3.174603e+01 1.120000e+01 4.612000e-03
3.373016e+01 1.074416e+01 4.368170e-03
3.472222e+01 1.052210e+01 4.255493e-03
3.521826e+01 1.041439e+01 4.201786e-03
3.546627e+01 1.036170e+01 4.175643e-03
3.571429e+01 1.031000e+01 4.150000e-03
3.769841e+01 9.921897e+00 3.953551e-03
3.869048e+01 9.742570e+00 3.861665e-03
3.918651e+01 9.656585e+00 3.817616e-03
3.968254e+01 9.573000e+00 3.775000e-03
4.166667e+01 9.247705e+00 3.612838e-03
4.265873e+01 9.092444e+00 3.536928e-03
4.315476e+01 9.017244e+00 3.500434e-03
4.365079e+01 8.944000e+00 3.465000e-03
4.563492e+01 8.663378e+00 3.328695e-03
4.662699e+01 8.530740e+00 3.264289e-03
4.712302e+01 8.466586e+00 3.233215e-03
4.761905e+01 8.404000e+00 3.203000e-03
4.960318e+01 8.161646e+00 3.087052e-03
5.059524e+01 8.046008e+00 3.032260e-03
5.109127e+01 7.989865e+00 3.005788e-03
5.158730e+01 7.935000e+00 2.980000e-03
5.357143e+01 7.722820e+00 2.880641e-03
5.456350e+01 7.621498e+00 2.833375e-03
5.505953e+01 7.572231e+00 2.810433e-03
5.555556e+01 7.524000e+00 2.788000e-03
5.753968e+01 7.336584e+00 2.700798e-03
5.853175e+01 7.246696e+00 2.659077e-03
5.902778e+01 7.202907e+00 2.638807e-03
5.952381e+01 7.160000e+00 2.619000e-03
6.150794e+01 6.993330e+00 2.542569e-03
6.250000e+01 6.913306e+00 2.506102e-03
6.299603e+01 6.874280e+00 2.488367e-03
6.349206e+01 6.836000e+00 2.471000e-03
6.746031e+01 6.545010e+00 2.339118e-03
6.944444e+01 6.409930e+00 2.278100e-03
7.043651e+01 6.345372e+00 2.249020e-03
7.142857e+01 6.283000e+00 2.221000e-03
7.539683e+01 6.045983e+00 2.114833e-03
7.738095e+01 5.934808e+00 2.065471e-03
7.837302e+01 5.881207e+00 2.041849e-03
7.936508e+01 5.829000e+00 2.019000e-03
8.333334e+01 5.626529e+00 1.931697e-03
8.531746e+01 5.530124e+00 1.890754e-03
8.630953e+01 5.483457e+00 1.871079e-03
8.730159e+01 5.438000e+00 1.852000e-03
9.126985e+01 5.263298e+00 1.779051e-03
9.325397e+01 5.180710e+00 1.744700e-03
9.424604e+01 5.140826e+00 1.728129e-03
9.523810e+01 5.102000e+00 1.712000e-03
9.920635e+01 4.952594e+00 1.649792e-03
1.011905e+02 4.881751e+00 1.620253e-03
1.021825e+02 4.847456e+00 1.605950e-03
1.031746e+02 4.814000e+00 1.592000e-03
1.071428e+02 4.684702e+00 1.538147e-03
1.091270e+02 4.623097e+00 1.512532e-03
1.101190e+02 4.593203e+00 1.500117e-03
1.111111e+02 4.564000e+00 1.488000e-03
1.190476e+02 4.344932e+00 1.397394e-03
1.230159e+02 4.244896e+00 1.356177e-03
1.250000e+02 4.197508e+00 1.336690e-03
1.259920e+02 4.174512e+00 1.327243e-03
1.269841e+02 4.152000e+00 1.318000e-03
1.349206e+02 3.979977e+00 1.247511e-03
1.388888e+02 3.899975e+00 1.214746e-03
1.408730e+02 3.861794e+00 1.199097e-03
1.428571e+02 3.825000e+00 1.184000e-03
1.587302e+02 3.561000e+00 1.075000e-03
