1.351351e-03 7.133000e-01 5.549000e+00
1.486486e-03 7.481000e-01 5.487000e+00
1.554054e-03 7.649675e-01 5.454800e+00
1.587838e-03 7.732428e-01 5.438459e+00
1.604730e-03 7.773369e-01 5.430241e+00
1.621622e-03 7.814000e-01 5.422000e+00
1.689189e-03 7.975054e-01 5.389011e+00
1.722973e-03 8.054498e-01 5.372506e+00
1.756757e-03 8.133000e-01 5.356000e+00
1.824325e-03 8.297564e-01 5.322997e+00
1.858108e-03 8.374031e-01 5.306498e+00
1.891892e-03 8.440000e-01 5.290000e+00
1.959459e-03 8.552672e-01 5.257001e+00
2.027027e-03 8.584000e-01 5.224000e+00
2.094594e-03 8.472078e-01 5.190932e+00
2.128378e-03 8.392649e-01 5.174434e+00
2.162162e-03 8.317000e-01 5.158000e+00
2.229729e-03 8.238051e-01 5.125283e+00
2.297297e-03 8.228000e-01 5.093000e+00
2.432432e-03 8.263000e-01 5.030000e+00
2.567567e-03 8.379102e-01 4.967454e+00
2.635135e-03 8.464630e-01 4.936542e+00
2.668919e-03 8.513838e-01 4.921216e+00
2.702703e-03 8.567000e-01 4.906000e+00
2.871622e-03 8.856829e-01 4.830881e+00
2.956081e-03 9.015297e-01 4.794093e+00
2.998311e-03 9.097995e-01 4.775947e+00
3.040541e-03 9.183000e-01 4.758000e+00
3.209460e-03 9.536385e-01 4.687387e+00
3.293919e-03 9.718522e-01 4.652871e+00
3.336148e-03 9.810565e-01 4.635847e+00
3.378378e-03 9.903000e-01 4.619000e+00
3.547297e-03 1.027402e+00 4.552558e+00
3.631757e-03 1.045820e+00 4.520001e+00
3.673986e-03 1.054950e+00 4.503923e+00
3.716216e-03 1.064000e+00 4.488000e+00
3.885135e-03 1.099630e+00 4.425055e+00
3.969594e-03 1.117009e+00 4.394224e+00
4.011824e-03 1.125560e+00 4.379024e+00
4.054054e-03 1.134000e+00 4.364000e+00
4.222973e-03 1.167148e+00 4.305000e+00
4.307432e-03 1.183270e+00 4.276215e+00
4.349662e-03 1.191190e+00 4.262030e+00
4.391892e-03 1.199000e+00 4.248000e+00
4.560811e-03 1.229759e+00 4.192693e+00
4.645270e-03 1.244637e+00 4.165607e+00
4.687500e-03 1.251895e+00 4.152238e+00
4.729730e-03 1.259000e+00 4.139000e+00
4.898649e-03 1.286391e+00 4.086740e+00
4.983108e-03 1.299444e+00 4.061137e+00
5.067568e-03 1.312000e+00 4.036000e+00
5.236487e-03 1.336233e+00 3.986724e+00
5.320946e-03 1.347830e+00 3.962642e+00
5.405405e-03 1.359000e+00 3.939000e+00
5.743243e-03 1.401011e+00 3.847079e+00
5.912162e-03 1.420232e+00 3.802847e+00
5.996622e-03 1.429315e+00 3.781236e+00
6.081081e-03 1.438000e+00 3.760000e+00
6.418919e-03 1.470396e+00 3.676894e+00
6.587838e-03 1.485208e+00 3.636791e+00
6.756757e-03 1.499000e+00 3.598000e+00
7.094595e-03 1.524834e+00 3.523479e+00
7.263513e-03 1.536789e+00 3.487716e+00
7.432432e-03 1.548000e+00 3.453000e+00
7.770270e-03 1.568980e+00 3.385017e+00
7.939189e-03 1.578749e+00 3.352046e+00
8.108108e-03 1.588000e+00 3.320000e+00
8.445946e-03 1.605626e+00 3.257977e+00
8.614865e-03 1.613982e+00 3.228070e+00
8.783784e-03 1.622000e+00 3.199000e+00
9.121621e-03 1.637398e+00 3.142270e+00
9.459459e-03 1.652000e+00 3.088000e+00
1.013513e-02 1.679551e+00 2.985740e+00
1.047297e-02 1.692838e+00 2.937748e+00
1.081081e-02 1.706000e+00 2.892000e+00
1.148649e-02 1.732581e+00 2.804001e+00
1.182432e-02 1.746145e+00 2.762120e+00
1.216216e-02 1.760000e+00 2.722000e+00
1.283783e-02 1.788178e+00 2.645315e+00
1.317567e-02 1.802799e+00 2.608911e+00
1.351351e-02 1.818000e+00 2.574000e+00
1.418918e-02 1.849913e+00 2.506857e+00
1.452702e-02 1.866661e+00 2.474817e+00
1.486486e-02 1.884000e+00 2.444000e+00
1.554054e-02 1.919482e+00 2.384779e+00
1.587838e-02 1.937905e+00 2.356424e+00
1.621622e-02 1.957000e+00 2.329000e+00
1.689190e-02 1.996735e+00 2.275601e+00
1.722973e-02 2.017503e+00 2.249872e+00
1.739865e-02 2.028152e+00 2.237315e+00
1.756757e-02 2.039000e+00 2.225000e+00
1.824324e-02 2.083438e+00 2.177255e+00
1.858108e-02 2.106402e+00 2.154290e+00
1.875000e-02 2.118113e+00 2.143056e+00
1.891892e-02 2.130000e+00 2.132000e+00
1.959459e-02 2.178424e+00 2.088546e+00
1.993243e-02 2.203369e+00 2.067468e+00
2.010135e-02 2.216086e+00 2.057146e+00
2.027027e-02 2.229000e+00 2.047000e+00
2.094595e-02 2.281931e+00 2.007562e+00
2.128378e-02 2.309172e+00 1.988527e+00
2.145270e-02 2.323009e+00 1.979197e+00
2.162162e-02 2.337000e+00 1.970000e+00
2.229730e-02 2.393658e+00 1.933786e+00
2.263513e-02 2.422562e+00 1.916165e+00
2.280405e-02 2.437204e+00 1.907516e+00
2.297297e-02 2.452000e+00 1.899000e+00
2.364864e-02 2.512099e+00 1.865768e+00
2.398648e-02 2.542783e+00 1.849677e+00
2.415540e-02 2.558317e+00 1.841783e+00
2.432432e-02 2.574000e+00 1.834000e+00
2.567568e-02 2.702418e+00 1.773826e+00
2.635135e-02 2.768803e+00 1.745274e+00
2.668919e-02 2.802651e+00 1.731461e+00
2.685811e-02 2.819759e+00 1.724684e+00
2.702703e-02 2.837000e+00 1.718000e+00
2.871622e-02 3.013020e+00 1.653818e+00
2.956082e-02 3.103822e+00 1.623638e+00
2.998311e-02 3.150081e+00 1.609110e+00
3.019426e-02 3.173452e+00 1.602000e+00
3.040541e-02 3.197000e+00 1.595000e+00
3.209460e-02 3.388665e+00 1.541013e+00
3.293919e-02 3.486865e+00 1.515438e+00
3.336148e-02 3.536668e+00 1.503064e+00
3.357263e-02 3.561764e+00 1.496992e+00
3.378378e-02 3.587000e+00 1.491000e+00
3.547297e-02 3.791398e+00 1.444501e+00
3.631756e-02 3.895437e+00 1.422311e+00
3.673986e-02 3.948009e+00 1.411534e+00
3.695101e-02 3.974449e+00 1.406235e+00
3.716216e-02 4.001000e+00 1.401000e+00
3.885135e-02 4.215372e+00 1.360224e+00
3.969594e-02 4.324052e+00 1.340722e+00
4.011824e-02 4.378850e+00 1.331251e+00
4.032939e-02 4.406378e+00 1.326596e+00
4.054054e-02 4.434000e+00 1.322000e+00
4.222973e-02 4.656824e+00 1.286370e+00
4.307432e-02 4.769452e+00 1.269360e+00
4.349662e-02 4.826104e+00 1.261092e+00
4.370777e-02 4.854521e+00 1.257023e+00
4.391892e-02 4.883000e+00 1.253000e+00
4.560811e-02 5.111844e+00 1.221658e+00
4.645270e-02 5.227070e+00 1.206586e+00
4.687500e-02 5.284936e+00 1.199227e+00
4.708615e-02 5.313941e+00 1.195596e+00
4.729730e-02 5.343000e+00 1.192000e+00
4.898649e-02 5.576553e+00 1.163782e+00
4.983108e-02 5.694022e+00 1.150162e+00
5.025338e-02 5.752945e+00 1.143515e+00
5.046453e-02 5.782455e+00 1.140240e+00
5.067568e-02 5.812000e+00 1.137000e+00
5.236486e-02 6.048956e+00 1.111832e+00
5.320946e-02 6.167827e+00 1.099733e+00
5.363175e-02 6.227373e+00 1.093818e+00
5.405405e-02 6.287000e+00 1.088000e+00
5.743243e-02 6.765935e+00 1.043143e+00
5.912162e-02 7.006273e+00 1.022015e+00
5.996622e-02 7.126602e+00 1.011852e+00
6.038851e-02 7.186795e+00 1.006885e+00
6.081081e-02 7.247000e+00 1.002000e+00
6.418919e-02 7.728991e+00 9.645047e-01
6.587838e-02 7.969747e+00 9.468618e-01
6.672297e-02 8.089961e+00 9.383618e-01
6.714527e-02 8.150006e+00 9.341996e-01
6.756757e-02 8.210000e+00 9.301000e-01
7.094594e-02 8.688797e+00 8.984034e-01
7.263513e-02 8.927291e+00 8.833654e-01
7.347973e-02 9.046256e+00 8.760902e-01
7.390202e-02 9.105657e+00 8.725205e-01
7.432432e-02 9.165000e+00 8.690000e-01
7.770270e-02 9.639579e+00 8.417345e-01
7.939189e-02 9.875638e+00 8.287514e-01
8.023648e-02 9.993092e+00 8.224529e-01
8.065878e-02 1.005163e+01 8.193572e-01
8.108108e-02 1.011000e+01 8.163000e-01
8.445946e-02 1.057379e+01 7.925183e-01
8.614865e-02 1.080306e+01 7.811411e-01
8.699324e-02 1.091686e+01 7.756100e-01
8.741554e-02 1.097352e+01 7.728888e-01
8.783784e-02 1.103000e+01 7.702000e-01
9.121622e-02 1.147826e+01 7.492839e-01
9.290540e-02 1.170003e+01 7.392608e-01
9.375000e-02 1.181026e+01 7.343802e-01
9.459459e-02 1.192000e+01 7.296000e-01
1.013513e-01 1.279157e+01 6.934618e-01
1.047297e-01 1.321979e+01 6.767942e-01
1.064189e-01 1.343110e+01 6.688546e-01
1.072635e-01 1.353589e+01 6.649904e-01
1.081081e-01 1.364000e+01 6.612000e-01
1.148648e-01 1.446012e+01 6.321550e-01
1.182432e-01 1.485972e+01 6.185523e-01
1.199324e-01 1.505618e+01 6.120236e-01
1.207770e-01 1.515345e+01 6.088347e-01
1.216216e-01 1.525000e+01 6.057000e-01
1.283784e-01 1.600885e+01 5.815961e-01
1.317567e-01 1.637845e+01 5.702549e-01
1.334459e-01 1.656033e+01 5.647970e-01
1.342905e-01 1.665046e+01 5.621272e-01
1.351351e-01 1.674000e+01 5.595000e-01
1.418918e-01 1.744703e+01 5.392760e-01
1.452702e-01 1.779233e+01 5.297176e-01
1.469594e-01 1.796227e+01 5.250992e-01
1.486486e-01 1.813000e+01 5.206000e-01
1.554054e-01 1.878816e+01 5.032356e-01
1.587838e-01 1.910802e+01 4.949876e-01
1.604730e-01 1.926511e+01 4.909942e-01
1.621622e-01 1.942000e+01 4.871000e-01
1.689190e-01 2.002659e+01 4.720862e-01
1.722973e-01 2.032157e+01 4.649464e-01
1.739865e-01 2.046667e+01 4.614835e-01
1.756757e-01 2.061000e+01 4.581000e-01
1.824324e-01 2.117543e+01 4.449955e-01
1.858108e-01 2.145110e+01 4.387307e-01
1.875000e-01 2.158654e+01 4.356834e-01
1.891892e-01 2.172000e+01 4.327000e-01
1.959460e-01 2.224022e+01 4.211171e-01
1.993243e-01 2.249274e+01 4.155619e-01
2.010135e-01 2.261704e+01 4.128545e-01
2.027027e-01 2.274000e+01 4.102000e-01
2.094594e-01 2.322743e+01 3.998672e-01
2.128378e-01 2.346628e+01 3.949000e-01
2.162162e-01 2.370000e+01 3.901000e-01
2.229730e-01 2.415436e+01 3.808438e-01
2.263513e-01 2.437472e+01 3.764011e-01
2.297297e-01 2.459000e+01 3.721000e-01
2.364865e-01 2.501238e+01 3.637445e-01
2.398648e-01 2.521841e+01 3.597123e-01
2.432432e-01 2.542000e+01 3.558000e-01
2.567567e-01 2.619669e+01 3.409200e-01
2.635135e-01 2.656593e+01 3.339684e-01
2.668919e-01 2.674502e+01 3.306326e-01
2.702703e-01 2.692000e+01 3.274000e-01
2.871622e-01 2.776142e+01 3.120905e-01
2.956082e-01 2.815967e+01 3.049838e-01
2.998311e-01 2.835226e+01 3.015856e-01
3.040541e-01 2.854000e+01 2.983000e-01
3.209460e-01 2.926487e+01 2.857561e-01
3.293919e-01 2.960968e+01 2.798730e-01
3.336148e-01 2.977682e+01 2.770446e-01
3.378378e-01 2.994000e+01 2.743000e-01
3.547297e-01 3.057022e+01 2.637772e-01
3.631757e-01 3.087084e+01 2.588170e-01
3.716216e-01 3.116000e+01 2.541000e-01
3.885135e-01 3.171771e+01 2.451415e-01
3.969594e-01 3.198405e+01 2.409212e-01
4.054054e-01 3.224000e+01 2.369000e-01
4.222973e-01 3.272985e+01 2.292207e-01
4.307433e-01 3.296382e+01 2.255820e-01
4.391892e-01 3.319000e+01 2.221000e-01
4.560811e-01 3.363121e+01 2.154278e-01
4.645270e-01 3.384409e+01 2.122518e-01
4.729730e-01 3.405000e+01 2.092000e-01
4.898649e-01 3.444671e+01 2.033241e-01
4.983108e-01 3.463665e+01 2.005126e-01
5.067568e-01 3.482000e+01 1.978000e-01
5.236486e-01 3.517423e+01 1.925486e-01
5.405405e-01 3.551000e+01 1.876000e-01
5.743243e-01 3.614414e+01 1.784819e-01
5.912162e-01 3.644028e+01 1.743060e-01
6.081081e-01 3.672000e+01 1.704000e-01
6.418919e-01 3.724798e+01 1.630220e-01
6.587838e-01 3.749528e+01 1.595698e-01
6.756757e-01 3.773000e+01 1.563000e-01
7.094594e-01 3.817861e+01 1.500839e-01
7.263513e-01 3.838985e+01 1.471651e-01
7.432432e-01 3.859000e+01 1.444000e-01
7.770270e-01 3.896695e+01 1.391799e-01
8.108108e-01 3.931000e+01 1.344000e-01
8.445946e-01 3.962960e+01 1.299336e-01
8.783784e-01 3.992000e+01 1.258000e-01
9.121622e-01 4.018766e+01 1.218646e-01
9.459459e-01 4.043000e+01 1.182000e-01
1.013513e+00 4.086679e+01 1.115671e-01
1.081081e+00 4.123000e+01 1.058000e-01
1.148648e+00 4.153736e+01 1.005203e-01
1.216216e+00 4.178000e+01 9.581000e-02
1.351351e+00 4.212000e+01 8.768000e-02
1.486486e+00 4.231000e+01 8.090000e-02
1.621622e+00 4.237000e+01 7.515000e-02
1.756757e+00 4.234000e+01 7.022000e-02
1.891892e+00 4.221000e+01 6.593000e-02
2.027027e+00 4.209000e+01 6.217000e-02
2.162162e+00 4.204000e+01 5.884000e-02
2.297297e+00 4.175000e+01 5.586000e-02
2.364864e+00 4.153981e+01 5.448630e-02
2.432432e+00 4.132000e+01 5.320000e-02
2.567568e+00 4.099290e+01 5.078321e-02
2.702703e+00 4.073000e+01 4.860000e-02
2.871622e+00 4.032957e+01 4.611728e-02
2.956082e+00 4.010881e+01 4.498132e-02
3.040541e+00 3.988000e+01 4.392000e-02
3.209460e+00 3.942934e+01 4.191622e-02
3.293919e+00 3.920509e+01 4.098151e-02
3.378378e+00 3.898000e+01 4.010000e-02
3.547297e+00 3.852183e+01 3.843987e-02
3.631757e+00 3.829088e+01 3.766438e-02
3.716216e+00 3.806000e+01 3.693000e-02
3.885135e+00 3.760206e+01 3.553344e-02
3.969594e+00 3.737521e+01 3.487572e-02
4.054054e+00 3.715000e+01 3.425000e-02
4.222973e+00 3.670177e+01 3.306026e-02
4.307432e+00 3.647978e+01 3.249793e-02
4.391892e+00 3.626000e+01 3.196000e-02
4.560811e+00 3.582511e+01 3.092478e-02
4.645271e+00 3.561102e+01 3.043201e-02
4.729730e+00 3.540000e+01 2.996000e-02
4.898649e+00 3.498449e+01 2.905899e-02
4.983109e+00 3.478064e+01 2.863107e-02
5.067568e+00 3.458000e+01 2.822000e-02
5.236486e+00 3.418477e+01 2.742659e-02
5.320946e+00 3.399084e+01 2.704653e-02
5.405405e+00 3.380000e+01 2.668000e-02
5.743243e+00 3.305542e+01 2.530097e-02
5.912162e+00 3.269681e+01 2.466505e-02
5.996621e+00 3.252175e+01 2.436211e-02
6.081081e+00 3.235000e+01 2.407000e-02
6.418919e+00 3.168256e+01 2.295840e-02
6.587838e+00 3.136135e+01 2.243951e-02
6.756757e+00 3.105000e+01 2.195000e-02
7.094595e+00 3.044557e+01 2.102775e-02
7.263513e+00 3.015369e+01 2.059720e-02
7.432432e+00 2.987000e+01 2.019000e-02
7.770270e+00 2.931690e+01 1.941827e-02
7.939189e+00 2.904951e+01 1.905538e-02
8.108108e+00 2.879000e+01 1.871000e-02
8.445946e+00 2.828837e+01 1.805044e-02
8.614865e+00 2.804615e+01 1.773826e-02
8.783784e+00 2.781000e+01 1.744000e-02
9.121621e+00 2.734655e+01 1.686991e-02
9.290540e+00 2.712069e+01 1.659932e-02
9.459459e+00 2.690000e+01 1.634000e-02
1.013513e+01 2.605540e+01 1.537136e-02
1.047297e+01 2.565492e+01 1.492945e-02
1.064189e+01 2.546047e+01 1.472042e-02
1.081081e+01 2.527000e+01 1.452000e-02
1.148649e+01 2.452526e+01 1.376539e-02
1.182432e+01 2.416646e+01 1.341682e-02
1.199324e+01 2.399147e+01 1.325054e-02
1.216216e+01 2.382000e+01 1.309000e-02
1.283784e+01 2.315647e+01 1.247662e-02
1.317567e+01 2.283818e+01 1.218994e-02
1.334459e+01 2.268277e+01 1.205266e-02
1.351351e+01 2.253000e+01 1.192000e-02
1.418919e+01 2.193181e+01 1.141756e-02
1.452702e+01 2.164195e+01 1.118279e-02
1.469594e+01 2.149988e+01 1.106985e-02
1.486486e+01 2.136000e+01 1.096000e-02
1.554054e+01 2.081342e+01 1.053429e-02
1.587838e+01 2.054843e+01 1.033225e-02
1.604730e+01 2.041833e+01 1.023473e-02
1.621622e+01 2.029000e+01 1.014000e-02
1.689189e+01 1.978399e+01 9.779112e-03
1.722973e+01 1.953829e+01 9.609213e-03
1.739865e+01 1.941805e+01 9.527110e-03
1.756757e+01 1.930000e+01 9.447000e-03
1.824325e+01 1.884325e+01 9.135719e-03
1.858108e+01 1.862357e+01 8.986885e-03
1.875000e+01 1.851601e+01 8.914606e-03
1.891892e+01 1.841000e+01 8.844000e-03
1.959459e+01 1.799136e+01 8.571544e-03
1.993243e+01 1.778774e+01 8.441734e-03
2.010135e+01 1.768799e+01 8.378683e-03
2.027027e+01 1.759000e+01 8.317000e-03
2.094595e+01 1.720913e+01 8.077451e-03
2.128378e+01 1.702637e+01 7.962649e-03
2.145270e+01 1.693730e+01 7.906752e-03
2.162162e+01 1.685000e+01 7.852000e-03
2.229729e+01 1.651049e+01 7.639463e-03
2.263513e+01 1.634745e+01 7.537491e-03
2.297297e+01 1.619000e+01 7.439000e-03
2.364865e+01 1.588505e+01 7.248681e-03
2.398648e+01 1.573943e+01 7.157316e-03
2.432432e+01 1.560000e+01 7.069000e-03
2.567567e+01 1.508692e+01 6.735057e-03
2.635135e+01 1.485791e+01 6.579977e-03
2.668919e+01 1.475115e+01 6.505779e-03
2.702703e+01 1.465000e+01 6.434000e-03
2.871622e+01 1.421219e+01 6.094262e-03
2.956081e+01 1.401200e+01 5.937098e-03
2.998311e+01 1.391225e+01 5.862192e-03
3.040541e+01 1.381000e+01 5.790000e-03
3.209459e+01 1.334176e+01 5.516335e-03
3.293919e+01 1.309380e+01 5.388988e-03
3.336148e+01 1.297042e+01 5.328011e-03
3.378378e+01 1.285000e+01 5.269000e-03
3.547297e+01 1.241398e+01 5.043378e-03
3.631757e+01 1.221657e+01 4.937427e-03
3.673986e+01 1.212216e+01 4.886464e-03
3.716216e+01 1.203000e+01 4.837000e-03
3.885135e+01 1.166171e+01 4.647377e-03
3.969594e+01 1.148246e+01 4.557998e-03
4.011824e+01 1.139514e+01 4.514903e-03
4.054054e+01 1.131000e+01 4.473000e-03
4.222973e+01 1.098672e+01 4.312050e-03
4.307433e+01 1.083489e+01 4.235843e-03
4.349662e+01 1.076156e+01 4.198969e-03
4.391892e+01 1.069000e+01 4.163000e-03
4.560811e+01 1.041251e+01 4.023812e-03
4.645270e+01 1.027918e+01 3.957515e-03
4.687500e+01 1.021404e+01 3.925372e-03
4.729730e+01 1.015000e+01 3.894000e-03
4.898649e+01 9.898585e+00 3.773031e-03
4.983109e+01 9.777191e+00 3.715402e-03
5.025338e+01 9.717981e+00 3.687403e-03
5.067568e+01 9.660000e+00 3.660000e-03
5.236486e+01 9.436179e+00 3.553429e-03
5.320946e+01 9.329204e+00 3.502296e-03
5.363175e+01 9.277100e+00 3.477391e-03
5.405405e+01 9.226000e+00 3.453000e-03
5.743243e+01 8.836053e+00 3.268949e-03
5.912162e+01 8.654267e+00 3.184213e-03
5.996621e+01 8.567210e+00 3.143877e-03
6.081081e+01 8.483000e+00 3.105000e-03
6.418919e+01 8.161806e+00 2.957048e-03
6.587838e+01 8.011362e+00 2.888032e-03
6.672297e+01 7.939089e+00 2.854976e-03
6.756757e+01 7.869000e+00 2.823000e-03
7.094594e+01 7.600619e+00 2.701125e-03
7.263513e+01 7.474209e+00 2.644044e-03
7.347973e+01 7.413266e+00 2.616614e-03
7.432432e+01 7.354000e+00 2.590000e-03
7.770270e+01 7.126044e+00 2.487981e-03
7.939189e+01 7.018090e+00 2.439847e-03
8.023648e+01 6.965883e+00 2.416615e-03
8.108108e+01 6.915000e+00 2.394000e-03
8.445946e+01 6.719327e+00 2.306777e-03
8.614865e+01 6.626029e+00 2.265434e-03
8.699325e+01 6.580594e+00 2.245453e-03
8.783784e+01 6.536000e+00 2.226000e-03
9.121622e+01 6.361000e+00 2.151319e-03
9.290540e+01 6.276529e+00 2.115912e-03
9.375000e+01 6.235333e+00 2.098756e-03
9.459459e+01 6.195000e+00 2.082000e-03
1.013513e+02 5.892819e+00 1.955617e-03
1.047297e+02 5.754973e+00 1.897718e-03
1.064189e+02 5.689693e+00 1.870296e-03
1.072635e+02 5.658014e+00 1.857001e-03
1.081081e+02 5.627000e+00 1.844000e-03
1.148648e+02 5.389991e+00 1.745323e-03
1.182432e+02 5.279628e+00 1.699690e-03
1.199324e+02 5.226888e+00 1.677948e-03
1.216216e+02 5.176000e+00 1.657000e-03
1.351351e+02 4.809000e+00 1.506000e-03
