1.818182e-03 8.261000e-01 3.867000e+00
2.000000e-03 8.665000e-01 3.787000e+00
2.090909e-03 8.894650e-01 3.747625e+00
2.136364e-03 9.011649e-01 3.728196e+00
2.159091e-03 9.069751e-01 3.718565e+00
2.181818e-03 9.127000e-01 3.709000e+00
2.272727e-03 9.344292e-01 3.671110e+00
2.318182e-03 9.447877e-01 3.652437e+00
2.340909e-03 9.498677e-01 3.643186e+00
2.363636e-03 9.549000e-01 3.634000e+00
2.454545e-03 9.750953e-01 3.597674e+00
2.500000e-03 9.851156e-01 3.579751e+00
2.522728e-03 9.900806e-01 3.570853e+00
2.545455e-03 9.950000e-01 3.562000e+00
2.636364e-03 1.014249e+00 3.526708e+00
2.681819e-03 1.023677e+00 3.509247e+00
2.727273e-03 1.033000e+00 3.492000e+00
2.818182e-03 1.051661e+00 3.458064e+00
2.863636e-03 1.060898e+00 3.441409e+00
2.909091e-03 1.070000e+00 3.425000e+00
3.000000e-03 1.087801e+00 3.392608e+00
3.045455e-03 1.096484e+00 3.376686e+00
3.090909e-03 1.105000e+00 3.361000e+00
3.181818e-03 1.121743e+00 3.330146e+00
3.227273e-03 1.129943e+00 3.314979e+00
3.272727e-03 1.138000e+00 3.300000e+00
3.454546e-03 1.169337e+00 3.240915e+00
3.545455e-03 1.184410e+00 3.212105e+00
3.590909e-03 1.191771e+00 3.197950e+00
3.636364e-03 1.199000e+00 3.184000e+00
3.863636e-03 1.234080e+00 3.116284e+00
3.977273e-03 1.250859e+00 3.083677e+00
4.034091e-03 1.259017e+00 3.067717e+00
4.090909e-03 1.267000e+00 3.052000e+00
4.318182e-03 1.297836e+00 2.990190e+00
4.431819e-03 1.312636e+00 2.960176e+00
4.488637e-03 1.319873e+00 2.945467e+00
4.545455e-03 1.327000e+00 2.931000e+00
4.772728e-03 1.355076e+00 2.874607e+00
4.886364e-03 1.368726e+00 2.847400e+00
5.000000e-03 1.382000e+00 2.821000e+00
5.227272e-03 1.407574e+00 2.769862e+00
5.340909e-03 1.419926e+00 2.745130e+00
5.454545e-03 1.432000e+00 2.721000e+00
5.681818e-03 1.455849e+00 2.673560e+00
5.795454e-03 1.467538e+00 2.650477e+00
5.909091e-03 1.479000e+00 2.628000e+00
6.136364e-03 1.501356e+00 2.584512e+00
6.250000e-03 1.512268e+00 2.563496e+00
6.363636e-03 1.523000e+00 2.543000e+00
6.590909e-03 1.544241e+00 2.502814e+00
6.704545e-03 1.554697e+00 2.483207e+00
6.818182e-03 1.565000e+00 2.464000e+00
7.045454e-03 1.585202e+00 2.426300e+00
7.159091e-03 1.595145e+00 2.407934e+00
7.272727e-03 1.605000e+00 2.390000e+00
7.727273e-03 1.644235e+00 2.321508e+00
7.954545e-03 1.663694e+00 2.289103e+00
8.068182e-03 1.673369e+00 2.273385e+00
8.181818e-03 1.683000e+00 2.258000e+00
8.636364e-03 1.721265e+00 2.197824e+00
8.863636e-03 1.740212e+00 2.168879e+00
8.977273e-03 1.749628e+00 2.154786e+00
9.090909e-03 1.759000e+00 2.141000e+00
9.545454e-03 1.796196e+00 2.087831e+00
9.772727e-03 1.814645e+00 2.062456e+00
9.886364e-03 1.823834e+00 2.050107e+00
1.000000e-02 1.833000e+00 2.038000e+00
1.045454e-02 1.869429e+00 1.990732e+00
1.068182e-02 1.887658e+00 1.967977e+00
1.090909e-02 1.906000e+00 1.946000e+00
1.136364e-02 1.943234e+00 1.903824e+00
1.159091e-02 1.962062e+00 1.883607e+00
1.181818e-02 1.981000e+00 1.864000e+00
1.227272e-02 2.018866e+00 1.825659e+00
1.250000e-02 2.037878e+00 1.807071e+00
1.272727e-02 2.057000e+00 1.789000e+00
1.363636e-02 2.134466e+00 1.720361e+00
1.409091e-02 2.173919e+00 1.688309e+00
1.431818e-02 2.193872e+00 1.672922e+00
1.454545e-02 2.214000e+00 1.658000e+00
1.545455e-02 2.295356e+00 1.600802e+00
1.590909e-02 2.336803e+00 1.573783e+00
1.613637e-02 2.357792e+00 1.560726e+00
1.636364e-02 2.379000e+00 1.548000e+00
1.727273e-02 2.465164e+00 1.498781e+00
1.772728e-02 2.509185e+00 1.475376e+00
1.795455e-02 2.531482e+00 1.464045e+00
1.818182e-02 2.554000e+00 1.453000e+00
1.909091e-02 2.645348e+00 1.410520e+00
1.954546e-02 2.691847e+00 1.390346e+00
1.977273e-02 2.715335e+00 1.380563e+00
2.000000e-02 2.739000e+00 1.371000e+00
2.090909e-02 2.834572e+00 1.333898e+00
2.136363e-02 2.883009e+00 1.316128e+00
2.159091e-02 2.907427e+00 1.307476e+00
2.181818e-02 2.932000e+00 1.299000e+00
2.272727e-02 3.031109e+00 1.266055e+00
2.318182e-02 3.081282e+00 1.250248e+00
2.340909e-02 3.106564e+00 1.242547e+00
2.363636e-02 3.132000e+00 1.235000e+00
2.454546e-02 3.234713e+00 1.205674e+00
2.500000e-02 3.286645e+00 1.191596e+00
2.522728e-02 3.312767e+00 1.184732e+00
2.545455e-02 3.339000e+00 1.178000e+00
2.636364e-02 3.444348e+00 1.151806e+00
2.681819e-02 3.497453e+00 1.139201e+00
2.704546e-02 3.524161e+00 1.133046e+00
2.727273e-02 3.551000e+00 1.127000e+00
2.818182e-02 3.659362e+00 1.103492e+00
2.863637e-02 3.714035e+00 1.092114e+00
2.886364e-02 3.741484e+00 1.086524e+00
2.909091e-02 3.769000e+00 1.081000e+00
3.000000e-02 3.879202e+00 1.059057e+00
3.045454e-02 3.934493e+00 1.048363e+00
3.068182e-02 3.962214e+00 1.043130e+00
3.090909e-02 3.990000e+00 1.038000e+00
3.181818e-02 4.101575e+00 1.018283e+00
3.227273e-02 4.157661e+00 1.008850e+00
3.250000e-02 4.185795e+00 1.004240e+00
3.272727e-02 4.214000e+00 9.997000e-01
3.454546e-02 4.441317e+00 9.643500e-01
3.545455e-02 4.555881e+00 9.474987e-01
3.590909e-02 4.613376e+00 9.393417e-01
3.613637e-02 4.642173e+00 9.353415e-01
3.636364e-02 4.671000e+00 9.314000e-01
3.863637e-02 4.959904e+00 8.937902e-01
3.977273e-02 5.104786e+00 8.762187e-01
4.034091e-02 5.177349e+00 8.677824e-01
4.062500e-02 5.213663e+00 8.636582e-01
4.090909e-02 5.250000e+00 8.596000e-01
4.318182e-02 5.541315e+00 8.282604e-01
4.431819e-02 5.687161e+00 8.134292e-01
4.488637e-02 5.760091e+00 8.062677e-01
4.517046e-02 5.796550e+00 8.027580e-01
4.545455e-02 5.833000e+00 7.993000e-01
4.772727e-02 6.124349e+00 7.725876e-01
4.886364e-02 6.269788e+00 7.599152e-01
4.943182e-02 6.342427e+00 7.537815e-01
4.971591e-02 6.378722e+00 7.507707e-01
5.000000e-02 6.415000e+00 7.478000e-01
5.227273e-02 6.705110e+00 7.247454e-01
5.340909e-02 6.849796e+00 7.137496e-01
5.397727e-02 6.921974e+00 7.084131e-01
5.426136e-02 6.958009e+00 7.057901e-01
5.454545e-02 6.994000e+00 7.032000e-01
5.681818e-02 7.281084e+00 6.830749e-01
5.795455e-02 7.423886e+00 6.734536e-01
5.852273e-02 7.495042e+00 6.687761e-01
5.909091e-02 7.566000e+00 6.642000e-01
6.136363e-02 7.848683e+00 6.464667e-01
6.250000e-02 7.989197e+00 6.379795e-01
6.306818e-02 8.059197e+00 6.338479e-01
6.363636e-02 8.129000e+00 6.298000e-01
6.590909e-02 8.407266e+00 6.140676e-01
6.704546e-02 8.545547e+00 6.065086e-01
6.761364e-02 8.614394e+00 6.028202e-01
6.818182e-02 8.683000e+00 5.992000e-01
7.045455e-02 8.955977e+00 5.850865e-01
7.159091e-02 9.091432e+00 5.782853e-01
7.215909e-02 9.158841e+00 5.749626e-01
7.272727e-02 9.226000e+00 5.717000e-01
7.727273e-02 9.759683e+00 5.468704e-01
7.954545e-02 1.002217e+01 5.353074e-01
8.068182e-02 1.015179e+01 5.297664e-01
8.125000e-02 1.021609e+01 5.270606e-01
8.181818e-02 1.028000e+01 5.244000e-01
8.636363e-02 1.078214e+01 5.038815e-01
8.863636e-02 1.102786e+01 4.941982e-01
8.977273e-02 1.114937e+01 4.895319e-01
9.034091e-02 1.120980e+01 4.872480e-01
9.090909e-02 1.127000e+01 4.850000e-01
9.545455e-02 1.174980e+01 4.676910e-01
9.772727e-02 1.198667e+01 4.595078e-01
9.886364e-02 1.210388e+01 4.555531e-01
1.000000e-01 1.222000e+01 4.517000e-01
1.045455e-01 1.267700e+01 4.368226e-01
1.068182e-01 1.290052e+01 4.297558e-01
1.079545e-01 1.301081e+01 4.263349e-01
1.090909e-01 1.312000e+01 4.230000e-01
1.136363e-01 1.355124e+01 4.101658e-01
1.159091e-01 1.376255e+01 4.040624e-01
1.170454e-01 1.386683e+01 4.010992e-01
1.181818e-01 1.397000e+01 3.982000e-01
1.227272e-01 1.437625e+01 3.869210e-01
1.250000e-01 1.457496e+01 3.815111e-01
1.261363e-01 1.467299e+01 3.788776e-01
1.272727e-01 1.477000e+01 3.763000e-01
1.363636e-01 1.552632e+01 3.569099e-01
1.409090e-01 1.588951e+01 3.480094e-01
1.431818e-01 1.606652e+01 3.437773e-01
1.443181e-01 1.615373e+01 3.417188e-01
1.454545e-01 1.624000e+01 3.397000e-01
1.545454e-01 1.691343e+01 3.242024e-01
1.590909e-01 1.723724e+01 3.169444e-01
1.613637e-01 1.739516e+01 3.134650e-01
1.636364e-01 1.755000e+01 3.101000e-01
1.727273e-01 1.815228e+01 2.973230e-01
1.772728e-01 1.844129e+01 2.913527e-01
1.795455e-01 1.858208e+01 2.884844e-01
1.818182e-01 1.872000e+01 2.857000e-01
1.909091e-01 1.925477e+01 2.749828e-01
1.954546e-01 1.951152e+01 2.699180e-01
1.977273e-01 1.963686e+01 2.674748e-01
2.000000e-01 1.976000e+01 2.651000e-01
2.090909e-01 2.024279e+01 2.560045e-01
2.136364e-01 2.047554e+01 2.517066e-01
2.159091e-01 2.058898e+01 2.496279e-01
2.181818e-01 2.070000e+01 2.476000e-01
2.272727e-01 2.112728e+01 2.397448e-01
2.318182e-01 2.133175e+01 2.359968e-01
2.363636e-01 2.153000e+01 2.324000e-01
2.454545e-01 2.191850e+01 2.255141e-01
2.500000e-01 2.210693e+01 2.222410e-01
2.545455e-01 2.229000e+01 2.191000e-01
2.636364e-01 2.264466e+01 2.130670e-01
2.681818e-01 2.281514e+01 2.101833e-01
2.727273e-01 2.298000e+01 2.074000e-01
2.818182e-01 2.329805e+01 2.019959e-01
2.863636e-01 2.345117e+01 1.994010e-01
2.909091e-01 2.360000e+01 1.969000e-01
3.000000e-01 2.389129e+01 1.921120e-01
3.045454e-01 2.403259e+01 1.898207e-01
3.090909e-01 2.417000e+01 1.876000e-01
3.181818e-01 2.443638e+01 1.832505e-01
3.227273e-01 2.456498e+01 1.811436e-01
3.272727e-01 2.469000e+01 1.791000e-01
3.454546e-01 2.516934e+01 1.714149e-01
3.545455e-01 2.539526e+01 1.678551e-01
3.636364e-01 2.561000e+01 1.645000e-01
3.863637e-01 2.611403e+01 1.566029e-01
3.977273e-01 2.634843e+01 1.529401e-01
4.090909e-01 2.657000e+01 1.495000e-01
4.318182e-01 2.699266e+01 1.430425e-01
4.431818e-01 2.719153e+01 1.400372e-01
4.545455e-01 2.738000e+01 1.372000e-01
4.772728e-01 2.773549e+01 1.318251e-01
4.886364e-01 2.790196e+01 1.293002e-01
5.000000e-01 2.806000e+01 1.269000e-01
5.227272e-01 2.836152e+01 1.223186e-01
5.454545e-01 2.864000e+01 1.181000e-01
5.681818e-01 2.890060e+01 1.141928e-01
5.909091e-01 2.914000e+01 1.106000e-01
6.136363e-01 2.936340e+01 1.071835e-01
6.363636e-01 2.957000e+01 1.040000e-01
6.590909e-01 2.976749e+01 1.010103e-01
6.818182e-01 2.995000e+01 9.823000e-02
7.045455e-01 3.011739e+01 9.558332e-02
7.272727e-01 3.027000e+01 9.310000e-02
7.727272e-01 3.055318e+01 8.849272e-02
8.181818e-01 3.080000e+01 8.439000e-02
8.636363e-01 3.101708e+01 8.063854e-02
9.090909e-01 3.120000e+01 7.727000e-02
1.000000e+00 3.149000e+01 7.133000e-02
1.090909e+00 3.169000e+01 6.629000e-02
1.181818e+00 3.182000e+01 6.196000e-02
1.272727e+00 3.189000e+01 5.819000e-02
1.454545e+00 3.188000e+01 5.196000e-02
1.636364e+00 3.172000e+01 4.700000e-02
1.818182e+00 3.145000e+01 4.296000e-02
1.909091e+00 3.127050e+01 4.118575e-02
2.000000e+00 3.110000e+01 3.959000e-02
2.181818e+00 3.089000e+01 3.674000e-02
2.272727e+00 3.064875e+01 3.546525e-02
2.363636e+00 3.037000e+01 3.430000e-02
2.454546e+00 3.012798e+01 3.320074e-02
2.545455e+00 2.991000e+01 3.218000e-02
2.636364e+00 2.969507e+01 3.121644e-02
2.727273e+00 2.948000e+01 3.032000e-02
2.818182e+00 2.926237e+01 2.947277e-02
2.909091e+00 2.904000e+01 2.868000e-02
3.000000e+00 2.881088e+01 2.792227e-02
3.090909e+00 2.858000e+01 2.721000e-02
3.181818e+00 2.835348e+01 2.653442e-02
3.272727e+00 2.813000e+01 2.590000e-02
3.454546e+00 2.768307e+01 2.471183e-02
3.545455e+00 2.746075e+01 2.416006e-02
3.636364e+00 2.724000e+01 2.364000e-02
3.863637e+00 2.669262e+01 2.242016e-02
3.977273e+00 2.642376e+01 2.185692e-02
4.090909e+00 2.616000e+01 2.133000e-02
4.318182e+00 2.564500e+01 2.034529e-02
4.431819e+00 2.539465e+01 1.988914e-02
4.545455e+00 2.515000e+01 1.946000e-02
4.772728e+00 2.467080e+01 1.864918e-02
4.886364e+00 2.443764e+01 1.826963e-02
5.000000e+00 2.421000e+01 1.791000e-02
5.227272e+00 2.376556e+01 1.722768e-02
5.340909e+00 2.354999e+01 1.690632e-02
5.454545e+00 2.334000e+01 1.660000e-02
5.681818e+00 2.293126e+01 1.601309e-02
5.795454e+00 2.273316e+01 1.573513e-02
5.909091e+00 2.254000e+01 1.547000e-02
6.136363e+00 2.216279e+01 1.496618e-02
6.250000e+00 2.197935e+01 1.472801e-02
6.363636e+00 2.180000e+01 1.450000e-02
6.590909e+00 2.144782e+01 1.406162e-02
6.704546e+00 2.127663e+01 1.385208e-02
6.818182e+00 2.111000e+01 1.365000e-02
7.045454e+00 2.078770e+01 1.325851e-02
7.159091e+00 2.063193e+01 1.307079e-02
7.272727e+00 2.048000e+01 1.289000e-02
7.727272e+00 1.989119e+01 1.221614e-02
7.954545e+00 1.961002e+01 1.190777e-02
8.068182e+00 1.947347e+01 1.176123e-02
8.181818e+00 1.934000e+01 1.162000e-02
8.636363e+00 1.882403e+01 1.108065e-02
8.863636e+00 1.857750e+01 1.082824e-02
8.977273e+00 1.845754e+01 1.070718e-02
9.090909e+00 1.834000e+01 1.059000e-02
9.545454e+00 1.788207e+01 1.014353e-02
9.772727e+00 1.766211e+01 9.934315e-03
9.886364e+00 1.755496e+01 9.833700e-03
1.000000e+01 1.745000e+01 9.736000e-03
1.045454e+01 1.704450e+01 9.360466e-03
1.068182e+01 1.684959e+01 9.183007e-03
1.079545e+01 1.675413e+01 9.097346e-03
1.090909e+01 1.666000e+01 9.014000e-03
1.136364e+01 1.628766e+01 8.693638e-03
1.159091e+01 1.610628e+01 8.541935e-03
1.170454e+01 1.601737e+01 8.468552e-03
1.181818e+01 1.593000e+01 8.397000e-03
1.227273e+01 1.559153e+01 8.120712e-03
1.250000e+01 1.542853e+01 7.989161e-03
1.261363e+01 1.534869e+01 7.925340e-03
1.272727e+01 1.527000e+01 7.863000e-03
1.363636e+01 1.465914e+01 7.394977e-03
1.409090e+01 1.436828e+01 7.181266e-03
1.431818e+01 1.422738e+01 7.080089e-03
1.454545e+01 1.409000e+01 6.983000e-03
1.545454e+01 1.356127e+01 6.616275e-03
1.590909e+01 1.331032e+01 6.446715e-03
1.613637e+01 1.318872e+01 6.365901e-03
1.636364e+01 1.307000e+01 6.288000e-03
1.727273e+01 1.261015e+01 5.992409e-03
1.772727e+01 1.239069e+01 5.854748e-03
1.795455e+01 1.228413e+01 5.788815e-03
1.818182e+01 1.218000e+01 5.725000e-03
1.909091e+01 1.177609e+01 5.481103e-03
1.954546e+01 1.158377e+01 5.366580e-03
1.977273e+01 1.149068e+01 5.311485e-03
2.000000e+01 1.140000e+01 5.258000e-03
2.090909e+01 1.105135e+01 5.052838e-03
2.136364e+01 1.088667e+01 4.956069e-03
2.159091e+01 1.080723e+01 4.909395e-03
2.181818e+01 1.073000e+01 4.864000e-03
2.272727e+01 1.043329e+01 4.689485e-03
2.318182e+01 1.029323e+01 4.606874e-03
2.340909e+01 1.022568e+01 4.566930e-03
2.363636e+01 1.016000e+01 4.528000e-03
2.454546e+01 9.906191e+00 4.377934e-03
2.500000e+01 9.786957e+00 4.306533e-03
2.522728e+01 9.729924e+00 4.271880e-03
2.545455e+01 9.675000e+00 4.238000e-03
2.636364e+01 9.468257e+00 4.106428e-03
2.681818e+01 9.373579e+00 4.043491e-03
2.727273e+01 9.286000e+00 3.983000e-03
2.818182e+01 9.129835e+00 3.867192e-03
2.863637e+01 9.056967e+00 3.812050e-03
2.909091e+01 8.985000e+00 3.759000e-03
3.000000e+01 8.835579e+00 3.656538e-03
3.045454e+01 8.757323e+00 3.607417e-03
3.090909e+01 8.676000e+00 3.560000e-03
3.181818e+01 8.503293e+00 3.468433e-03
3.227272e+01 8.415206e+00 3.424486e-03
3.250000e+01 8.371348e+00 3.403044e-03
3.272727e+01 8.328000e+00 3.382000e-03
3.454545e+01 8.005442e+00 3.221395e-03
3.545455e+01 7.857809e+00 3.146522e-03
3.590909e+01 7.787333e+00 3.110670e-03
3.636364e+01 7.719000e+00 3.076000e-03
3.863636e+01 7.389308e+00 2.912716e-03
3.977273e+01 7.233925e+00 2.837437e-03
4.034091e+01 7.159264e+00 2.801578e-03
4.062500e+01 7.122808e+00 2.784123e-03
4.090909e+01 7.087000e+00 2.767000e-03
4.318182e+01 6.813399e+00 2.635580e-03
4.431818e+01 6.685313e+00 2.574038e-03
4.488637e+01 6.623751e+00 2.544534e-03
4.545455e+01 6.564000e+00 2.516000e-03
4.772727e+01 6.334546e+00 2.407633e-03
4.886364e+01 6.226186e+00 2.356979e-03
4.943182e+01 6.173887e+00 2.332636e-03
5.000000e+01 6.123000e+00 2.309000e-03
5.227273e+01 5.927279e+00 2.217996e-03
5.340909e+01 5.834568e+00 2.174962e-03
5.397727e+01 5.789722e+00 2.154195e-03
5.454545e+01 5.746000e+00 2.134000e-03
5.681818e+01 5.577196e+00 2.056504e-03
5.795454e+01 5.496908e+00 2.019896e-03
5.852273e+01 5.457991e+00 2.002217e-03
5.909091e+01 5.420000e+00 1.985000e-03
6.136364e+01 5.273498e+00 1.918753e-03
6.250000e+01 5.203526e+00 1.887253e-03
6.306818e+01 5.169442e+00 1.871961e-03
6.363636e+01 5.136000e+00 1.857000e-03
6.590909e+01 5.005389e+00 1.798739e-03
6.704546e+01 4.942277e+00 1.770826e-03
6.761364e+01 4.911385e+00 1.757259e-03
6.818182e+01 4.881000e+00 1.744000e-03
7.045454e+01 4.762007e+00 1.692858e-03
7.159091e+01 4.704560e+00 1.668468e-03
7.215909e+01 4.676508e+00 1.656610e-03
7.272727e+01 4.649000e+00 1.645000e-03
7.727273e+01 4.441380e+00 1.556829e-03
7.954545e+01 4.345660e+00 1.516074e-03
8.068182e+01 4.300034e+00 1.496673e-03
8.125000e+01 4.277812e+00 1.487241e-03
8.181818e+01 4.256000e+00 1.478000e-03
8.636364e+01 4.088207e+00 1.407685e-03
8.863636e+01 4.009426e+00 1.374926e-03
8.977273e+01 3.971608e+00 1.359220e-03
9.090909e+01 3.935000e+00 1.344000e-03
9.545454e+01 3.795820e+00 1.285573e-03
9.772727e+01 3.730702e+00 1.258069e-03
9.886364e+01 3.699398e+00 1.244836e-03
1.000000e+02 3.669000e+00 1.232000e-03
1.045455e+02 3.552068e+00 1.182958e-03
1.068182e+02 3.496745e+00 1.159903e-03
1.079545e+02 3.470020e+00 1.148797e-03
1.090909e+02 3.444000e+00 1.138000e-03
1.136363e+02 3.343845e+00 1.096441e-03
1.159091e+02 3.296369e+00 1.076766e-03
1.170454e+02 3.273398e+00 1.067259e-03
1.181818e+02 3.251000e+00 1.058000e-03
1.227272e+02 3.164547e+00 1.022395e-03
1.250000e+02 3.123415e+00 1.005493e-03
1.261363e+02 3.103472e+00 9.973010e-04
1.272727e+02 3.084000e+00 9.893000e-04
1.363636e+02 2.938162e+00 9.290463e-04
1.409090e+02 2.871678e+00 9.014757e-04
1.431818e+02 2.840209e+00 8.884207e-04
1.443181e+02 2.824942e+00 8.820907e-04
1.454545e+02 2.810000e+00 8.759000e-04
1.545455e+02 2.695825e+00 8.288661e-04
1.590909e+02 2.642738e+00 8.070895e-04
1.613637e+02 2.617406e+00 7.967072e-04
1.636364e+02 2.593000e+00 7.867000e-04
1.818182e+02 2.418000e+00 7.145000e-04
