2.500000e-03 1.260000e+00 2.329000e+00
2.750000e-03 1.345000e+00 2.271000e+00
2.875000e-03 1.384975e+00 2.243125e+00
2.937500e-03 1.404246e+00 2.229471e+00
2.968750e-03 1.413689e+00 2.222713e+00
3.000000e-03 1.423000e+00 2.216000e+00
3.125000e-03 1.459643e+00 2.189225e+00
3.187500e-03 1.477517e+00 2.176008e+00
3.218750e-03 1.486313e+00 2.169471e+00
3.250000e-03 1.495000e+00 2.163000e+00
3.375000e-03 1.529026e+00 2.137575e+00
3.437500e-03 1.545647e+00 2.125166e+00
3.468750e-03 1.553857e+00 2.119050e+00
3.500000e-03 1.562000e+00 2.113000e+00
3.625000e-03 1.594337e+00 2.089245e+00
3.687500e-03 1.610280e+00 2.077569e+00
3.750000e-03 1.626000e+00 2.066000e+00
3.875000e-03 1.656922e+00 2.042778e+00
3.937500e-03 1.672083e+00 2.031290e+00
4.000000e-03 1.687000e+00 2.020000e+00
4.125000e-03 1.716334e+00 1.998105e+00
4.187500e-03 1.730754e+00 1.987458e+00
4.250000e-03 1.745000e+00 1.977000e+00
4.375000e-03 1.773293e+00 1.956268e+00
4.437500e-03 1.787246e+00 1.946057e+00
4.500000e-03 1.801000e+00 1.936000e+00
4.750000e-03 1.854278e+00 1.896989e+00
4.875000e-03 1.879966e+00 1.878218e+00
4.937500e-03 1.892565e+00 1.869036e+00
5.000000e-03 1.905000e+00 1.860000e+00
5.312500e-03 1.966204e+00 1.815852e+00
5.468750e-03 1.995984e+00 1.794575e+00
5.546875e-03 2.010602e+00 1.784188e+00
5.625000e-03 2.025000e+00 1.774000e+00
5.937500e-03 2.081198e+00 1.734456e+00
6.093750e-03 2.108431e+00 1.715438e+00
6.171875e-03 2.121804e+00 1.706142e+00
6.250000e-03 2.135000e+00 1.697000e+00
6.562500e-03 2.186853e+00 1.661208e+00
6.718750e-03 2.212171e+00 1.643867e+00
6.796875e-03 2.224652e+00 1.635367e+00
6.875000e-03 2.237000e+00 1.627000e+00
7.187500e-03 2.285685e+00 1.594177e+00
7.343750e-03 2.309543e+00 1.578323e+00
7.421875e-03 2.321327e+00 1.570585e+00
7.500000e-03 2.333000e+00 1.563000e+00
7.812500e-03 2.378953e+00 1.533748e+00
7.968750e-03 2.401577e+00 1.519691e+00
8.125000e-03 2.424000e+00 1.506000e+00
8.437500e-03 2.468774e+00 1.479030e+00
8.593750e-03 2.490992e+00 1.465863e+00
8.750000e-03 2.513000e+00 1.453000e+00
9.062500e-03 2.556317e+00 1.427943e+00
9.218750e-03 2.577719e+00 1.415810e+00
9.375000e-03 2.599000e+00 1.404000e+00
9.687500e-03 2.641577e+00 1.381019e+00
9.843750e-03 2.662821e+00 1.369875e+00
1.000000e-02 2.684000e+00 1.359000e+00
1.062500e-02 2.767900e+00 1.317011e+00
1.093750e-02 2.809520e+00 1.297067e+00
1.109375e-02 2.830272e+00 1.287412e+00
1.125000e-02 2.851000e+00 1.278000e+00
1.187500e-02 2.933976e+00 1.241786e+00
1.218750e-02 2.975485e+00 1.224559e+00
1.234375e-02 2.996242e+00 1.216191e+00
1.250000e-02 3.017000e+00 1.208000e+00
1.312500e-02 3.100009e+00 1.176035e+00
1.343750e-02 3.141505e+00 1.160712e+00
1.359375e-02 3.162253e+00 1.153268e+00
1.375000e-02 3.183000e+00 1.146000e+00
1.437500e-02 3.265938e+00 1.118124e+00
1.468750e-02 3.307438e+00 1.104840e+00
1.484375e-02 3.328208e+00 1.098364e+00
1.500000e-02 3.349000e+00 1.092000e+00
1.562500e-02 3.432348e+00 1.066955e+00
1.593750e-02 3.474132e+00 1.054800e+00
1.609375e-02 3.495055e+00 1.048849e+00
1.625000e-02 3.516000e+00 1.043000e+00
1.687500e-02 3.599915e+00 1.020250e+00
1.718750e-02 3.641938e+00 1.009301e+00
1.734375e-02 3.662965e+00 1.003953e+00
1.750000e-02 3.684000e+00 9.987000e-01
1.875000e-02 3.852379e+00 9.586150e-01
1.937500e-02 3.936651e+00 9.398924e-01
1.968750e-02 3.978815e+00 9.309082e-01
1.984375e-02 3.999904e+00 9.265181e-01
2.000000e-02 4.021000e+00 9.222000e-01
2.125000e-02 4.189986e+00 8.889078e-01
2.187500e-02 4.274516e+00 8.731765e-01
2.218750e-02 4.316769e+00 8.655847e-01
2.250000e-02 4.359000e+00 8.582000e-01
2.375000e-02 4.527854e+00 8.298368e-01
2.437500e-02 4.612065e+00 8.164161e-01
2.468750e-02 4.654076e+00 8.099264e-01
2.500000e-02 4.696000e+00 8.036000e-01
2.625000e-02 4.863070e+00 7.791687e-01
2.687500e-02 4.946198e+00 7.675428e-01
2.718750e-02 4.987643e+00 7.619053e-01
2.750000e-02 5.029000e+00 7.564000e-01
2.875000e-02 5.194171e+00 7.351191e-01
2.937500e-02 5.276333e+00 7.249644e-01
2.968750e-02 5.317243e+00 7.200293e-01
3.000000e-02 5.358000e+00 7.152000e-01
3.125000e-02 5.519922e+00 6.964514e-01
3.187500e-02 5.600213e+00 6.874653e-01
3.218750e-02 5.640173e+00 6.830886e-01
3.250000e-02 5.680000e+00 6.788000e-01
3.375000e-02 5.838778e+00 6.621383e-01
3.437500e-02 5.917649e+00 6.541357e-01
3.468750e-02 5.956901e+00 6.502315e-01
3.500000e-02 5.996000e+00 6.464000e-01
3.625000e-02 6.151502e+00 6.314618e-01
3.687500e-02 6.228561e+00 6.242657e-01
3.718750e-02 6.266868e+00 6.207509e-01
3.750000e-02 6.305000e+00 6.173000e-01
3.875000e-02 6.456539e+00 6.038673e-01
3.937500e-02 6.531584e+00 5.973894e-01
3.968750e-02 6.568880e+00 5.942193e-01
4.000000e-02 6.606000e+00 5.911000e-01
4.125000e-02 6.753584e+00 5.788728e-01
4.187500e-02 6.826636e+00 5.729509e-01
4.218750e-02 6.862917e+00 5.700513e-01
4.250000e-02 6.899000e+00 5.672000e-01
4.375000e-02 7.042150e+00 5.560878e-01
4.437500e-02 7.112914e+00 5.507193e-01
4.500000e-02 7.183000e+00 5.455000e-01
4.750000e-02 7.459373e+00 5.255336e-01
4.875000e-02 7.594533e+00 5.161352e-01
4.937500e-02 7.661148e+00 5.116050e-01
5.000000e-02 7.727000e+00 5.072000e-01
5.312500e-02 8.049594e+00 4.862053e-01
5.468750e-02 8.206223e+00 4.763858e-01
5.546875e-02 8.283141e+00 4.716712e-01
5.625000e-02 8.359000e+00 4.671000e-01
5.937500e-02 8.656971e+00 4.495894e-01
6.093750e-02 8.801816e+00 4.413413e-01
6.171875e-02 8.872925e+00 4.373655e-01
6.250000e-02 8.943000e+00 4.335000e-01
6.562500e-02 9.217338e+00 4.186446e-01
6.718750e-02 9.350387e+00 4.116136e-01
6.796875e-02 9.415667e+00 4.082138e-01
6.875000e-02 9.480000e+00 4.049000e-01
7.187500e-02 9.732132e+00 3.921080e-01
7.343750e-02 9.854581e+00 3.860253e-01
7.421875e-02 9.914709e+00 3.830774e-01
7.500000e-02 9.974000e+00 3.802000e-01
7.812500e-02 1.020669e+01 3.690899e-01
7.968750e-02 1.031976e+01 3.637927e-01
8.046875e-02 1.037528e+01 3.612188e-01
8.125000e-02 1.043000e+01 3.587000e-01
8.437500e-02 1.064426e+01 3.489093e-01
8.593750e-02 1.074835e+01 3.442177e-01
8.750000e-02 1.085000e+01 3.397000e-01
9.062500e-02 1.104895e+01 3.310349e-01
9.218750e-02 1.114566e+01 3.268956e-01
9.375000e-02 1.124000e+01 3.229000e-01
9.687500e-02 1.142373e+01 3.151474e-01
9.843750e-02 1.151291e+01 3.114142e-01
1.000000e-01 1.160000e+01 3.078000e-01
1.062500e-01 1.193684e+01 2.941266e-01
1.093750e-01 1.209698e+01 2.877764e-01
1.109375e-01 1.217448e+01 2.847385e-01
1.125000e-01 1.225000e+01 2.818000e-01
1.187500e-01 1.254031e+01 2.705743e-01
1.218750e-01 1.267805e+01 2.653021e-01
1.234375e-01 1.274480e+01 2.627647e-01
1.250000e-01 1.281000e+01 2.603000e-01
1.312500e-01 1.306238e+01 2.508343e-01
1.343750e-01 1.318325e+01 2.463618e-01
1.375000e-01 1.330000e+01 2.421000e-01
1.437500e-01 1.352650e+01 2.339878e-01
1.468750e-01 1.363521e+01 2.301569e-01
1.500000e-01 1.374000e+01 2.265000e-01
1.562500e-01 1.394052e+01 2.195090e-01
1.593750e-01 1.403662e+01 2.161879e-01
1.625000e-01 1.413000e+01 2.130000e-01
1.687500e-01 1.431382e+01 2.068556e-01
1.718750e-01 1.440318e+01 2.039209e-01
1.750000e-01 1.449000e+01 2.011000e-01
1.875000e-01 1.481634e+01 1.905882e-01
1.937500e-01 1.496748e+01 1.857813e-01
2.000000e-01 1.511000e+01 1.813000e-01
2.125000e-01 1.538063e+01 1.728843e-01
2.187500e-01 1.550824e+01 1.689762e-01
2.250000e-01 1.563000e+01 1.653000e-01
2.375000e-01 1.586275e+01 1.583806e-01
2.437500e-01 1.597348e+01 1.551525e-01
2.500000e-01 1.608000e+01 1.521000e-01
2.625000e-01 1.628638e+01 1.463050e-01
2.687500e-01 1.638514e+01 1.435830e-01
2.750000e-01 1.648000e+01 1.410000e-01
2.875000e-01 1.665993e+01 1.361085e-01
2.937500e-01 1.674602e+01 1.338031e-01
3.000000e-01 1.683000e+01 1.316000e-01
3.125000e-01 1.699824e+01 1.273547e-01
3.250000e-01 1.716000e+01 1.234000e-01
3.375000e-01 1.730979e+01 1.197127e-01
3.500000e-01 1.745000e+01 1.163000e-01
3.625000e-01 1.758743e+01 1.130485e-01
3.750000e-01 1.772000e+01 1.100000e-01
3.875000e-01 1.784791e+01 1.071083e-01
4.000000e-01 1.797000e+01 1.044000e-01
4.125000e-01 1.808781e+01 1.018247e-01
4.250000e-01 1.820000e+01 9.940000e-02
4.375000e-01 1.830725e+01 9.707654e-02
4.500000e-01 1.841000e+01 9.488000e-02
4.750000e-01 1.861021e+01 9.077306e-02
4.875000e-01 1.870672e+01 8.886708e-02
5.000000e-01 1.880000e+01 8.707000e-02
5.312500e-01 1.902404e+01 8.284950e-02
5.468750e-01 1.912976e+01 8.089494e-02
5.625000e-01 1.923000e+01 7.906000e-02
5.937500e-01 1.941762e+01 7.561128e-02
6.250000e-01 1.959000e+01 7.249000e-02
6.562500e-01 1.975594e+01 6.961144e-02
6.875000e-01 1.991000e+01 6.700000e-02
7.187500e-01 2.005094e+01 6.456880e-02
7.500000e-01 2.018000e+01 6.234000e-02
7.812500e-01 2.030390e+01 6.024911e-02
8.125000e-01 2.042000e+01 5.832000e-02
8.437500e-01 2.052932e+01 5.650870e-02
8.750000e-01 2.063000e+01 5.483000e-02
9.375000e-01 2.081000e+01 5.176000e-02
1.000000e+00 2.096000e+01 4.903000e-02
1.062500e+00 2.109091e+01 4.657614e-02
1.125000e+00 2.120000e+01 4.441000e-02
1.250000e+00 2.137000e+01 4.064000e-02
1.375000e+00 2.147000e+01 3.750000e-02
1.500000e+00 2.153000e+01 3.483000e-02
1.625000e+00 2.154000e+01 3.254000e-02
1.750000e+00 2.151000e+01 3.055000e-02
2.000000e+00 2.138000e+01 2.726000e-02
2.125000e+00 2.126775e+01 2.586875e-02
2.250000e+00 2.110000e+01 2.465000e-02
2.375000e+00 2.086001e+01 2.352435e-02
2.437500e+00 2.072870e+01 2.300177e-02
2.500000e+00 2.060000e+01 2.251000e-02
2.625000e+00 2.038690e+01 2.158349e-02
2.750000e+00 2.020000e+01 2.074000e-02
2.875000e+00 1.999541e+01 1.995588e-02
2.937500e+00 1.988857e+01 1.958866e-02
3.000000e+00 1.978000e+01 1.924000e-02
3.125000e+00 1.956447e+01 1.857567e-02
3.187500e+00 1.945717e+01 1.826114e-02
3.250000e+00 1.935000e+01 1.796000e-02
3.375000e+00 1.913454e+01 1.738068e-02
3.437500e+00 1.902697e+01 1.710471e-02
3.500000e+00 1.892000e+01 1.684000e-02
3.625000e+00 1.870901e+01 1.633265e-02
3.687500e+00 1.860439e+01 1.609141e-02
3.750000e+00 1.850000e+01 1.586000e-02
3.875000e+00 1.828905e+01 1.541617e-02
3.937500e+00 1.818393e+01 1.520431e-02
4.000000e+00 1.808000e+01 1.500000e-02
4.125000e+00 1.787741e+01 1.460410e-02
4.187500e+00 1.777817e+01 1.441385e-02
4.250000e+00 1.768000e+01 1.423000e-02
4.375000e+00 1.748404e+01 1.387510e-02
4.437500e+00 1.738667e+01 1.370475e-02
4.500000e+00 1.729000e+01 1.354000e-02
4.750000e+00 1.690887e+01 1.291518e-02
4.875000e+00 1.672254e+01 1.262424e-02
4.937500e+00 1.663074e+01 1.248488e-02
5.000000e+00 1.654000e+01 1.235000e-02
5.312500e+00 1.609442e+01 1.171171e-02
5.468750e+00 1.587880e+01 1.141643e-02
5.546875e+00 1.577341e+01 1.127568e-02
5.625000e+00 1.567000e+01 1.114000e-02
5.937500e+00 1.526925e+01 1.062539e-02
6.093750e+00 1.507668e+01 1.038580e-02
6.171875e+00 1.498257e+01 1.027106e-02
6.250000e+00 1.489000e+01 1.016000e-02
6.562500e+00 1.452719e+01 9.735506e-03
6.718750e+00 1.435124e+01 9.536118e-03
6.796875e+00 1.426496e+01 9.440169e-03
6.875000e+00 1.418000e+01 9.347000e-03
7.187500e+00 1.384731e+01 8.989552e-03
7.343750e+00 1.368631e+01 8.820787e-03
7.421875e+00 1.360750e+01 8.739313e-03
7.500000e+00 1.353000e+01 8.660000e-03
7.812500e+00 1.322727e+01 8.354472e-03
7.968750e+00 1.308129e+01 8.209545e-03
8.046875e+00 1.300998e+01 8.139402e-03
8.125000e+00 1.294000e+01 8.071000e-03
8.437500e+00 1.266846e+01 7.807017e-03
8.593750e+00 1.253750e+01 7.681418e-03
8.671875e+00 1.247331e+01 7.620503e-03
8.750000e+00 1.241000e+01 7.561000e-03
9.062500e+00 1.215975e+01 7.330731e-03
9.218750e+00 1.203806e+01 7.220764e-03
9.375000e+00 1.192000e+01 7.115000e-03
9.687500e+00 1.169368e+01 6.911638e-03
9.843750e+00 1.158520e+01 6.814514e-03
1.000000e+01 1.148000e+01 6.721000e-03
1.062500e+01 1.107489e+01 6.369429e-03
1.093750e+01 1.088303e+01 6.207457e-03
1.109375e+01 1.079030e+01 6.130336e-03
1.125000e+01 1.070000e+01 6.056000e-03
1.187500e+01 1.035195e+01 5.773278e-03
1.218750e+01 1.018711e+01 5.641380e-03
1.234375e+01 1.010749e+01 5.578175e-03
1.250000e+01 1.003000e+01 5.517000e-03
1.312500e+01 9.732569e+00 5.283436e-03
1.343750e+01 9.591727e+00 5.173857e-03
1.359375e+01 9.523547e+00 5.121156e-03
1.375000e+01 9.457000e+00 5.070000e-03
1.437500e+01 9.199350e+00 4.873742e-03
1.468750e+01 9.076302e+00 4.781140e-03
1.484375e+01 9.016501e+00 4.736464e-03
1.500000e+01 8.958000e+00 4.693000e-03
1.562500e+01 8.731191e+00 4.525865e-03
1.593750e+01 8.622620e+00 4.446681e-03
1.609375e+01 8.569770e+00 4.408366e-03
1.625000e+01 8.518000e+00 4.371000e-03
1.687500e+01 8.316889e+00 4.226654e-03
1.718750e+01 8.220313e+00 4.157914e-03
1.734375e+01 8.173208e+00 4.124568e-03
1.750000e+01 8.127000e+00 4.092000e-03
1.875000e+01 7.776057e+00 3.847786e-03
1.937500e+01 7.612880e+00 3.736366e-03
1.968750e+01 7.534714e+00 3.683622e-03
1.984375e+01 7.496540e+00 3.658037e-03
2.000000e+01 7.459000e+00 3.633000e-03
2.125000e+01 7.169454e+00 3.441979e-03
2.187500e+01 7.032510e+00 3.353215e-03
2.218750e+01 6.966373e+00 3.310847e-03
2.250000e+01 6.902000e+00 3.270000e-03
2.375000e+01 6.654760e+00 3.115402e-03
2.437500e+01 6.537464e+00 3.043587e-03
2.468750e+01 6.480591e+00 3.009230e-03
2.500000e+01 6.425000e+00 2.976000e-03
2.625000e+01 6.209186e+00 2.849061e-03
2.687500e+01 6.105748e+00 2.789481e-03
2.718750e+01 6.055367e+00 2.760821e-03
2.750000e+01 6.006000e+00 2.733000e-03
2.875000e+01 5.813017e+00 2.626272e-03
2.937500e+01 5.720850e+00 2.575919e-03
2.968750e+01 5.676289e+00 2.551629e-03
3.000000e+01 5.633000e+00 2.528000e-03
3.125000e+01 5.468870e+00 2.437179e-03
3.187500e+01 5.391749e+00 2.394148e-03
3.218750e+01 5.354453e+00 2.373320e-03
3.250000e+01 5.318000e+00 2.353000e-03
3.375000e+01 5.175569e+00 2.274343e-03
3.437500e+01 5.107053e+00 2.236879e-03
3.468750e+01 5.073675e+00 2.218719e-03
3.500000e+01 5.041000e+00 2.201000e-03
3.625000e+01 4.914729e+00 2.132749e-03
3.687500e+01 4.854323e+00 2.100251e-03
3.718750e+01 4.824885e+00 2.084460e-03
3.750000e+01 4.796000e+00 2.069000e-03
3.875000e+01 4.683094e+00 2.008741e-03
3.937500e+01 4.628653e+00 1.979827e-03
3.968750e+01 4.602073e+00 1.965760e-03
4.000000e+01 4.576000e+00 1.952000e-03
4.125000e+01 4.474816e+00 1.898919e-03
4.187500e+01 4.426161e+00 1.873534e-03
4.218750e+01 4.402382e+00 1.861157e-03
4.250000e+01 4.379000e+00 1.849000e-03
4.375000e+01 4.287392e+00 1.801356e-03
4.437500e+01 4.243046e+00 1.778318e-03
4.468750e+01 4.221338e+00 1.767056e-03
4.500000e+01 4.200000e+00 1.756000e-03
4.750000e+01 4.037840e+00 1.672269e-03
4.875000e+01 3.962034e+00 1.633477e-03
4.937500e+01 3.925532e+00 1.614933e-03
5.000000e+01 3.890000e+00 1.597000e-03
5.312500e+01 3.718945e+00 1.512126e-03
5.468750e+01 3.638347e+00 1.472830e-03
5.546875e+01 3.599579e+00 1.454084e-03
5.585938e+01 3.580630e+00 1.444955e-03
5.625000e+01 3.562000e+00 1.436000e-03
5.937500e+01 3.418800e+00 1.367307e-03
6.093750e+01 3.351568e+00 1.335202e-03
6.171875e+01 3.319277e+00 1.319837e-03
6.250000e+01 3.288000e+00 1.305000e-03
6.562500e+01 3.168825e+00 1.248918e-03
6.718750e+01 3.112966e+00 1.222773e-03
6.796875e+01 3.086096e+00 1.210209e-03
6.875000e+01 3.060000e+00 1.198000e-03
7.187500e+01 2.959759e+00 1.150800e-03
7.343750e+01 2.912316e+00 1.128388e-03
7.421875e+01 2.889371e+00 1.117551e-03
7.500000e+01 2.867000e+00 1.107000e-03
7.812500e+01 2.780469e+00 1.066425e-03
7.968750e+01 2.739326e+00 1.047252e-03
8.046875e+01 2.719410e+00 1.037999e-03
8.125000e+01 2.700000e+00 1.029000e-03
8.437500e+01 2.625418e+00 9.945029e-04
8.593750e+01 2.589998e+00 9.781610e-04
8.671875e+01 2.572811e+00 9.702410e-04
8.750000e+01 2.556000e+00 9.625000e-04
9.062500e+01 2.490568e+00 9.323996e-04
9.218750e+01 2.459196e+00 9.179783e-04
9.296875e+01 2.443933e+00 9.109632e-04
9.375000e+01 2.429000e+00 9.041000e-04
9.687500e+01 2.371224e+00 8.775298e-04
9.843750e+01 2.343603e+00 8.648276e-04
9.921875e+01 2.330163e+00 8.586488e-04
1.000000e+02 2.317000e+00 8.526000e-04
1.062500e+02 2.217290e+00 8.068798e-04
1.093750e+02 2.171194e+00 7.858045e-04
1.109375e+02 2.149211e+00 7.757700e-04
1.125000e+02 2.128000e+00 7.661000e-04
1.187500e+02 2.047212e+00 7.293560e-04
1.218750e+02 2.009514e+00 7.122330e-04
1.234375e+02 1.991459e+00 7.040330e-04
1.250000e+02 1.974000e+00 6.961000e-04
1.312500e+02 1.907546e+00 6.658226e-04
1.343750e+02 1.876447e+00 6.516324e-04
1.359375e+02 1.861503e+00 6.448136e-04
1.375000e+02 1.847000e+00 6.382000e-04
1.437500e+02 1.791353e+00 6.128781e-04
1.468750e+02 1.765064e+00 6.009487e-04
1.484375e+02 1.752367e+00 5.951960e-04
1.500000e+02 1.740000e+00 5.896000e-04
1.562500e+02 1.692263e+00 5.680623e-04
1.593750e+02 1.669615e+00 5.578543e-04
1.609375e+02 1.658665e+00 5.529154e-04
1.625000e+02 1.648000e+00 5.481000e-04
1.687500e+02 1.607027e+00 5.295128e-04
1.718750e+02 1.587599e+00 5.206707e-04
1.734375e+02 1.578188e+00 5.163843e-04
1.750000e+02 1.569000e+00 5.122000e-04
1.875000e+02 1.499874e+00 4.808746e-04
1.937500e+02 1.468281e+00 4.666119e-04
1.968750e+02 1.453331e+00 4.598678e-04
2.000000e+02 1.439000e+00 4.534000e-04
2.125000e+02 1.385108e+00 4.289632e-04
2.187500e+02 1.360259e+00 4.176671e-04
2.218750e+02 1.348420e+00 4.122853e-04
2.250000e+02 1.337000e+00 4.071000e-04
2.500000e+02 1.254000e+00 3.697000e-04
