3.703704e-03 1.021000e+00 1.061000e+00
4.074074e-03 1.071000e+00 1.021000e+00
4.259259e-03 1.094450e+00 1.002412e+00
4.351852e-03 1.105825e+00 9.934846e-01
4.398148e-03 1.111435e+00 9.891123e-01
4.444444e-03 1.117000e+00 9.848000e-01
4.629629e-03 1.139190e+00 9.677573e-01
4.722222e-03 1.150166e+00 9.594316e-01
4.814815e-03 1.161000e+00 9.513000e-01
5.000000e-03 1.182292e+00 9.355029e-01
5.092592e-03 1.192728e+00 9.278556e-01
5.185185e-03 1.203000e+00 9.204000e-01
5.370370e-03 1.223198e+00 9.058222e-01
5.462963e-03 1.233146e+00 8.987305e-01
5.555556e-03 1.243000e+00 8.918000e-01
5.740741e-03 1.262614e+00 8.782473e-01
5.833333e-03 1.272345e+00 8.716508e-01
5.925926e-03 1.282000e+00 8.652000e-01
6.111111e-03 1.301140e+00 8.525746e-01
6.203703e-03 1.310611e+00 8.464225e-01
6.296296e-03 1.320000e+00 8.404000e-01
6.481482e-03 1.338615e+00 8.285944e-01
6.574074e-03 1.347838e+00 8.228366e-01
6.666667e-03 1.357000e+00 8.172000e-01
7.037037e-03 1.393268e+00 7.954432e-01
7.222222e-03 1.411201e+00 7.850712e-01
7.314815e-03 1.420117e+00 7.800315e-01
7.407407e-03 1.429000e+00 7.751000e-01
7.870370e-03 1.473178e+00 7.513171e-01
8.101851e-03 1.495133e+00 7.400192e-01
8.217592e-03 1.506078e+00 7.345445e-01
8.333333e-03 1.517000e+00 7.292000e-01
8.796296e-03 1.560553e+00 7.085311e-01
9.027778e-03 1.582283e+00 6.986718e-01
9.143518e-03 1.593141e+00 6.938830e-01
9.259259e-03 1.604000e+00 6.892000e-01
9.722225e-03 1.647482e+00 6.710472e-01
9.953707e-03 1.669239e+00 6.623627e-01
1.006945e-02 1.680119e+00 6.581373e-01
1.018519e-02 1.691000e+00 6.540000e-01
1.064815e-02 1.734389e+00 6.379456e-01
1.087963e-02 1.756133e+00 6.302427e-01
1.099537e-02 1.767045e+00 6.264860e-01
1.111111e-02 1.778000e+00 6.228000e-01
1.157407e-02 1.822368e+00 6.084208e-01
1.180556e-02 1.844693e+00 6.014962e-01
1.192130e-02 1.855857e+00 5.981162e-01
1.203704e-02 1.867000e+00 5.948000e-01
1.250000e-02 1.911102e+00 5.819143e-01
1.273148e-02 1.933038e+00 5.757126e-01
1.284722e-02 1.944009e+00 5.726809e-01
1.296296e-02 1.955000e+00 5.697000e-01
1.342593e-02 1.999291e+00 5.580355e-01
1.365741e-02 2.021597e+00 5.523887e-01
1.377315e-02 2.032787e+00 5.496223e-01
1.388889e-02 2.044000e+00 5.469000e-01
1.435185e-02 2.088955e+00 5.362595e-01
1.458333e-02 2.111471e+00 5.311090e-01
1.469907e-02 2.122735e+00 5.285849e-01
1.481481e-02 2.134000e+00 5.261000e-01
1.574074e-02 2.224037e+00 5.070168e-01
1.620370e-02 2.269023e+00 4.980345e-01
1.643519e-02 2.291511e+00 4.937066e-01
1.666667e-02 2.314000e+00 4.895000e-01
1.759260e-02 2.403987e+00 4.733450e-01
1.805556e-02 2.448992e+00 4.657007e-01
1.828704e-02 2.471496e+00 4.620040e-01
1.851852e-02 2.494000e+00 4.584000e-01
1.944444e-02 2.584063e+00 4.444791e-01
1.990741e-02 2.629063e+00 4.378526e-01
2.013889e-02 2.651542e+00 4.346388e-01
2.037037e-02 2.674000e+00 4.315000e-01
2.129629e-02 2.763769e+00 4.193653e-01
2.175926e-02 2.808488e+00 4.135727e-01
2.199074e-02 2.830777e+00 4.107566e-01
2.222222e-02 2.853000e+00 4.080000e-01
2.314815e-02 2.941368e+00 3.972891e-01
2.361111e-02 2.985275e+00 3.921528e-01
2.384259e-02 3.007160e+00 3.896511e-01
2.407407e-02 3.029000e+00 3.872000e-01
2.500000e-02 3.116258e+00 3.776806e-01
2.546297e-02 3.159724e+00 3.731118e-01
2.569445e-02 3.181391e+00 3.708843e-01
2.592593e-02 3.203000e+00 3.687000e-01
2.777778e-02 3.374592e+00 3.521234e-01
2.870371e-02 3.459295e+00 3.444329e-01
2.916667e-02 3.501291e+00 3.407557e-01
2.939815e-02 3.522184e+00 3.389621e-01
2.962963e-02 3.543000e+00 3.372000e-01
3.148148e-02 3.708196e+00 3.236404e-01
3.240741e-02 3.789634e+00 3.172560e-01
3.287037e-02 3.829971e+00 3.141828e-01
3.310185e-02 3.850027e+00 3.126794e-01
3.333333e-02 3.870000e+00 3.112000e-01
3.518519e-02 4.028328e+00 2.997987e-01
3.611111e-02 4.106240e+00 2.944172e-01
3.657408e-02 4.144785e+00 2.918222e-01
3.703704e-02 4.183000e+00 2.893000e-01
3.888889e-02 4.333848e+00 2.796316e-01
3.981481e-02 4.407953e+00 2.750626e-01
4.027778e-02 4.444620e+00 2.728537e-01
4.074074e-02 4.481000e+00 2.707000e-01
4.259259e-02 4.625170e+00 2.623739e-01
4.351852e-02 4.696118e+00 2.584065e-01
4.398148e-02 4.731213e+00 2.564812e-01
4.444444e-02 4.766000e+00 2.546000e-01
4.629630e-02 4.903229e+00 2.473227e-01
4.722222e-02 4.970606e+00 2.438463e-01
4.768519e-02 5.003935e+00 2.421555e-01
4.814815e-02 5.037000e+00 2.405000e-01
5.000000e-02 5.168038e+00 2.340634e-01
5.092592e-02 5.232512e+00 2.309761e-01
5.138889e-02 5.264399e+00 2.294727e-01
5.185185e-02 5.296000e+00 2.280000e-01
5.370370e-02 5.420661e+00 2.222839e-01
5.462963e-02 5.481813e+00 2.195436e-01
5.509260e-02 5.512039e+00 2.182086e-01
5.555556e-02 5.542000e+00 2.169000e-01
5.740741e-02 5.660444e+00 2.118173e-01
5.833334e-02 5.718656e+00 2.093715e-01
5.879630e-02 5.747449e+00 2.081758e-01
5.925926e-02 5.776000e+00 2.070000e-01
6.111111e-02 5.888788e+00 2.023960e-01
6.203703e-02 5.944261e+00 2.001665e-01
6.296296e-02 5.999000e+00 1.980000e-01
6.481481e-02 6.107287e+00 1.937934e-01
6.574074e-02 6.160552e+00 1.917654e-01
6.666667e-02 6.213000e+00 1.898000e-01
7.037037e-02 6.416648e+00 1.823596e-01
7.222222e-02 6.514739e+00 1.788881e-01
7.314814e-02 6.562744e+00 1.772201e-01
7.407407e-02 6.610000e+00 1.756000e-01
7.870370e-02 6.840908e+00 1.678537e-01
8.101851e-02 6.952254e+00 1.642262e-01
8.217592e-02 7.006633e+00 1.624855e-01
8.333333e-02 7.060000e+00 1.608000e-01
8.796296e-02 7.267511e+00 1.543721e-01
9.027778e-02 7.367338e+00 1.513579e-01
9.143518e-02 7.416099e+00 1.499080e-01
9.259259e-02 7.464000e+00 1.485000e-01
9.722224e-02 7.651111e+00 1.430906e-01
9.953707e-02 7.741438e+00 1.405347e-01
1.006945e-01 7.785604e+00 1.393008e-01
1.018519e-01 7.829000e+00 1.381000e-01
1.064815e-01 7.998113e+00 1.334803e-01
1.087963e-01 8.079735e+00 1.312914e-01
1.111111e-01 8.159000e+00 1.292000e-01
1.157408e-01 8.313133e+00 1.252105e-01
1.180556e-01 8.387617e+00 1.233173e-01
1.203704e-01 8.460000e+00 1.215000e-01
1.250000e-01 8.600754e+00 1.179851e-01
1.273148e-01 8.668811e+00 1.163074e-01
1.296296e-01 8.735000e+00 1.147000e-01
1.342592e-01 8.863907e+00 1.116525e-01
1.365741e-01 8.926299e+00 1.102029e-01
1.388889e-01 8.987000e+00 1.088000e-01
1.435185e-01 9.105125e+00 1.060375e-01
1.458333e-01 9.162316e+00 1.046975e-01
1.481481e-01 9.218000e+00 1.034000e-01
1.574074e-01 9.431504e+00 9.857743e-02
1.620371e-01 9.532190e+00 9.636897e-02
1.643519e-01 9.580757e+00 9.531696e-02
1.666667e-01 9.628000e+00 9.430000e-02
1.759259e-01 9.809742e+00 9.038311e-02
1.805556e-01 9.895815e+00 8.853430e-02
1.851852e-01 9.978000e+00 8.678000e-02
1.944444e-01 1.013497e+01 8.347472e-02
1.990741e-01 1.020919e+01 8.192804e-02
2.037037e-01 1.028000e+01 8.046000e-02
2.129629e-01 1.041478e+01 7.765911e-02
2.175926e-01 1.047867e+01 7.633461e-02
2.222222e-01 1.054000e+01 7.507000e-02
2.314815e-01 1.065879e+01 7.265332e-02
2.361111e-01 1.071556e+01 7.150734e-02
2.407407e-01 1.077000e+01 7.041000e-02
2.500000e-01 1.087378e+01 6.830491e-02
2.592593e-01 1.097000e+01 6.634000e-02
2.777778e-01 1.114623e+01 6.273068e-02
2.870371e-01 1.122611e+01 6.108729e-02
2.962963e-01 1.130000e+01 5.956000e-02
3.148148e-01 1.143819e+01 5.669948e-02
3.240741e-01 1.150150e+01 5.537441e-02
3.333333e-01 1.156000e+01 5.413000e-02
3.518518e-01 1.166612e+01 5.178967e-02
3.703704e-01 1.176000e+01 4.967000e-02
3.888889e-01 1.184954e+01 4.771473e-02
4.074074e-01 1.193000e+01 4.594000e-02
4.259259e-01 1.199953e+01 4.428619e-02
4.444444e-01 1.206000e+01 4.277000e-02
4.814815e-01 1.217000e+01 4.004000e-02
5.185185e-01 1.225000e+01 3.766000e-02
5.555556e-01 1.232000e+01 3.556000e-02
5.925926e-01 1.237000e+01 3.370000e-02
6.296296e-01 1.241000e+01 3.204000e-02
6.666667e-01 1.244000e+01 3.055000e-02
7.407407e-01 1.248000e+01 2.797000e-02
8.333333e-01 1.249000e+01 2.534000e-02
9.259259e-01 1.247000e+01 2.319000e-02
1.018519e+00 1.243000e+01 2.139000e-02
1.111111e+00 1.238000e+01 1.987000e-02
1.203704e+00 1.231000e+01 1.856000e-02
1.296296e+00 1.223000e+01 1.743000e-02
1.388889e+00 1.214000e+01 1.643000e-02
1.481481e+00 1.205000e+01 1.555000e-02
1.574074e+00 1.195273e+01 1.475898e-02
1.666667e+00 1.185000e+01 1.406000e-02
1.759259e+00 1.174478e+01 1.341748e-02
1.851852e+00 1.164000e+01 1.284000e-02
1.944445e+00 1.154243e+01 1.230926e-02
2.037037e+00 1.144000e+01 1.183000e-02
2.129630e+00 1.132439e+01 1.138640e-02
2.175926e+00 1.125998e+01 1.117839e-02
2.222222e+00 1.119000e+01 1.098000e-02
2.314814e+00 1.103001e+01 1.059662e-02
2.361111e+00 1.094805e+01 1.041417e-02
2.407407e+00 1.087000e+01 1.024000e-02
2.500000e+00 1.074033e+01 9.910634e-03
2.546296e+00 1.068377e+01 9.755404e-03
2.592593e+00 1.063000e+01 9.607000e-03
2.777778e+00 1.039437e+01 9.049988e-03
2.870370e+00 1.027158e+01 8.794533e-03
2.916667e+00 1.021032e+01 8.673371e-03
2.962963e+00 1.015000e+01 8.557000e-03
3.148148e+00 9.924232e+00 8.117641e-03
3.240741e+00 9.818012e+00 7.914421e-03
3.287037e+00 9.766199e+00 7.817499e-03
3.333333e+00 9.715000e+00 7.724000e-03
3.518518e+00 9.509077e+00 7.368419e-03
3.611111e+00 9.407110e+00 7.202504e-03
3.657408e+00 9.356739e+00 7.122983e-03
3.703704e+00 9.307000e+00 7.046000e-03
3.888889e+00 9.113141e+00 6.751909e-03
3.981482e+00 9.019364e+00 6.613866e-03
4.027778e+00 8.973362e+00 6.547462e-03
4.074074e+00 8.928000e+00 6.483000e-03
4.259259e+00 8.749722e+00 6.235793e-03
4.351852e+00 8.662876e+00 6.119125e-03
4.444444e+00 8.578000e+00 6.008000e-03
4.629630e+00 8.412250e+00 5.796375e-03
4.722222e+00 8.331691e+00 5.696415e-03
4.814815e+00 8.253000e+00 5.601000e-03
5.000000e+00 8.099029e+00 5.418605e-03
5.092593e+00 8.024138e+00 5.332021e-03
5.185185e+00 7.951000e+00 5.249000e-03
5.370370e+00 7.808244e+00 5.089302e-03
5.462963e+00 7.738843e+00 5.013153e-03
5.555556e+00 7.671000e+00 4.940000e-03
5.740741e+00 7.538079e+00 4.799611e-03
5.833334e+00 7.473323e+00 4.732595e-03
5.925926e+00 7.410000e+00 4.668000e-03
6.111111e+00 7.286276e+00 4.542952e-03
6.203703e+00 7.226017e+00 4.482935e-03
6.296296e+00 7.167000e+00 4.425000e-03
6.481482e+00 7.051035e+00 4.313320e-03
6.574074e+00 6.994417e+00 4.259769e-03
6.666667e+00 6.939000e+00 4.208000e-03
7.037037e+00 6.725740e+00 4.011588e-03
7.222222e+00 6.624346e+00 3.920143e-03
7.314815e+00 6.575132e+00 3.876358e-03
7.407407e+00 6.527000e+00 3.834000e-03
7.870370e+00 6.294675e+00 3.633974e-03
8.101851e+00 6.184395e+00 3.541549e-03
8.217592e+00 6.131026e+00 3.497491e-03
8.333333e+00 6.079000e+00 3.455000e-03
8.796296e+00 5.878463e+00 3.293405e-03
9.027777e+00 5.783206e+00 3.218039e-03
9.143518e+00 5.737052e+00 3.181935e-03
9.259259e+00 5.692000e+00 3.147000e-03
9.722224e+00 5.517864e+00 3.013714e-03
9.953707e+00 5.434810e+00 2.951218e-03
1.006945e+01 5.394464e+00 2.921168e-03
1.018519e+01 5.355000e+00 2.892000e-03
1.064815e+01 5.201877e+00 2.780105e-03
1.087963e+01 5.128579e+00 2.727292e-03
1.099537e+01 5.092915e+00 2.701804e-03
1.111111e+01 5.058000e+00 2.677000e-03
1.157408e+01 4.922564e+00 2.581505e-03
1.180556e+01 4.857648e+00 2.536242e-03
1.192130e+01 4.826015e+00 2.514346e-03
1.203704e+01 4.795000e+00 2.493000e-03
1.250000e+01 4.674307e+00 2.410674e-03
1.273148e+01 4.616227e+00 2.371525e-03
1.284722e+01 4.587860e+00 2.352542e-03
1.296296e+01 4.560000e+00 2.334000e-03
1.342592e+01 4.451181e+00 2.262249e-03
1.365741e+01 4.398731e+00 2.227977e-03
1.377315e+01 4.373123e+00 2.211312e-03
1.388889e+01 4.348000e+00 2.195000e-03
1.435185e+01 4.250433e+00 2.131626e-03
1.458333e+01 4.203493e+00 2.101254e-03
1.469907e+01 4.180551e+00 2.086471e-03
1.481481e+01 4.158000e+00 2.072000e-03
1.574074e+01 3.985045e+00 1.963031e-03
1.620370e+01 3.903875e+00 1.912905e-03
1.643519e+01 3.864853e+00 1.889032e-03
1.666667e+01 3.827000e+00 1.866000e-03
1.759259e+01 3.681989e+00 1.778015e-03
1.805556e+01 3.613757e+00 1.736843e-03
1.828704e+01 3.580905e+00 1.717102e-03
1.851852e+01 3.549000e+00 1.698000e-03
1.944445e+01 3.426662e+00 1.625268e-03
1.990741e+01 3.368947e+00 1.591227e-03
2.013889e+01 3.341099e+00 1.574871e-03
2.037037e+01 3.314000e+00 1.559000e-03
2.129630e+01 3.209639e+00 1.498102e-03
2.175926e+01 3.160194e+00 1.469362e-03
2.199074e+01 3.136288e+00 1.455493e-03
2.222222e+01 3.113000e+00 1.442000e-03
2.314814e+01 3.023281e+00 1.390062e-03
2.361111e+01 2.980711e+00 1.365467e-03
2.384259e+01 2.960102e+00 1.353579e-03
2.407407e+01 2.940000e+00 1.342000e-03
2.500000e+01 2.862309e+00 1.297442e-03
2.546297e+01 2.825355e+00 1.276280e-03
2.569445e+01 2.807455e+00 1.266021e-03
2.592593e+01 2.790000e+00 1.256000e-03
2.777778e+01 2.661145e+00 1.180563e-03
2.870370e+01 2.602402e+00 1.146041e-03
2.916667e+01 2.574321e+00 1.129689e-03
2.939815e+01 2.560573e+00 1.121758e-03
2.962963e+01 2.547000e+00 1.114000e-03
3.148148e+01 2.439587e+00 1.055004e-03
3.240740e+01 2.387727e+00 1.027649e-03
3.287037e+01 2.362536e+00 1.014594e-03
3.310185e+01 2.350175e+00 1.008236e-03
3.333333e+01 2.338000e+00 1.002000e-03
3.518518e+01 2.244556e+00 9.542419e-04
3.611111e+01 2.200643e+00 9.319252e-04
3.657408e+01 2.179513e+00 9.212352e-04
3.703704e+01 2.159000e+00 9.109000e-04
3.888889e+01 2.080310e+00 8.716284e-04
3.981482e+01 2.043228e+00 8.532734e-04
4.027778e+01 2.025361e+00 8.444564e-04
4.074074e+01 2.008000e+00 8.359000e-04
4.259259e+01 1.941473e+00 8.030166e-04
4.351852e+01 1.910032e+00 7.874844e-04
4.398148e+01 1.894828e+00 7.799897e-04
4.444444e+01 1.880000e+00 7.727000e-04
4.629630e+01 1.822548e+00 7.447069e-04
4.722222e+01 1.795185e+00 7.314583e-04
4.768519e+01 1.781927e+00 7.250497e-04
4.814815e+01 1.769000e+00 7.188000e-04
5.000000e+01 1.719312e+00 6.946347e-04
5.092592e+01 1.695695e+00 6.831276e-04
5.138889e+01 1.684226e+00 6.775477e-04
5.185185e+01 1.673000e+00 6.721000e-04
5.370370e+01 1.629238e+00 6.510577e-04
5.462963e+01 1.608231e+00 6.410300e-04
5.509260e+01 1.598005e+00 6.361610e-04
5.555556e+01 1.588000e+00 6.314000e-04
5.740741e+01 1.549381e+00 6.129498e-04
5.833333e+01 1.530891e+00 6.041167e-04
5.879630e+01 1.521868e+00 5.998154e-04
5.925926e+01 1.513000e+00 5.956000e-04
6.111111e+01 1.478117e+00 5.791944e-04
6.203704e+01 1.461262e+00 5.713121e-04
6.250000e+01 1.453043e+00 5.674686e-04
6.296296e+01 1.445000e+00 5.637000e-04
6.481481e+01 1.414067e+00 5.490489e-04
6.574074e+01 1.399291e+00 5.420075e-04
6.620371e+01 1.392083e+00 5.385715e-04
6.666667e+01 1.385000e+00 5.352000e-04
7.037037e+01 1.330267e+00 5.095542e-04
7.222222e+01 1.304450e+00 4.976281e-04
7.314814e+01 1.292032e+00 4.919205e-04
7.407407e+01 1.280000e+00 4.864000e-04
7.870370e+01 1.223425e+00 4.603147e-04
8.101852e+01 1.197372e+00 4.482669e-04
8.217592e+01 1.184965e+00 4.425286e-04
8.275463e+01 1.178926e+00 4.397369e-04
8.333333e+01 1.173000e+00 4.370000e-04
8.796296e+01 1.127485e+00 4.160783e-04
9.027778e+01 1.106146e+00 4.063095e-04
9.143518e+01 1.095908e+00 4.016287e-04
9.259259e+01 1.086000e+00 3.971000e-04
9.722225e+01 1.048375e+00 3.798412e-04
9.953707e+01 1.030750e+00 3.717568e-04
1.006945e+02 1.022261e+00 3.678710e-04
1.018519e+02 1.014000e+00 3.641000e-04
1.064815e+02 9.819936e-01 3.496209e-04
1.087963e+02 9.667898e-01 3.427916e-04
1.099537e+02 9.594438e-01 3.394995e-04
1.111111e+02 9.523000e-01 3.363000e-04
1.157407e+02 9.249800e-01 3.240376e-04
1.180556e+02 9.120943e-01 3.182402e-04
1.192130e+02 9.058687e-01 3.154359e-04
1.203704e+02 8.998000e-01 3.127000e-04
1.250000e+02 8.763290e-01 3.020968e-04
1.273148e+02 8.651395e-01 2.970420e-04
1.284722e+02 8.597081e-01 2.945913e-04
1.296296e+02 8.544000e-01 2.922000e-04
1.342593e+02 8.338499e-01 2.829898e-04
1.365741e+02 8.240358e-01 2.786082e-04
1.377315e+02 8.192661e-01 2.764809e-04
1.388889e+02 8.146000e-01 2.744000e-04
1.435185e+02 7.965076e-01 2.663142e-04
1.458333e+02 7.878455e-01 2.624370e-04
1.469907e+02 7.836292e-01 2.605490e-04
1.481481e+02 7.795000e-01 2.587000e-04
1.574074e+02 7.482749e-01 2.447411e-04
1.620370e+02 7.338724e-01 2.383117e-04
1.643519e+02 7.270125e-01 2.352506e-04
1.666667e+02 7.204000e-01 2.323000e-04
1.759260e+02 6.952547e-01 2.210673e-04
1.805556e+02 6.835355e-01 2.158299e-04
1.828704e+02 6.779251e-01 2.133231e-04
1.851852e+02 6.725000e-01 2.109000e-04
1.944445e+02 6.518323e-01 2.016850e-04
1.990741e+02 6.421573e-01 1.973766e-04
2.013889e+02 6.375091e-01 1.953074e-04
2.037037e+02 6.330000e-01 1.933000e-04
2.129629e+02 6.157089e-01 1.855999e-04
2.175926e+02 6.075557e-01 1.819643e-04
2.199074e+02 6.036238e-01 1.802090e-04
2.222222e+02 5.998000e-01 1.785000e-04
2.314814e+02 5.850935e-01 1.719078e-04
2.361111e+02 5.781354e-01 1.687823e-04
2.384259e+02 5.747736e-01 1.672713e-04
2.407407e+02 5.715000e-01 1.658000e-04
2.500000e+02 5.588998e-01 1.601444e-04
2.546296e+02 5.529208e-01 1.574637e-04
2.569445e+02 5.500252e-01 1.561660e-04
2.592593e+02 5.472000e-01 1.549000e-04
2.777778e+02 5.260352e-01 1.454235e-04
2.870370e+02 5.164048e-01 1.411055e-04
2.916667e+02 5.118563e-01 1.390618e-04
2.962963e+02 5.075000e-01 1.371000e-04
3.148148e+02 4.910953e-01 1.296675e-04
3.240740e+02 4.835427e-01 1.262241e-04
3.287037e+02 4.799529e-01 1.245823e-04
3.333333e+02 4.765000e-01 1.230000e-04
3.703704e+02 4.517000e-01 1.116000e-04
