1.694915e-03 7.551000e-01 4.323000e+00
1.864407e-03 7.920000e-01 4.244000e+00
1.949153e-03 8.119275e-01 4.205200e+00
1.991525e-03 8.226164e-01 4.186017e+00
2.012712e-03 8.282072e-01 4.176486e+00
2.033898e-03 8.340000e-01 4.167000e+00
2.118644e-03 8.598544e-01 4.129258e+00
2.161017e-03 8.729476e-01 4.110552e+00
2.182204e-03 8.792461e-01 4.101254e+00
2.203390e-03 8.852000e-01 4.092000e+00
2.288135e-03 9.050637e-01 4.055238e+00
2.330508e-03 9.132054e-01 4.037040e+00
2.372881e-03 9.204000e-01 4.019000e+00
2.457627e-03 9.342160e-01 3.983168e+00
2.500000e-03 9.407031e-01 3.965472e+00
2.542373e-03 9.468000e-01 3.948000e+00
2.627119e-03 9.580422e-01 3.913639e+00
2.669491e-03 9.632194e-01 3.896729e+00
2.711864e-03 9.681000e-01 3.880000e+00
2.796610e-03 9.774216e-01 3.846760e+00
2.881356e-03 9.861000e-01 3.814000e+00
2.966102e-03 9.942504e-01 3.781678e+00
3.050847e-03 1.002000e+00 3.750000e+00
3.220339e-03 1.017238e+00 3.688275e+00
3.305085e-03 1.024690e+00 3.658297e+00
3.389831e-03 1.032000e+00 3.629000e+00
3.601695e-03 1.049519e+00 3.557419e+00
3.707627e-03 1.058189e+00 3.522736e+00
3.813559e-03 1.067000e+00 3.489000e+00
4.025423e-03 1.085468e+00 3.423507e+00
4.131356e-03 1.095100e+00 3.391839e+00
4.237288e-03 1.105000e+00 3.361000e+00
4.449152e-03 1.125200e+00 3.300706e+00
4.555085e-03 1.135517e+00 3.271461e+00
4.661017e-03 1.146000e+00 3.243000e+00
4.872882e-03 1.167242e+00 3.187832e+00
4.978814e-03 1.178042e+00 3.161112e+00
5.084746e-03 1.189000e+00 3.135000e+00
5.296610e-03 1.211291e+00 3.083569e+00
5.402543e-03 1.222597e+00 3.058483e+00
5.508475e-03 1.234000e+00 3.034000e+00
5.720339e-03 1.256951e+00 2.986509e+00
5.826271e-03 1.268470e+00 2.963494e+00
5.932203e-03 1.280000e+00 2.941000e+00
6.144067e-03 1.303015e+00 2.896753e+00
6.250000e-03 1.314509e+00 2.875144e+00
6.355932e-03 1.326000e+00 2.854000e+00
6.567797e-03 1.349035e+00 2.812699e+00
6.673729e-03 1.360537e+00 2.792619e+00
6.779661e-03 1.372000e+00 2.773000e+00
7.203390e-03 1.417474e+00 2.697523e+00
7.415255e-03 1.439889e+00 2.661587e+00
7.521187e-03 1.450988e+00 2.644117e+00
7.627119e-03 1.462000e+00 2.627000e+00
8.050847e-03 1.505587e+00 2.560146e+00
8.262712e-03 1.526983e+00 2.527995e+00
8.368644e-03 1.537546e+00 2.512332e+00
8.474576e-03 1.548000e+00 2.497000e+00
8.898305e-03 1.589104e+00 2.437720e+00
9.110169e-03 1.609219e+00 2.409363e+00
9.216102e-03 1.619154e+00 2.395549e+00
9.322034e-03 1.629000e+00 2.382000e+00
9.745762e-03 1.667983e+00 2.329214e+00
9.957626e-03 1.687145e+00 2.303740e+00
1.006356e-02 1.696616e+00 2.291271e+00
1.016949e-02 1.706000e+00 2.279000e+00
1.059322e-02 1.742967e+00 2.230828e+00
1.080508e-02 1.761110e+00 2.207536e+00
1.091102e-02 1.770088e+00 2.196158e+00
1.101695e-02 1.779000e+00 2.185000e+00
1.144068e-02 1.814307e+00 2.141854e+00
1.165255e-02 1.831741e+00 2.121125e+00
1.186441e-02 1.849000e+00 2.101000e+00
1.271186e-02 1.916749e+00 2.023465e+00
1.313559e-02 1.950033e+00 1.986824e+00
1.334746e-02 1.966550e+00 1.969159e+00
1.355932e-02 1.983000e+00 1.952000e+00
1.440678e-02 2.048584e+00 1.886360e+00
1.483051e-02 2.081302e+00 1.855439e+00
1.504238e-02 2.097651e+00 1.840521e+00
1.525424e-02 2.114000e+00 1.826000e+00
1.610169e-02 2.179236e+00 1.770031e+00
1.652542e-02 2.211990e+00 1.743449e+00
1.673729e-02 2.228452e+00 1.730570e+00
1.694915e-02 2.245000e+00 1.718000e+00
1.779661e-02 2.311898e+00 1.669492e+00
1.822034e-02 2.345783e+00 1.646329e+00
1.843221e-02 2.362847e+00 1.635054e+00
1.864407e-02 2.380000e+00 1.624000e+00
1.949152e-02 2.448957e+00 1.580732e+00
1.991525e-02 2.483794e+00 1.559952e+00
2.012712e-02 2.501342e+00 1.549855e+00
2.033898e-02 2.519000e+00 1.540000e+00
2.118644e-02 2.590263e+00 1.502327e+00
2.161017e-02 2.626401e+00 1.484383e+00
2.182203e-02 2.644634e+00 1.475625e+00
2.203390e-02 2.663000e+00 1.467000e+00
2.288135e-02 2.737274e+00 1.432751e+00
2.330508e-02 2.774932e+00 1.416094e+00
2.351695e-02 2.793911e+00 1.407960e+00
2.372881e-02 2.813000e+00 1.400000e+00
2.457627e-02 2.889885e+00 1.369549e+00
2.500000e-02 2.928750e+00 1.355044e+00
2.521186e-02 2.948320e+00 1.347966e+00
2.542373e-02 2.968000e+00 1.341000e+00
2.627118e-02 3.047288e+00 1.313522e+00
2.669491e-02 3.087416e+00 1.300109e+00
2.690678e-02 3.107642e+00 1.293510e+00
2.711864e-02 3.128000e+00 1.287000e+00
2.796610e-02 3.210324e+00 1.261414e+00
2.838983e-02 3.251987e+00 1.249018e+00
2.860169e-02 3.272949e+00 1.242954e+00
2.881356e-02 3.294000e+00 1.237000e+00
2.966101e-02 3.378479e+00 1.213918e+00
3.008474e-02 3.421057e+00 1.202803e+00
3.029661e-02 3.442473e+00 1.197361e+00
3.050847e-02 3.464000e+00 1.192000e+00
3.220339e-02 3.638965e+00 1.150485e+00
3.305085e-02 3.728278e+00 1.130786e+00
3.347458e-02 3.773451e+00 1.121266e+00
3.368645e-02 3.796177e+00 1.116599e+00
3.389831e-02 3.819000e+00 1.112000e+00
3.601695e-02 4.049672e+00 1.068047e+00
3.707627e-02 4.166975e+00 1.047475e+00
3.760593e-02 4.226246e+00 1.037591e+00
3.787076e-02 4.256058e+00 1.032757e+00
3.813559e-02 4.286000e+00 1.028000e+00
4.025423e-02 4.527999e+00 9.912754e-01
4.131356e-02 4.650774e+00 9.738862e-01
4.184322e-02 4.712689e+00 9.654829e-01
4.210805e-02 4.743792e+00 9.613622e-01
4.237288e-02 4.775000e+00 9.573000e-01
4.449153e-02 5.026562e+00 9.258500e-01
4.555085e-02 5.153717e+00 9.109014e-01
4.608051e-02 5.217704e+00 9.036615e-01
4.634534e-02 5.249811e+00 9.001070e-01
4.661017e-02 5.282000e+00 8.966000e-01
4.872881e-02 5.541040e+00 8.694076e-01
4.978814e-02 5.671609e+00 8.564430e-01
5.031780e-02 5.737194e+00 8.501499e-01
5.058263e-02 5.770068e+00 8.470559e-01
5.084746e-02 5.803000e+00 8.440000e-01
5.296610e-02 6.067436e+00 8.202326e-01
5.402543e-02 6.200401e+00 8.088548e-01
5.455509e-02 6.267112e+00 8.033190e-01
5.481992e-02 6.300533e+00 8.005940e-01
5.508475e-02 6.334000e+00 7.979000e-01
5.720339e-02 6.602803e+00 7.769013e-01
5.826271e-02 6.737748e+00 7.668223e-01
5.879237e-02 6.805341e+00 7.619116e-01
5.932203e-02 6.873000e+00 7.571000e-01
6.144068e-02 7.143781e+00 7.384248e-01
6.250000e-02 7.279317e+00 7.294620e-01
6.302966e-02 7.347136e+00 7.250902e-01
6.355932e-02 7.415000e+00 7.208000e-01
6.567797e-02 7.686911e+00 7.040749e-01
6.673729e-02 7.822972e+00 6.960120e-01
6.726695e-02 7.890997e+00 6.920712e-01
6.779661e-02 7.959000e+00 6.882000e-01
7.203390e-02 8.502563e+00 6.586754e-01
7.415255e-02 8.773376e+00 6.449010e-01
7.521187e-02 8.908374e+00 6.382967e-01
7.574153e-02 8.975740e+00 6.350713e-01
7.627119e-02 9.043000e+00 6.319000e-01
8.050847e-02 9.579393e+00 6.074690e-01
8.262712e-02 9.845687e+00 5.959464e-01
8.368644e-02 9.978139e+00 5.903939e-01
8.421610e-02 1.004415e+01 5.876759e-01
8.474576e-02 1.011000e+01 5.850000e-01
8.898305e-02 1.063428e+01 5.643735e-01
9.110170e-02 1.089361e+01 5.546136e-01
9.216102e-02 1.102224e+01 5.498962e-01
9.269068e-02 1.108624e+01 5.475821e-01
9.322034e-02 1.115000e+01 5.453000e-01
9.745762e-02 1.165470e+01 5.276054e-01
9.957626e-02 1.190362e+01 5.191773e-01
1.006356e-01 1.202714e+01 5.150902e-01
1.011652e-01 1.208866e+01 5.130822e-01
1.016949e-01 1.215000e+01 5.111000e-01
1.059322e-01 1.263954e+01 4.957046e-01
1.080509e-01 1.288151e+01 4.883553e-01
1.091102e-01 1.300130e+01 4.847869e-01
1.101695e-01 1.312000e+01 4.813000e-01
1.144068e-01 1.358669e+01 4.678251e-01
1.165255e-01 1.381517e+01 4.613914e-01
1.175848e-01 1.392807e+01 4.582628e-01
1.186441e-01 1.404000e+01 4.552000e-01
1.271186e-01 1.492019e+01 4.320118e-01
1.313559e-01 1.534656e+01 4.213092e-01
1.334746e-01 1.555515e+01 4.162118e-01
1.345339e-01 1.565808e+01 4.137318e-01
1.355932e-01 1.576000e+01 4.113000e-01
1.440678e-01 1.655610e+01 3.926900e-01
1.483051e-01 1.693937e+01 3.839952e-01
1.504237e-01 1.712645e+01 3.798293e-01
1.514831e-01 1.721869e+01 3.777966e-01
1.525424e-01 1.731000e+01 3.758000e-01
1.610169e-01 1.802407e+01 3.605002e-01
1.652542e-01 1.836788e+01 3.533159e-01
1.673729e-01 1.853559e+01 3.498583e-01
1.694915e-01 1.870000e+01 3.465000e-01
1.779661e-01 1.933820e+01 3.335926e-01
1.822034e-01 1.964436e+01 3.274979e-01
1.843220e-01 1.979361e+01 3.245582e-01
1.864407e-01 1.994000e+01 3.217000e-01
1.949152e-01 2.051004e+01 3.107377e-01
1.991525e-01 2.078442e+01 3.055533e-01
2.012712e-01 2.091842e+01 3.030457e-01
2.033898e-01 2.105000e+01 3.006000e-01
2.118644e-01 2.156326e+01 2.911372e-01
2.161017e-01 2.181059e+01 2.866267e-01
2.182204e-01 2.193139e+01 2.844380e-01
2.203390e-01 2.205000e+01 2.823000e-01
2.288136e-01 2.251214e+01 2.740393e-01
2.330508e-01 2.273466e+01 2.700959e-01
2.372881e-01 2.295000e+01 2.663000e-01
2.457627e-01 2.336642e+01 2.589771e-01
2.500000e-01 2.356647e+01 2.554740e-01
2.542373e-01 2.376000e+01 2.521000e-01
2.627118e-01 2.413489e+01 2.456068e-01
2.669491e-01 2.431529e+01 2.424995e-01
2.711864e-01 2.449000e+01 2.395000e-01
2.796610e-01 2.482798e+01 2.336940e-01
2.838983e-01 2.499113e+01 2.309023e-01
2.881356e-01 2.515000e+01 2.282000e-01
2.966102e-01 2.546163e+01 2.229642e-01
3.008474e-01 2.561292e+01 2.204430e-01
3.050847e-01 2.576000e+01 2.180000e-01
3.220339e-01 2.631561e+01 2.087193e-01
3.305085e-01 2.657459e+01 2.043887e-01
3.389831e-01 2.682000e+01 2.003000e-01
3.601695e-01 2.740191e+01 1.907481e-01
3.707627e-01 2.767367e+01 1.863385e-01
3.813559e-01 2.793000e+01 1.822000e-01
4.025424e-01 2.841129e+01 1.743932e-01
4.131356e-01 2.863625e+01 1.707472e-01
4.237288e-01 2.885000e+01 1.673000e-01
4.449152e-01 2.926000e+01 1.607764e-01
4.555085e-01 2.945440e+01 1.577129e-01
4.661017e-01 2.964000e+01 1.548000e-01
4.872882e-01 2.999342e+01 1.492310e-01
4.978814e-01 3.016045e+01 1.466014e-01
5.084746e-01 3.032000e+01 1.441000e-01
5.296611e-01 3.062540e+01 1.393681e-01
5.508475e-01 3.091000e+01 1.350000e-01
5.720339e-01 3.117912e+01 1.308565e-01
5.932203e-01 3.143000e+01 1.270000e-01
6.144068e-01 3.166768e+01 1.233793e-01
6.355932e-01 3.189000e+01 1.200000e-01
6.567797e-01 3.210147e+01 1.167553e-01
6.779661e-01 3.230000e+01 1.137000e-01
7.203390e-01 3.267052e+01 1.080736e-01
7.415255e-01 3.284102e+01 1.055011e-01
7.627119e-01 3.300000e+01 1.031000e-01
8.050848e-01 3.329636e+01 9.858069e-02
8.474576e-01 3.356000e+01 9.448000e-02
8.898305e-01 3.379904e+01 9.068600e-02
9.322034e-01 3.401000e+01 8.724000e-02
9.745762e-01 3.420179e+01 8.403911e-02
1.016949e+00 3.437000e+01 8.111000e-02
1.101695e+00 3.465000e+01 7.583000e-02
1.186441e+00 3.486000e+01 7.124000e-02
1.355932e+00 3.510000e+01 6.364000e-02
1.525424e+00 3.516000e+01 5.759000e-02
1.694915e+00 3.508000e+01 5.265000e-02
1.864407e+00 3.488000e+01 4.854000e-02
2.033898e+00 3.467000e+01 4.506000e-02
2.203390e+00 3.449000e+01 4.207000e-02
2.288136e+00 3.426725e+01 4.072100e-02
2.372881e+00 3.401000e+01 3.948000e-02
2.457627e+00 3.379295e+01 3.830559e-02
2.542373e+00 3.360000e+01 3.721000e-02
2.627118e+00 3.340678e+01 3.617215e-02
2.711864e+00 3.321000e+01 3.520000e-02
2.796610e+00 3.300804e+01 3.427229e-02
2.881356e+00 3.280000e+01 3.340000e-02
2.966101e+00 3.258698e+01 3.257023e-02
3.050847e+00 3.237000e+01 3.179000e-02
3.220339e+00 3.193199e+01 3.033142e-02
3.305085e+00 3.171141e+01 2.965564e-02
3.389831e+00 3.149000e+01 2.902000e-02
3.601695e+00 3.093295e+01 2.753571e-02
3.707627e+00 3.065526e+01 2.685133e-02
3.813559e+00 3.038000e+01 2.621000e-02
4.025424e+00 2.983799e+01 2.500183e-02
4.131356e+00 2.957198e+01 2.443950e-02
4.237288e+00 2.931000e+01 2.391000e-02
4.449153e+00 2.879214e+01 2.291463e-02
4.555085e+00 2.853846e+01 2.245004e-02
4.661017e+00 2.829000e+01 2.201000e-02
4.872882e+00 2.780640e+01 2.117185e-02
4.978814e+00 2.757099e+01 2.077652e-02
5.084746e+00 2.734000e+01 2.040000e-02
5.296610e+00 2.688325e+01 1.968237e-02
5.402543e+00 2.665939e+01 1.934338e-02
5.508475e+00 2.644000e+01 1.902000e-02
5.720339e+00 2.601156e+01 1.840331e-02
5.826271e+00 2.580335e+01 1.811075e-02
5.932203e+00 2.560000e+01 1.783000e-02
6.144068e+00 2.520270e+01 1.728775e-02
6.250000e+00 2.500929e+01 1.702873e-02
6.355932e+00 2.482000e+01 1.678000e-02
6.567797e+00 2.444855e+01 1.630434e-02
6.673729e+00 2.426733e+01 1.607789e-02
6.779661e+00 2.409000e+01 1.586000e-02
7.203390e+00 2.340616e+01 1.503725e-02
7.415255e+00 2.308120e+01 1.465665e-02
7.521187e+00 2.292373e+01 1.447513e-02
7.627119e+00 2.277000e+01 1.430000e-02
8.050847e+00 2.217674e+01 1.363369e-02
8.262712e+00 2.189335e+01 1.332289e-02
8.368644e+00 2.175535e+01 1.317402e-02
8.474576e+00 2.162000e+01 1.303000e-02
8.898305e+00 2.109113e+01 1.248067e-02
9.110170e+00 2.083629e+01 1.222340e-02
9.216102e+00 2.071194e+01 1.209983e-02
9.322034e+00 2.059000e+01 1.198000e-02
9.745762e+00 2.011692e+01 1.152191e-02
9.957626e+00 1.988977e+01 1.130596e-02
1.006356e+01 1.977889e+01 1.120165e-02
1.016949e+01 1.967000e+01 1.110000e-02
1.059322e+01 1.924511e+01 1.070654e-02
1.080508e+01 1.903972e+01 1.051924e-02
1.091102e+01 1.893909e+01 1.042850e-02
1.101695e+01 1.884000e+01 1.034000e-02
1.144068e+01 1.845191e+01 9.999098e-03
1.165254e+01 1.826356e+01 9.837138e-03
1.175848e+01 1.817112e+01 9.758639e-03
1.186441e+01 1.808000e+01 9.682000e-03
1.271186e+01 1.737813e+01 9.106948e-03
1.313559e+01 1.704635e+01 8.844479e-03
1.334746e+01 1.688608e+01 8.720231e-03
1.355932e+01 1.673000e+01 8.601000e-03
1.440678e+01 1.612874e+01 8.150583e-03
1.483051e+01 1.584328e+01 7.942206e-03
1.504237e+01 1.570498e+01 7.842837e-03
1.525424e+01 1.557000e+01 7.747000e-03
1.610169e+01 1.504814e+01 7.382746e-03
1.652542e+01 1.479921e+01 7.212969e-03
1.673729e+01 1.467828e+01 7.131661e-03
1.694915e+01 1.456000e+01 7.053000e-03
1.779661e+01 1.410064e+01 6.752952e-03
1.822034e+01 1.388099e+01 6.612286e-03
1.843220e+01 1.377429e+01 6.544650e-03
1.864407e+01 1.367000e+01 6.479000e-03
1.949152e+01 1.326709e+01 6.227047e-03
1.991525e+01 1.307487e+01 6.108151e-03
2.012712e+01 1.298144e+01 6.050793e-03
2.033898e+01 1.289000e+01 5.995000e-03
2.118644e+01 1.253271e+01 5.780588e-03
2.161017e+01 1.236226e+01 5.679046e-03
2.182203e+01 1.227993e+01 5.629916e-03
2.203390e+01 1.220000e+01 5.582000e-03
2.288135e+01 1.189696e+01 5.396801e-03
2.330508e+01 1.175503e+01 5.308593e-03
2.351695e+01 1.168663e+01 5.265800e-03
2.372881e+01 1.162000e+01 5.224000e-03
2.457627e+01 1.136066e+01 5.062263e-03
2.500000e+01 1.123731e+01 4.985105e-03
2.521186e+01 1.117778e+01 4.947634e-03
2.542373e+01 1.112000e+01 4.911000e-03
2.627118e+01 1.089879e+01 4.769260e-03
2.669491e+01 1.079591e+01 4.701437e-03
2.711864e+01 1.070000e+01 4.636000e-03
2.796610e+01 1.052704e+01 4.509344e-03
2.838983e+01 1.044712e+01 4.448594e-03
2.881356e+01 1.037000e+01 4.390000e-03
2.966101e+01 1.021727e+01 4.277195e-03
3.008474e+01 1.013971e+01 4.223174e-03
3.050847e+01 1.006000e+01 4.171000e-03
3.220339e+01 9.704664e+00 3.973389e-03
3.305085e+01 9.519123e+00 3.881510e-03
3.347458e+01 9.427017e+00 3.837537e-03
3.389831e+01 9.337000e+00 3.795000e-03
3.601695e+01 8.931236e+00 3.593947e-03
3.707627e+01 8.750286e+00 3.501008e-03
3.760593e+01 8.664722e+00 3.456709e-03
3.813559e+01 8.582000e+00 3.414000e-03
4.025424e+01 8.257508e+00 3.251799e-03
4.131356e+01 8.102160e+00 3.176225e-03
4.184322e+01 8.027006e+00 3.140027e-03
4.237288e+01 7.954000e+00 3.105000e-03
4.449152e+01 7.676946e+00 2.971192e-03
4.555085e+01 7.547239e+00 2.908430e-03
4.608051e+01 7.484779e+00 2.878263e-03
4.661017e+01 7.424000e+00 2.849000e-03
4.872881e+01 7.188894e+00 2.736939e-03
4.978814e+01 7.077030e+00 2.684166e-03
5.031780e+01 7.022843e+00 2.658730e-03
5.084746e+01 6.970000e+00 2.634000e-03
5.296610e+01 6.766446e+00 2.539007e-03
5.402543e+01 6.669720e+00 2.494018e-03
5.455509e+01 6.622819e+00 2.472244e-03
5.508475e+01 6.577000e+00 2.451000e-03
5.720339e+01 6.399426e+00 2.368788e-03
5.826271e+01 6.314574e+00 2.329595e-03
5.879237e+01 6.273335e+00 2.310577e-03
5.932203e+01 6.233000e+00 2.292000e-03
6.144067e+01 6.076798e+00 2.220151e-03
6.250000e+01 6.002055e+00 2.185892e-03
6.302966e+01 5.965664e+00 2.169259e-03
6.355932e+01 5.930000e+00 2.153000e-03
6.567797e+01 5.791372e+00 2.090059e-03
6.673729e+01 5.724651e+00 2.059968e-03
6.726695e+01 5.692044e+00 2.045330e-03
6.779661e+01 5.660000e+00 2.031000e-03
7.203390e+01 5.414613e+00 1.922720e-03
7.415255e+01 5.299681e+00 1.872771e-03
7.521187e+01 5.244491e+00 1.848966e-03
7.574153e+01 5.217522e+00 1.837374e-03
7.627119e+01 5.191000e+00 1.826000e-03
8.050848e+01 4.986435e+00 1.738564e-03
8.262712e+01 4.890126e+00 1.697599e-03
8.368644e+01 4.843837e+00 1.677969e-03
8.474576e+01 4.799000e+00 1.659000e-03
8.898305e+01 4.628414e+00 1.587195e-03
9.110169e+01 4.548594e+00 1.553706e-03
9.216102e+01 4.510234e+00 1.537621e-03
9.322034e+01 4.473000e+00 1.522000e-03
9.745762e+01 4.330057e+00 1.461684e-03
9.957626e+01 4.262478e+00 1.433138e-03
1.006356e+02 4.229820e+00 1.419371e-03
1.016949e+02 4.198000e+00 1.406000e-03
1.059322e+02 4.075097e+00 1.355036e-03
1.080508e+02 4.016739e+00 1.331000e-03
1.091102e+02 3.988506e+00 1.319367e-03
1.101695e+02 3.961000e+00 1.308000e-03
1.144068e+02 3.855280e+00 1.263659e-03
1.165255e+02 3.805099e+00 1.242405e-03
1.175848e+02 3.780770e+00 1.232081e-03
1.186441e+02 3.757000e+00 1.222000e-03
1.271187e+02 3.577659e+00 1.147108e-03
1.313559e+02 3.495413e+00 1.113257e-03
1.334746e+02 3.456423e+00 1.097294e-03
1.345339e+02 3.437507e+00 1.089562e-03
1.355932e+02 3.419000e+00 1.082000e-03
1.440678e+02 3.278265e+00 1.024256e-03
1.483051e+02 3.213060e+00 9.973973e-04
1.504237e+02 3.181967e+00 9.845706e-04
1.525424e+02 3.152000e+00 9.722000e-04
1.694915e+02 2.936000e+00 8.831000e-04
