2.222222e-03 1.073000e+00 2.895000e+00
2.444444e-03 1.110000e+00 2.816000e+00
2.555555e-03 1.132025e+00 2.778325e+00
2.611111e-03 1.143803e+00 2.759988e+00
2.638889e-03 1.149857e+00 2.750949e+00
2.666667e-03 1.156000e+00 2.742000e+00
2.777778e-03 1.180704e+00 2.706600e+00
2.833334e-03 1.193245e+00 2.689181e+00
2.861111e-03 1.199590e+00 2.680557e+00
2.888889e-03 1.206000e+00 2.672000e+00
3.000000e-03 1.232317e+00 2.638060e+00
3.055556e-03 1.245662e+00 2.621382e+00
3.083333e-03 1.252341e+00 2.613147e+00
3.111111e-03 1.259000e+00 2.605000e+00
3.222222e-03 1.285237e+00 2.572959e+00
3.277778e-03 1.298170e+00 2.557320e+00
3.333333e-03 1.311000e+00 2.542000e+00
3.444445e-03 1.336603e+00 2.512027e+00
3.500000e-03 1.349337e+00 2.497386e+00
3.555556e-03 1.362000e+00 2.483000e+00
3.666667e-03 1.387206e+00 2.454682e+00
3.722223e-03 1.399676e+00 2.440756e+00
3.777778e-03 1.412000e+00 2.427000e+00
3.888889e-03 1.436314e+00 2.399682e+00
3.944444e-03 1.448253e+00 2.386230e+00
4.000000e-03 1.460000e+00 2.373000e+00
4.222222e-03 1.505719e+00 2.321992e+00
4.333333e-03 1.527716e+00 2.297595e+00
4.388889e-03 1.538456e+00 2.285694e+00
4.444444e-03 1.549000e+00 2.274000e+00
4.722222e-03 1.600063e+00 2.216951e+00
4.861111e-03 1.624479e+00 2.189506e+00
4.930555e-03 1.636361e+00 2.176121e+00
5.000000e-03 1.648000e+00 2.163000e+00
5.277778e-03 1.693246e+00 2.112075e+00
5.416667e-03 1.714986e+00 2.087630e+00
5.486111e-03 1.725592e+00 2.075705e+00
5.555556e-03 1.736000e+00 2.064000e+00
5.833333e-03 1.776627e+00 2.018320e+00
5.972222e-03 1.796162e+00 1.996305e+00
6.041667e-03 1.805680e+00 1.985554e+00
6.111111e-03 1.815000e+00 1.975000e+00
6.388889e-03 1.851051e+00 1.933967e+00
6.527778e-03 1.868317e+00 1.914194e+00
6.666667e-03 1.885000e+00 1.895000e+00
6.944445e-03 1.917279e+00 1.857590e+00
7.083333e-03 1.932851e+00 1.839520e+00
7.222222e-03 1.948000e+00 1.822000e+00
7.500000e-03 1.977575e+00 1.788240e+00
7.638889e-03 1.991951e+00 1.771935e+00
7.777778e-03 2.006000e+00 1.756000e+00
8.055556e-03 2.033462e+00 1.724407e+00
8.194444e-03 2.046857e+00 1.708989e+00
8.333333e-03 2.060000e+00 1.694000e+00
8.611111e-03 2.085871e+00 1.665229e+00
8.750000e-03 2.098547e+00 1.651417e+00
8.888889e-03 2.111000e+00 1.638000e+00
9.444444e-03 2.159084e+00 1.586207e+00
9.722222e-03 2.182288e+00 1.561581e+00
9.861111e-03 2.193700e+00 1.549647e+00
1.000000e-02 2.205000e+00 1.538000e+00
1.055556e-02 2.249814e+00 1.492987e+00
1.083333e-02 2.271992e+00 1.471552e+00
1.111111e-02 2.294000e+00 1.451000e+00
1.166666e-02 2.337692e+00 1.411724e+00
1.194444e-02 2.359392e+00 1.393021e+00
1.222222e-02 2.381000e+00 1.375000e+00
1.277777e-02 2.423991e+00 1.339990e+00
1.305555e-02 2.445470e+00 1.323184e+00
1.333333e-02 2.467000e+00 1.307000e+00
1.388889e-02 2.510327e+00 1.276033e+00
1.416666e-02 2.532120e+00 1.261259e+00
1.444444e-02 2.554000e+00 1.247000e+00
1.500000e-02 2.597735e+00 1.219312e+00
1.527778e-02 2.619757e+00 1.205956e+00
1.555556e-02 2.642000e+00 1.193000e+00
1.666667e-02 2.733339e+00 1.143706e+00
1.722223e-02 2.780260e+00 1.120700e+00
1.750000e-02 2.804030e+00 1.109674e+00
1.777778e-02 2.828000e+00 1.099000e+00
1.888889e-02 2.924458e+00 1.058252e+00
1.944444e-02 2.973366e+00 1.039131e+00
1.972222e-02 2.998073e+00 1.029932e+00
2.000000e-02 3.023000e+00 1.021000e+00
2.111111e-02 3.124246e+00 9.867591e-01
2.166667e-02 3.175784e+00 9.705695e-01
2.194444e-02 3.201804e+00 9.627387e-01
2.222222e-02 3.228000e+00 9.551000e-01
2.333333e-02 3.333608e+00 9.255166e-01
2.388888e-02 3.387031e+00 9.114151e-01
2.416666e-02 3.413938e+00 9.045761e-01
2.444444e-02 3.441000e+00 8.979000e-01
2.555556e-02 3.550272e+00 8.721468e-01
2.611111e-02 3.605455e+00 8.598817e-01
2.638889e-02 3.633183e+00 8.539258e-01
2.666667e-02 3.661000e+00 8.481000e-01
2.777778e-02 3.772618e+00 8.254882e-01
2.833334e-02 3.828692e+00 8.146512e-01
2.861111e-02 3.856813e+00 8.093727e-01
2.888889e-02 3.885000e+00 8.042000e-01
3.000000e-02 3.998113e+00 7.840831e-01
3.055555e-02 4.054939e+00 7.744241e-01
3.083333e-02 4.083436e+00 7.697158e-01
3.111111e-02 4.112000e+00 7.651000e-01
3.222222e-02 4.226732e+00 7.471658e-01
3.277778e-02 4.284311e+00 7.385445e-01
3.305555e-02 4.313144e+00 7.343347e-01
3.333333e-02 4.342000e+00 7.302000e-01
3.444445e-02 4.457420e+00 7.140582e-01
3.500000e-02 4.515176e+00 7.062634e-01
3.527778e-02 4.544077e+00 7.024498e-01
3.555556e-02 4.573000e+00 6.987000e-01
3.666667e-02 4.688854e+00 6.840569e-01
3.722222e-02 4.746886e+00 6.769782e-01
3.750000e-02 4.775932e+00 6.735115e-01
3.777778e-02 4.805000e+00 6.701000e-01
3.888889e-02 4.921507e+00 6.567512e-01
3.944444e-02 4.979783e+00 6.502863e-01
3.972222e-02 5.008904e+00 6.471182e-01
4.000000e-02 5.038000e+00 6.440000e-01
4.222222e-02 5.269719e+00 6.201042e-01
4.333333e-02 5.385024e+00 6.088718e-01
4.388889e-02 5.442550e+00 6.034606e-01
4.416666e-02 5.471284e+00 6.008106e-01
4.444444e-02 5.500000e+00 5.982000e-01
4.722222e-02 5.787370e+00 5.731598e-01
4.861111e-02 5.930578e+00 5.614147e-01
4.930556e-02 6.001920e+00 5.557714e-01
4.965278e-02 6.037498e+00 5.530130e-01
5.000000e-02 6.073000e+00 5.503000e-01
5.277778e-02 6.355229e+00 5.294108e-01
5.416667e-02 6.495105e+00 5.195604e-01
5.486112e-02 6.564685e+00 5.148130e-01
5.520834e-02 6.599377e+00 5.124887e-01
5.555556e-02 6.634000e+00 5.102000e-01
5.833334e-02 6.910088e+00 4.925484e-01
5.972222e-02 7.047092e+00 4.841874e-01
6.041667e-02 7.115211e+00 4.801430e-01
6.111111e-02 7.183000e+00 4.762000e-01
6.388889e-02 7.452107e+00 4.609700e-01
6.527778e-02 7.585185e+00 4.537292e-01
6.597222e-02 7.651269e+00 4.502216e-01
6.666667e-02 7.717000e+00 4.468000e-01
6.944444e-02 7.977983e+00 4.336108e-01
7.083333e-02 8.107085e+00 4.273319e-01
7.152778e-02 8.171207e+00 4.242829e-01
7.222222e-02 8.235000e+00 4.213000e-01
7.500000e-02 8.488528e+00 4.097119e-01
7.638889e-02 8.613911e+00 4.041562e-01
7.708334e-02 8.676142e+00 4.014506e-01
7.777778e-02 8.738000e+00 3.988000e-01
8.055556e-02 8.983125e+00 3.885076e-01
8.194444e-02 9.104172e+00 3.835691e-01
8.263889e-02 9.164251e+00 3.811614e-01
8.333333e-02 9.224000e+00 3.788000e-01
8.611111e-02 9.461430e+00 3.696057e-01
8.750000e-02 9.578832e+00 3.651808e-01
8.819444e-02 9.637095e+00 3.630205e-01
8.888889e-02 9.695000e+00 3.609000e-01
9.444445e-02 1.015032e+01 3.447734e-01
9.722222e-02 1.037239e+01 3.372709e-01
9.861111e-02 1.048180e+01 3.336780e-01
9.930556e-02 1.053606e+01 3.319241e-01
1.000000e-01 1.059000e+01 3.302000e-01
1.055555e-01 1.101739e+01 3.169066e-01
1.083333e-01 1.122625e+01 3.106410e-01
1.097222e-01 1.132889e+01 3.076254e-01
1.111111e-01 1.143000e+01 3.047000e-01
1.166667e-01 1.182281e+01 2.935426e-01
1.194444e-01 1.201327e+01 2.882957e-01
1.208333e-01 1.210708e+01 2.857647e-01
1.222222e-01 1.220000e+01 2.833000e-01
1.277777e-01 1.256981e+01 2.737682e-01
1.305555e-01 1.275167e+01 2.692351e-01
1.319444e-01 1.284138e+01 2.670400e-01
1.333333e-01 1.293000e+01 2.649000e-01
1.388889e-01 1.327700e+01 2.566671e-01
1.416666e-01 1.344552e+01 2.527548e-01
1.430555e-01 1.352831e+01 2.508564e-01
1.444444e-01 1.361000e+01 2.490000e-01
1.500000e-01 1.393059e+01 2.417860e-01
1.527778e-01 1.408689e+01 2.383290e-01
1.541667e-01 1.416388e+01 2.366466e-01
1.555556e-01 1.424000e+01 2.350000e-01
1.666667e-01 1.483362e+01 2.225938e-01
1.722223e-01 1.511760e+01 2.169014e-01
1.750000e-01 1.525545e+01 2.141988e-01
1.777778e-01 1.539000e+01 2.116000e-01
1.888889e-01 1.590719e+01 2.017686e-01
1.944445e-01 1.615325e+01 1.972011e-01
1.972222e-01 1.627284e+01 1.950152e-01
2.000000e-01 1.639000e+01 1.929000e-01
2.111111e-01 1.684809e+01 1.848036e-01
2.166667e-01 1.706823e+01 1.810011e-01
2.194444e-01 1.717532e+01 1.791730e-01
2.222222e-01 1.728000e+01 1.774000e-01
2.333333e-01 1.768335e+01 1.706222e-01
2.388889e-01 1.787540e+01 1.674329e-01
2.416666e-01 1.796869e+01 1.658955e-01
2.444444e-01 1.806000e+01 1.644000e-01
2.555555e-01 1.841479e+01 1.586406e-01
2.611111e-01 1.858523e+01 1.559097e-01
2.666667e-01 1.875000e+01 1.533000e-01
2.777778e-01 1.906864e+01 1.483139e-01
2.833333e-01 1.922177e+01 1.459539e-01
2.888889e-01 1.937000e+01 1.437000e-01
3.000000e-01 1.965724e+01 1.394043e-01
3.055556e-01 1.979567e+01 1.373635e-01
3.111111e-01 1.993000e+01 1.354000e-01
3.222222e-01 2.019217e+01 1.315870e-01
3.277777e-01 2.031837e+01 1.297586e-01
3.333333e-01 2.044000e+01 1.280000e-01
3.444445e-01 2.067144e+01 1.246457e-01
3.500000e-01 2.078219e+01 1.230463e-01
3.555556e-01 2.089000e+01 1.215000e-01
3.666667e-01 2.110391e+01 1.184769e-01
3.777778e-01 2.131000e+01 1.156000e-01
3.888889e-01 2.150554e+01 1.128669e-01
4.000000e-01 2.169000e+01 1.103000e-01
4.222222e-01 2.204016e+01 1.055116e-01
4.333333e-01 2.220444e+01 1.032923e-01
4.444444e-01 2.236000e+01 1.012000e-01
4.722222e-01 2.272381e+01 9.627646e-02
4.861111e-01 2.289199e+01 9.399353e-02
5.000000e-01 2.305000e+01 9.185000e-02
5.277778e-01 2.334901e+01 8.782698e-02
5.416667e-01 2.348855e+01 8.595565e-02
5.555556e-01 2.362000e+01 8.419000e-02
5.833333e-01 2.386635e+01 8.084718e-02
6.111111e-01 2.409000e+01 7.779000e-02
6.388889e-01 2.429961e+01 7.494921e-02
6.666667e-01 2.449000e+01 7.235000e-02
6.944444e-01 2.466428e+01 6.991539e-02
7.222222e-01 2.482000e+01 6.767000e-02
7.500000e-01 2.496265e+01 6.555787e-02
7.777778e-01 2.509000e+01 6.360000e-02
8.333333e-01 2.531000e+01 6.003000e-02
8.888889e-01 2.550000e+01 5.686000e-02
9.444444e-01 2.564977e+01 5.400432e-02
1.000000e+00 2.576000e+01 5.148000e-02
1.111111e+00 2.591000e+01 4.709000e-02
1.222222e+00 2.597000e+01 4.344000e-02
1.333333e+00 2.596000e+01 4.034000e-02
1.444444e+00 2.589000e+01 3.768000e-02
1.555556e+00 2.578000e+01 3.537000e-02
1.666667e+00 2.562841e+01 3.332500e-02
1.777778e+00 2.544000e+01 3.155000e-02
1.888889e+00 2.522430e+01 2.993898e-02
2.000000e+00 2.501000e+01 2.851000e-02
2.111111e+00 2.485003e+01 2.720737e-02
2.222222e+00 2.467000e+01 2.604000e-02
2.333333e+00 2.437840e+01 2.495940e-02
2.388888e+00 2.421337e+01 2.445586e-02
2.444444e+00 2.405000e+01 2.398000e-02
2.555555e+00 2.378144e+01 2.307832e-02
2.666667e+00 2.355000e+01 2.225000e-02
2.777778e+00 2.329982e+01 2.147500e-02
2.833333e+00 2.317046e+01 2.110943e-02
2.888889e+00 2.304000e+01 2.076000e-02
3.000000e+00 2.278352e+01 2.008716e-02
3.055556e+00 2.265659e+01 1.976682e-02
3.111111e+00 2.253000e+01 1.946000e-02
3.222222e+00 2.227483e+01 1.887472e-02
3.277778e+00 2.214715e+01 1.859686e-02
3.333333e+00 2.202000e+01 1.833000e-02
3.444445e+00 2.176830e+01 1.781469e-02
3.500000e+00 2.164371e+01 1.756791e-02
3.555556e+00 2.152000e+01 1.733000e-02
3.666667e+00 2.127314e+01 1.687167e-02
3.722222e+00 2.115087e+01 1.665211e-02
3.777778e+00 2.103000e+01 1.644000e-02
3.888889e+00 2.079219e+01 1.602909e-02
3.944444e+00 2.067533e+01 1.583139e-02
4.000000e+00 2.056000e+01 1.564000e-02
4.222222e+00 2.010609e+01 1.491450e-02
4.333333e+00 1.988523e+01 1.457723e-02
4.388889e+00 1.977680e+01 1.441592e-02
4.444444e+00 1.967000e+01 1.426000e-02
4.722222e+00 1.915144e+01 1.352618e-02
4.861111e+00 1.890197e+01 1.318754e-02
4.930556e+00 1.877999e+01 1.302601e-02
5.000000e+00 1.866000e+01 1.287000e-02
5.277778e+00 1.818794e+01 1.227308e-02
5.416667e+00 1.795990e+01 1.199358e-02
5.486111e+00 1.784875e+01 1.185959e-02
5.555556e+00 1.774000e+01 1.173000e-02
5.833334e+00 1.732247e+01 1.123802e-02
5.972222e+00 1.712309e+01 1.100801e-02
6.041667e+00 1.702577e+01 1.089742e-02
6.111111e+00 1.693000e+01 1.079000e-02
6.388889e+00 1.655222e+01 1.037593e-02
6.527778e+00 1.636851e+01 1.017985e-02
6.597223e+00 1.627849e+01 1.008515e-02
6.666667e+00 1.619000e+01 9.993000e-03
6.944445e+00 1.584557e+01 9.639208e-03
7.083333e+00 1.568000e+01 9.471837e-03
7.152778e+00 1.559923e+01 9.390903e-03
7.222222e+00 1.552000e+01 9.312000e-03
7.500000e+00 1.521231e+01 9.007284e-03
7.638889e+00 1.506406e+01 8.862191e-03
7.777778e+00 1.492000e+01 8.723000e-03
8.055556e+00 1.463860e+01 8.456092e-03
8.194444e+00 1.450234e+01 8.329038e-03
8.333333e+00 1.437000e+01 8.207000e-03
8.611111e+00 1.411386e+01 7.972207e-03
8.750000e+00 1.399025e+01 7.860028e-03
8.888889e+00 1.387000e+01 7.752000e-03
9.444444e+00 1.340785e+01 7.345973e-03
9.722222e+00 1.318903e+01 7.158926e-03
9.861111e+00 1.308319e+01 7.069861e-03
1.000000e+01 1.298000e+01 6.984000e-03
1.055556e+01 1.258192e+01 6.657246e-03
1.083333e+01 1.239226e+01 6.504765e-03
1.097222e+01 1.230014e+01 6.431703e-03
1.111111e+01 1.221000e+01 6.361000e-03
1.166667e+01 1.186012e+01 6.091276e-03
1.194444e+01 1.169222e+01 5.964819e-03
1.208333e+01 1.161034e+01 5.904016e-03
1.222222e+01 1.153000e+01 5.845000e-03
1.277778e+01 1.121630e+01 5.618646e-03
1.305555e+01 1.106545e+01 5.511796e-03
1.319444e+01 1.099195e+01 5.460214e-03
1.333333e+01 1.092000e+01 5.410000e-03
1.388889e+01 1.064212e+01 5.216474e-03
1.416666e+01 1.050896e+01 5.124687e-03
1.430555e+01 1.044394e+01 5.080282e-03
1.444444e+01 1.038000e+01 5.037000e-03
1.500000e+01 1.012912e+01 4.870205e-03
1.527778e+01 1.000740e+01 4.790938e-03
1.541667e+01 9.947724e+00 4.752514e-03
1.555556e+01 9.889000e+00 4.715000e-03
1.666667e+01 9.439594e+00 4.433629e-03
1.722223e+01 9.229126e+00 4.305199e-03
1.750000e+01 9.128030e+00 4.244384e-03
1.763889e+01 9.078612e+00 4.214878e-03
1.777778e+01 9.030000e+00 4.186000e-03
1.888889e+01 8.654581e+00 3.965542e-03
1.944445e+01 8.477596e+00 3.863064e-03
1.972222e+01 8.392478e+00 3.814150e-03
2.000000e+01 8.310000e+00 3.767000e-03
2.111111e+01 7.995377e+00 3.588729e-03
2.166667e+01 7.848427e+00 3.505945e-03
2.194444e+01 7.778045e+00 3.466332e-03
2.222222e+01 7.710000e+00 3.428000e-03
2.333333e+01 7.450117e+00 3.281256e-03
2.388889e+01 7.329167e+00 3.212315e-03
2.416666e+01 7.271494e+00 3.179161e-03
2.444444e+01 7.216000e+00 3.147000e-03
2.555555e+01 7.006108e+00 3.024014e-03
2.611111e+01 6.909841e+00 2.966106e-03
2.638889e+01 6.864386e+00 2.938178e-03
2.666667e+01 6.821000e+00 2.911000e-03
2.777778e+01 6.663140e+00 2.806249e-03
2.833333e+01 6.590363e+00 2.756536e-03
2.861111e+01 6.555006e+00 2.732471e-03
2.888889e+01 6.520000e+00 2.709000e-03
3.000000e+01 6.379068e+00 2.618357e-03
3.055555e+01 6.307284e+00 2.575258e-03
3.083333e+01 6.270871e+00 2.554375e-03
3.111111e+01 6.234000e+00 2.534000e-03
3.222222e+01 6.080316e+00 2.455457e-03
3.277777e+01 6.002855e+00 2.418022e-03
3.305555e+01 5.964583e+00 2.399823e-03
3.333333e+01 5.927000e+00 2.382000e-03
3.444445e+01 5.784250e+00 2.312496e-03
3.500000e+01 5.716841e+00 2.279128e-03
3.527778e+01 5.684109e+00 2.262888e-03
3.555556e+01 5.652000e+00 2.247000e-03
3.666667e+01 5.525706e+00 2.185657e-03
3.722222e+01 5.464447e+00 2.156325e-03
3.750000e+01 5.434460e+00 2.142030e-03
3.777778e+01 5.405000e+00 2.128000e-03
3.888889e+01 5.290510e+00 2.073133e-03
3.944445e+01 5.235406e+00 2.046646e-03
3.972222e+01 5.208473e+00 2.033703e-03
4.000000e+01 5.182000e+00 2.021000e-03
4.222222e+01 4.979159e+00 1.924710e-03
4.333333e+01 4.884041e+00 1.880044e-03
4.388889e+01 4.838330e+00 1.858676e-03
4.444444e+01 4.794000e+00 1.838000e-03
4.722222e+01 4.584130e+00 1.739929e-03
4.861111e+01 4.486694e+00 1.694505e-03
4.930555e+01 4.440085e+00 1.672856e-03
4.965278e+01 4.417345e+00 1.662323e-03
5.000000e+01 4.395000e+00 1.652000e-03
5.277778e+01 4.223454e+00 1.573262e-03
5.416667e+01 4.142428e+00 1.536568e-03
5.486111e+01 4.103239e+00 1.518997e-03
5.555556e+01 4.065000e+00 1.502000e-03
5.833333e+01 3.916321e+00 1.437202e-03
5.972222e+01 3.845518e+00 1.406817e-03
6.041667e+01 3.811287e+00 1.392199e-03
6.111111e+01 3.778000e+00 1.378000e-03
6.388889e+01 3.650814e+00 1.323354e-03
6.527778e+01 3.590959e+00 1.297541e-03
6.597222e+01 3.562093e+00 1.285094e-03
6.666667e+01 3.534000e+00 1.273000e-03
6.944445e+01 3.425645e+00 1.226706e-03
7.083333e+01 3.374198e+00 1.204855e-03
7.152778e+01 3.349290e+00 1.194295e-03
7.222222e+01 3.325000e+00 1.184000e-03
7.500000e+01 3.231396e+00 1.144160e-03
7.638889e+01 3.186830e+00 1.125183e-03
7.708334e+01 3.165183e+00 1.115981e-03
7.777778e+01 3.144000e+00 1.107000e-03
8.055555e+01 3.061497e+00 1.072379e-03
8.194444e+01 3.021974e+00 1.055878e-03
8.263889e+01 3.002767e+00 1.047856e-03
8.333333e+01 2.984000e+00 1.040000e-03
8.611111e+01 2.911692e+00 1.009386e-03
8.750000e+01 2.877210e+00 9.946791e-04
8.819445e+01 2.860436e+00 9.875150e-04
8.888889e+01 2.844000e+00 9.805000e-04
9.444445e+01 2.718722e+00 9.276947e-04
9.722222e+01 2.660544e+00 9.034430e-04
9.861111e+01 2.632776e+00 8.919104e-04
9.930556e+01 2.619257e+00 8.863009e-04
1.000000e+02 2.606000e+00 8.808000e-04
1.055555e+02 2.504833e+00 8.385948e-04
1.083333e+02 2.457602e+00 8.188351e-04
1.097222e+02 2.434948e+00 8.093623e-04
1.111111e+02 2.413000e+00 8.002000e-04
1.166667e+02 2.328868e+00 7.653788e-04
1.194444e+02 2.289359e+00 7.491033e-04
1.208333e+02 2.270382e+00 7.412857e-04
1.222222e+02 2.252000e+00 7.337000e-04
1.277777e+02 2.182109e+00 7.045606e-04
1.305555e+02 2.149284e+00 6.907997e-04
1.319444e+02 2.133443e+00 6.841595e-04
1.333333e+02 2.118000e+00 6.777000e-04
1.388888e+02 2.057943e+00 6.528682e-04
1.416666e+02 2.029321e+00 6.411163e-04
1.430555e+02 2.015474e+00 6.354354e-04
1.444444e+02 2.002000e+00 6.299000e-04
1.500000e+02 1.950544e+00 6.085619e-04
1.527778e+02 1.926245e+00 5.984185e-04
1.541667e+02 1.914484e+00 5.935012e-04
1.555556e+02 1.903000e+00 5.887000e-04
1.666667e+02 1.816013e+00 5.526667e-04
1.722223e+02 1.776057e+00 5.362295e-04
1.750000e+02 1.757132e+00 5.284546e-04
1.763889e+02 1.747961e+00 5.246858e-04
1.777778e+02 1.739000e+00 5.210000e-04
1.888889e+02 1.671344e+00 4.929604e-04
1.944445e+02 1.640168e+00 4.799664e-04
1.972222e+02 1.625319e+00 4.737707e-04
2.000000e+02 1.611000e+00 4.678000e-04
2.222222e+02 1.507000e+00 4.248000e-04
