3.125000e-03 1.216000e+00 1.711000e+00
3.437500e-03 1.267000e+00 1.647000e+00
3.593750e-03 1.292025e+00 1.617750e+00
3.671875e-03 1.304195e+00 1.603716e+00
3.750000e-03 1.316000e+00 1.590000e+00
3.906250e-03 1.338653e+00 1.562579e+00
3.984375e-03 1.349499e+00 1.549119e+00
4.062500e-03 1.360000e+00 1.536000e+00
4.218750e-03 1.380438e+00 1.510878e+00
4.296875e-03 1.390342e+00 1.498794e+00
4.375000e-03 1.400000e+00 1.487000e+00
4.531250e-03 1.418954e+00 1.463603e+00
4.609375e-03 1.428126e+00 1.452158e+00
4.687500e-03 1.437000e+00 1.441000e+00
4.843750e-03 1.453937e+00 1.419546e+00
4.921875e-03 1.462067e+00 1.409172e+00
5.000000e-03 1.470000e+00 1.399000e+00
5.156250e-03 1.485779e+00 1.378726e+00
5.234375e-03 1.493495e+00 1.368759e+00
5.312500e-03 1.501000e+00 1.359000e+00
5.468750e-03 1.515391e+00 1.340087e+00
5.625000e-03 1.529000e+00 1.322000e+00
5.937500e-03 1.554809e+00 1.287387e+00
6.093750e-03 1.567098e+00 1.270892e+00
6.250000e-03 1.579000e+00 1.255000e+00
6.640625e-03 1.608134e+00 1.216675e+00
6.835938e-03 1.622262e+00 1.198442e+00
7.031250e-03 1.636000e+00 1.181000e+00
7.421875e-03 1.662494e+00 1.147842e+00
7.617187e-03 1.675352e+00 1.132117e+00
7.812500e-03 1.688000e+00 1.117000e+00
8.203125e-03 1.713136e+00 1.087629e+00
8.398438e-03 1.725608e+00 1.073544e+00
8.593750e-03 1.738000e+00 1.060000e+00
8.984375e-03 1.762571e+00 1.034159e+00
9.179687e-03 1.774794e+00 1.021859e+00
9.375000e-03 1.787000e+00 1.010000e+00
9.765625e-03 1.811416e+00 9.869642e-01
9.960937e-03 1.823674e+00 9.758601e-01
1.015625e-02 1.836000e+00 9.651000e-01
1.054688e-02 1.860913e+00 9.442512e-01
1.074219e-02 1.873447e+00 9.342176e-01
1.093750e-02 1.886000e+00 9.245000e-01
1.132812e-02 1.910902e+00 9.056787e-01
1.152344e-02 1.923391e+00 8.966073e-01
1.171875e-02 1.936000e+00 8.878000e-01
1.210938e-02 1.961690e+00 8.706577e-01
1.230469e-02 1.974764e+00 8.623646e-01
1.250000e-02 1.988000e+00 8.543000e-01
1.328125e-02 2.041769e+00 8.235145e-01
1.367188e-02 2.069179e+00 8.090477e-01
1.386719e-02 2.083034e+00 8.020778e-01
1.406250e-02 2.097000e+00 7.953000e-01
1.484375e-02 2.153270e+00 7.691999e-01
1.523437e-02 2.181881e+00 7.568252e-01
1.542969e-02 2.196364e+00 7.508377e-01
1.562500e-02 2.211000e+00 7.450000e-01
1.640625e-02 2.270657e+00 7.224776e-01
1.679688e-02 2.301110e+00 7.117661e-01
1.699219e-02 2.316500e+00 7.065724e-01
1.718750e-02 2.332000e+00 7.015000e-01
1.796875e-02 2.394485e+00 6.818795e-01
1.835937e-02 2.426086e+00 6.725113e-01
1.855469e-02 2.441999e+00 6.679571e-01
1.875000e-02 2.458000e+00 6.635000e-01
1.953125e-02 2.522427e+00 6.461939e-01
1.992187e-02 2.555026e+00 6.378987e-01
2.011719e-02 2.571458e+00 6.338586e-01
2.031250e-02 2.588000e+00 6.299000e-01
2.109375e-02 2.654950e+00 6.145234e-01
2.148438e-02 2.688838e+00 6.071382e-01
2.167969e-02 2.705885e+00 6.035352e-01
2.187500e-02 2.723000e+00 6.000000e-01
2.343750e-02 2.860982e+00 5.730836e-01
2.421875e-02 2.930704e+00 5.605690e-01
2.460938e-02 2.965775e+00 5.545841e-01
2.480469e-02 2.983367e+00 5.516658e-01
2.500000e-02 3.001000e+00 5.488000e-01
2.656250e-02 3.142844e+00 5.268103e-01
2.734375e-02 3.214249e+00 5.164840e-01
2.773437e-02 3.250080e+00 5.115182e-01
2.792969e-02 3.268029e+00 5.090896e-01
2.812500e-02 3.286000e+00 5.067000e-01
2.968750e-02 3.430224e+00 4.882881e-01
3.046875e-02 3.502556e+00 4.795881e-01
3.085938e-02 3.538767e+00 4.753878e-01
3.105469e-02 3.556881e+00 4.733291e-01
3.125000e-02 3.575000e+00 4.713000e-01
3.281250e-02 3.720098e+00 4.555890e-01
3.359375e-02 3.792609e+00 4.481278e-01
3.398438e-02 3.828826e+00 4.445176e-01
3.437500e-02 3.865000e+00 4.410000e-01
3.593750e-02 4.009371e+00 4.274813e-01
3.671875e-02 4.081301e+00 4.210614e-01
3.710938e-02 4.117184e+00 4.179464e-01
3.750000e-02 4.153000e+00 4.149000e-01
3.906250e-02 4.295891e+00 4.030431e-01
3.984375e-02 4.367064e+00 3.973623e-01
4.023438e-02 4.402565e+00 3.946004e-01
4.062500e-02 4.438000e+00 3.919000e-01
4.218750e-02 4.579443e+00 3.814738e-01
4.296875e-02 4.649870e+00 3.764959e-01
4.335937e-02 4.684979e+00 3.740736e-01
4.375000e-02 4.720000e+00 3.717000e-01
4.531250e-02 4.859598e+00 3.624554e-01
4.609375e-02 4.928990e+00 3.580058e-01
4.648438e-02 4.963550e+00 3.558331e-01
4.687500e-02 4.998000e+00 3.537000e-01
4.843750e-02 5.135100e+00 3.453847e-01
4.921875e-02 5.203216e+00 3.413786e-01
4.960938e-02 5.237152e+00 3.394217e-01
5.000000e-02 5.271000e+00 3.375000e-01
5.156250e-02 5.406043e+00 3.300150e-01
5.234375e-02 5.473206e+00 3.264046e-01
5.273438e-02 5.506658e+00 3.246380e-01
5.312500e-02 5.540000e+00 3.229000e-01
5.468750e-02 5.672654e+00 3.160938e-01
5.546875e-02 5.738515e+00 3.127991e-01
5.585938e-02 5.771309e+00 3.111861e-01
5.625000e-02 5.804000e+00 3.096000e-01
5.937500e-02 6.063750e+00 2.975128e-01
6.093750e-02 6.192085e+00 2.918597e-01
6.171875e-02 6.255747e+00 2.891412e-01
6.210938e-02 6.287429e+00 2.878106e-01
6.250000e-02 6.319000e+00 2.865000e-01
6.640625e-02 6.631545e+00 2.739004e-01
6.835938e-02 6.785337e+00 2.679872e-01
6.933594e-02 6.861466e+00 2.651485e-01
6.982422e-02 6.899313e+00 2.637622e-01
7.031250e-02 6.937000e+00 2.624000e-01
7.421875e-02 7.235650e+00 2.519564e-01
7.617188e-02 7.382771e+00 2.470517e-01
7.714844e-02 7.455650e+00 2.446917e-01
7.812500e-02 7.528000e+00 2.424000e-01
8.203125e-02 7.814624e+00 2.336078e-01
8.398438e-02 7.955780e+00 2.294561e-01
8.496094e-02 8.025665e+00 2.274516e-01
8.593750e-02 8.095000e+00 2.255000e-01
8.984375e-02 8.369072e+00 2.179822e-01
9.179688e-02 8.503925e+00 2.144141e-01
9.277344e-02 8.570705e+00 2.126861e-01
9.375000e-02 8.637000e+00 2.110000e-01
9.765625e-02 8.899687e+00 2.044813e-01
9.960938e-02 9.029164e+00 2.013766e-01
1.005859e-01 9.093313e+00 1.998706e-01
1.015625e-01 9.157000e+00 1.984000e-01
1.054688e-01 9.409441e+00 1.927162e-01
1.074219e-01 9.533667e+00 1.900053e-01
1.083984e-01 9.595108e+00 1.886883e-01
1.093750e-01 9.656000e+00 1.874000e-01
1.132812e-01 9.895667e+00 1.824061e-01
1.152344e-01 1.001348e+01 1.800122e-01
1.162109e-01 1.007190e+01 1.788450e-01
1.171875e-01 1.013000e+01 1.777000e-01
1.210938e-01 1.036185e+01 1.732341e-01
1.230469e-01 1.047662e+01 1.710823e-01
1.240234e-01 1.053353e+01 1.700314e-01
1.250000e-01 1.059000e+01 1.690000e-01
1.328125e-01 1.103046e+01 1.611633e-01
1.367188e-01 1.124314e+01 1.575240e-01
1.386719e-01 1.134734e+01 1.557833e-01
1.406250e-01 1.145000e+01 1.541000e-01
1.484375e-01 1.185291e+01 1.476688e-01
1.523438e-01 1.204883e+01 1.446534e-01
1.542969e-01 1.214507e+01 1.432047e-01
1.562500e-01 1.224000e+01 1.418000e-01
1.640625e-01 1.261324e+01 1.364303e-01
1.679688e-01 1.279427e+01 1.339034e-01
1.699219e-01 1.288290e+01 1.326851e-01
1.718750e-01 1.297000e+01 1.315000e-01
1.796875e-01 1.330869e+01 1.269339e-01
1.835938e-01 1.347180e+01 1.247686e-01
1.855469e-01 1.355156e+01 1.237211e-01
1.875000e-01 1.363000e+01 1.227000e-01
1.953125e-01 1.393621e+01 1.187614e-01
1.992188e-01 1.408479e+01 1.168904e-01
2.011719e-01 1.415784e+01 1.159842e-01
2.031250e-01 1.423000e+01 1.151000e-01
2.109375e-01 1.451559e+01 1.116896e-01
2.148438e-01 1.465476e+01 1.100637e-01
2.187500e-01 1.479000e+01 1.085000e-01
2.343750e-01 1.529652e+01 1.026211e-01
2.421875e-01 1.553020e+01 9.991846e-02
2.460938e-01 1.564187e+01 9.863461e-02
2.500000e-01 1.575000e+01 9.740000e-02
2.656250e-01 1.616735e+01 9.273024e-02
2.734375e-01 1.636408e+01 9.056444e-02
2.773438e-01 1.645858e+01 8.952967e-02
2.812500e-01 1.655000e+01 8.853000e-02
2.968750e-01 1.689590e+01 8.471998e-02
3.046875e-01 1.705721e+01 8.293673e-02
3.125000e-01 1.721000e+01 8.125000e-02
3.281250e-01 1.750327e+01 7.806164e-02
3.359375e-01 1.764084e+01 7.656753e-02
3.437500e-01 1.777000e+01 7.515000e-02
3.593750e-01 1.800708e+01 7.245374e-02
3.671875e-01 1.811639e+01 7.118213e-02
3.750000e-01 1.822000e+01 6.997000e-02
3.906250e-01 1.842243e+01 6.765581e-02
3.984375e-01 1.851878e+01 6.655936e-02
4.062500e-01 1.861000e+01 6.551000e-02
4.218750e-01 1.877936e+01 6.349782e-02
4.375000e-01 1.893000e+01 6.162000e-02
4.531250e-01 1.906695e+01 5.984442e-02
4.687500e-01 1.919000e+01 5.819000e-02
4.843750e-01 1.930540e+01 5.662466e-02
5.000000e-01 1.941000e+01 5.516000e-02
5.312500e-01 1.959000e+01 5.245000e-02
5.625000e-01 1.974000e+01 5.000000e-02
5.937500e-01 1.985985e+01 4.777683e-02
6.250000e-01 1.995000e+01 4.579000e-02
7.031250e-01 2.010000e+01 4.148000e-02
7.812500e-01 2.015000e+01 3.796000e-02
8.593750e-01 2.014000e+01 3.502000e-02
9.375000e-01 2.007000e+01 3.254000e-02
1.015625e+00 1.997000e+01 3.040000e-02
1.093750e+00 1.984000e+01 2.854000e-02
1.171875e+00 1.968000e+01 2.691000e-02
1.250000e+00 1.951000e+01 2.547000e-02
1.328125e+00 1.933080e+01 2.417432e-02
1.406250e+00 1.914000e+01 2.303000e-02
1.484375e+00 1.893859e+01 2.198196e-02
1.523438e+00 1.883495e+01 2.149685e-02
1.562500e+00 1.873000e+01 2.104000e-02
1.640625e+00 1.852003e+01 2.017282e-02
1.679688e+00 1.841502e+01 1.976581e-02
1.718750e+00 1.831000e+01 1.938000e-02
1.796875e+00 1.809749e+01 1.864960e-02
1.835938e+00 1.799248e+01 1.830644e-02
1.875000e+00 1.789000e+01 1.798000e-02
1.953125e+00 1.769313e+01 1.735678e-02
1.992188e+00 1.759956e+01 1.706183e-02
2.031250e+00 1.751000e+01 1.678000e-02
2.109375e+00 1.734483e+01 1.624107e-02
2.187500e+00 1.718000e+01 1.574000e-02
2.343750e+00 1.677321e+01 1.482196e-02
2.421875e+00 1.655444e+01 1.440555e-02
2.460938e+00 1.644564e+01 1.420879e-02
2.500000e+00 1.634000e+01 1.402000e-02
2.656250e+00 1.597143e+01 1.330421e-02
2.734375e+00 1.580729e+01 1.297191e-02
2.812500e+00 1.565000e+01 1.266000e-02
2.968750e+00 1.532010e+01 1.207592e-02
3.046875e+00 1.515360e+01 1.180500e-02
3.085938e+00 1.507115e+01 1.167540e-02
3.125000e+00 1.499000e+01 1.155000e-02
3.281250e+00 1.468073e+01 1.107027e-02
3.359375e+00 1.453333e+01 1.084454e-02
3.437500e+00 1.439000e+01 1.063000e-02
3.593750e+00 1.410521e+01 1.022179e-02
3.671875e+00 1.396584e+01 1.002963e-02
3.750000e+00 1.383000e+01 9.847000e-03
3.906250e+00 1.356896e+01 9.500435e-03
3.984375e+00 1.344306e+01 9.337017e-03
4.062500e+00 1.332000e+01 9.181000e-03
4.218750e+00 1.307597e+01 8.881679e-03
4.296875e+00 1.295655e+01 8.739376e-03
4.375000e+00 1.284000e+01 8.603000e-03
4.531250e+00 1.261423e+01 8.341812e-03
4.609375e+00 1.250548e+01 8.217496e-03
4.687500e+00 1.240000e+01 8.098000e-03
4.843750e+00 1.219601e+01 7.867502e-03
4.921875e+00 1.209706e+01 7.757230e-03
5.000000e+00 1.200000e+01 7.651000e-03
5.156250e+00 1.180647e+01 7.446448e-03
5.234375e+00 1.171185e+01 7.348530e-03
5.312500e+00 1.162000e+01 7.254000e-03
5.468750e+00 1.144532e+01 7.071028e-03
5.546875e+00 1.136163e+01 6.983076e-03
5.625000e+00 1.128000e+01 6.898000e-03
5.937500e+00 1.095678e+01 6.576214e-03
6.093750e+00 1.080037e+01 6.426734e-03
6.171875e+00 1.072425e+01 6.355203e-03
6.250000e+00 1.065000e+01 6.286000e-03
6.640625e+00 1.029983e+01 5.958505e-03
6.835938e+00 1.013677e+01 5.806951e-03
6.933594e+00 1.005834e+01 5.734685e-03
7.031250e+00 9.982000e+00 5.665000e-03
7.421875e+00 9.685440e+00 5.400441e-03
7.617188e+00 9.543794e+00 5.277184e-03
7.714844e+00 9.475072e+00 5.218143e-03
7.812500e+00 9.408000e+00 5.161000e-03
8.203125e+00 9.149817e+00 4.942687e-03
8.398438e+00 9.026999e+00 4.840191e-03
8.496094e+00 8.967359e+00 4.790878e-03
8.593750e+00 8.909000e+00 4.743000e-03
8.984375e+00 8.682049e+00 4.559230e-03
9.179688e+00 8.573114e+00 4.472514e-03
9.277344e+00 8.520029e+00 4.430684e-03
9.375000e+00 8.468000e+00 4.390000e-03
9.765625e+00 8.266065e+00 4.233715e-03
9.960938e+00 8.169008e+00 4.159719e-03
1.005859e+01 8.121595e+00 4.123918e-03
1.015625e+01 8.075000e+00 4.089000e-03
1.054688e+01 7.892768e+00 3.953987e-03
1.074219e+01 7.804618e+00 3.889671e-03
1.083984e+01 7.761457e+00 3.858472e-03
1.093750e+01 7.719000e+00 3.828000e-03
1.132812e+01 7.553275e+00 3.710200e-03
1.152344e+01 7.473077e+00 3.654006e-03
1.162109e+01 7.433751e+00 3.626705e-03
1.171875e+01 7.395000e+00 3.600000e-03
1.210938e+01 7.242998e+00 3.496423e-03
1.230469e+01 7.169105e+00 3.446813e-03
1.240234e+01 7.132803e+00 3.422659e-03
1.250000e+01 7.097000e+00 3.399000e-03
1.328125e+01 6.820992e+00 3.219968e-03
1.367188e+01 6.690166e+00 3.137331e-03
1.386719e+01 6.626822e+00 3.097959e-03
1.406250e+01 6.565000e+00 3.060000e-03
1.484375e+01 6.325720e+00 2.915714e-03
1.523438e+01 6.211578e+00 2.848433e-03
1.542969e+01 6.156161e+00 2.816198e-03
1.562500e+01 6.102000e+00 2.785000e-03
1.640625e+01 5.892350e+00 2.665855e-03
1.679688e+01 5.792242e+00 2.609960e-03
1.699219e+01 5.743592e+00 2.583083e-03
1.718750e+01 5.696000e+00 2.557000e-03
1.796875e+01 5.511283e+00 2.457016e-03
1.835938e+01 5.422937e+00 2.409869e-03
1.855469e+01 5.379995e+00 2.387125e-03
1.875000e+01 5.338000e+00 2.365000e-03
1.953125e+01 5.175150e+00 2.279824e-03
1.992188e+01 5.097462e+00 2.239487e-03
2.011719e+01 5.059780e+00 2.219990e-03
2.031250e+01 5.023000e+00 2.201000e-03
2.109375e+01 4.880902e+00 2.127943e-03
2.148438e+01 4.813422e+00 2.093250e-03
2.167969e+01 4.780783e+00 2.076430e-03
2.187500e+01 4.749000e+00 2.060000e-03
2.343750e+01 4.511601e+00 1.936262e-03
2.421875e+01 4.405801e+00 1.879607e-03
2.460938e+01 4.356870e+00 1.852762e-03
2.480469e+01 4.333526e+00 1.839740e-03
2.500000e+01 4.311000e+00 1.827000e-03
2.656250e+01 4.148463e+00 1.730055e-03
2.734375e+01 4.077081e+00 1.685107e-03
2.773438e+01 4.043783e+00 1.663667e-03
2.812500e+01 4.012000e+00 1.643000e-03
2.968750e+01 3.894517e+00 1.564679e-03
3.046875e+01 3.838070e+00 1.528267e-03
3.085938e+01 3.809767e+00 1.510847e-03
3.125000e+01 3.781000e+00 1.494000e-03
3.281250e+01 3.655547e+00 1.429672e-03
3.359375e+01 3.590988e+00 1.399524e-03
3.398438e+01 3.559099e+00 1.385042e-03
3.437500e+01 3.528000e+00 1.371000e-03
3.593750e+01 3.413983e+00 1.317367e-03
3.671875e+01 3.361718e+00 1.292098e-03
3.710938e+01 3.336589e+00 1.279894e-03
3.750000e+01 3.312000e+00 1.268000e-03
3.906250e+01 3.214166e+00 1.221873e-03
3.984375e+01 3.166384e+00 1.199933e-03
4.023438e+01 3.142974e+00 1.189323e-03
4.062500e+01 3.120000e+00 1.179000e-03
4.218750e+01 3.031170e+00 1.139546e-03
4.296875e+01 2.988773e+00 1.120887e-03
4.335938e+01 2.968166e+00 1.111844e-03
4.375000e+01 2.948000e+00 1.103000e-03
4.531250e+01 2.869634e+00 1.068492e-03
4.609375e+01 2.832107e+00 1.051930e-03
4.648438e+01 2.813855e+00 1.043875e-03
4.687500e+01 2.796000e+00 1.036000e-03
4.843750e+01 2.726936e+00 1.005628e-03
4.921875e+01 2.693890e+00 9.911444e-04
4.960938e+01 2.677791e+00 9.841004e-04
5.000000e+01 2.662000e+00 9.772000e-04
5.156250e+01 2.600466e+00 9.503136e-04
5.234375e+01 2.570789e+00 9.373858e-04
5.273438e+01 2.556273e+00 9.310813e-04
5.312500e+01 2.542000e+00 9.249000e-04
5.468750e+01 2.486122e+00 9.008881e-04
5.546875e+01 2.459132e+00 8.893527e-04
5.585938e+01 2.445943e+00 8.837239e-04
5.625000e+01 2.433000e+00 8.782000e-04
5.937500e+01 2.335132e+00 8.361266e-04
6.093750e+01 2.289766e+00 8.165416e-04
6.171875e+01 2.268045e+00 8.071668e-04
6.250000e+01 2.247000e+00 7.981000e-04
6.640625e+01 2.146675e+00 7.553113e-04
6.835938e+01 2.099931e+00 7.355654e-04
6.933594e+01 2.077580e+00 7.261616e-04
6.982422e+01 2.066688e+00 7.215862e-04
7.031250e+01 2.056000e+00 7.171000e-04
7.421875e+01 1.974287e+00 6.827668e-04
7.617188e+01 1.936084e+00 6.667239e-04
7.714844e+01 1.917755e+00 6.590363e-04
7.812500e+01 1.900000e+00 6.516000e-04
8.203125e+01 1.832135e+00 6.232939e-04
8.398438e+01 1.800251e+00 6.100457e-04
8.496094e+01 1.784905e+00 6.036790e-04
8.593750e+01 1.770000e+00 5.975000e-04
8.984375e+01 1.712763e+00 5.737627e-04
9.179688e+01 1.685735e+00 5.625581e-04
9.277344e+01 1.672691e+00 5.571541e-04
9.375000e+01 1.660000e+00 5.519000e-04
9.765625e+01 1.611238e+00 5.317349e-04
9.960938e+01 1.588125e+00 5.222005e-04
1.005859e+02 1.576930e+00 5.175918e-04
1.015625e+02 1.566000e+00 5.131000e-04
1.054688e+02 1.523591e+00 4.957616e-04
1.074219e+02 1.503365e+00 4.875109e-04
1.083984e+02 1.493562e+00 4.835092e-04
1.093750e+02 1.484000e+00 4.796000e-04
1.132812e+02 1.447259e+00 4.644674e-04
1.152344e+02 1.429792e+00 4.572430e-04
1.162109e+02 1.421308e+00 4.537329e-04
1.171875e+02 1.413000e+00 4.503000e-04
1.210938e+02 1.380625e+00 4.369948e-04
1.230469e+02 1.365049e+00 4.306291e-04
1.240234e+02 1.357451e+00 4.275320e-04
1.250000e+02 1.350000e+00 4.245000e-04
1.328125e+02 1.293487e+00 4.016014e-04
1.367188e+02 1.267386e+00 3.910552e-04
1.386719e+02 1.254961e+00 3.860359e-04
1.406250e+02 1.243000e+00 3.812000e-04
1.484375e+02 1.197758e+00 3.628299e-04
1.523438e+02 1.176756e+00 3.542689e-04
1.542969e+02 1.166713e+00 3.501682e-04
1.562500e+02 1.157000e+00 3.462000e-04
1.640625e+02 1.119913e+00 3.310385e-04
1.679688e+02 1.102506e+00 3.239288e-04
1.699219e+02 1.094132e+00 3.205126e-04
1.718750e+02 1.086000e+00 3.172000e-04
1.796875e+02 1.054785e+00 3.045296e-04
1.835938e+02 1.040044e+00 2.985674e-04
1.855469e+02 1.032927e+00 2.956940e-04
1.875000e+02 1.026000e+00 2.929000e-04
1.953125e+02 9.993075e-01 2.821537e-04
1.992188e+02 9.866620e-01 2.770631e-04
2.011719e+02 9.805506e-01 2.746007e-04
2.031250e+02 9.746000e-01 2.722000e-04
2.109375e+02 9.517225e-01 2.629323e-04
2.148438e+02 9.408758e-01 2.585235e-04
2.167969e+02 9.356240e-01 2.563862e-04
2.187500e+02 9.305000e-01 2.543000e-04
2.343750e+02 8.920843e-01 2.386894e-04
2.421875e+02 8.745882e-01 2.315834e-04
2.460938e+02 8.663207e-01 2.282232e-04
2.500000e+02 8.584000e-01 2.250000e-04
2.656250e+02 8.285701e-01 2.128146e-04
2.734375e+02 8.148276e-01 2.071771e-04
2.773438e+02 8.082913e-01 2.044900e-04
2.812500e+02 8.020000e-01 2.019000e-04
3.125000e+02 7.567000e-01 1.832000e-04
