1.960784e-03 1.330000e+00 3.410000e+00
2.156863e-03 1.341000e+00 3.330000e+00
2.254902e-03 1.349975e+00 3.291050e+00
2.352941e-03 1.363000e+00 3.253000e+00
2.450980e-03 1.380232e+00 3.215512e+00
2.500000e-03 1.390219e+00 3.197103e+00
2.549020e-03 1.401000e+00 3.179000e+00
2.647059e-03 1.423391e+00 3.143511e+00
2.696078e-03 1.435028e+00 3.126126e+00
2.745098e-03 1.447000e+00 3.109000e+00
2.843137e-03 1.471674e+00 3.075124e+00
2.892157e-03 1.484275e+00 3.058446e+00
2.941176e-03 1.497000e+00 3.042000e+00
3.039216e-03 1.522612e+00 3.009590e+00
3.088235e-03 1.535368e+00 2.993675e+00
3.137255e-03 1.548000e+00 2.978000e+00
3.235294e-03 1.572753e+00 2.947100e+00
3.284313e-03 1.584930e+00 2.931931e+00
3.333333e-03 1.597000e+00 2.917000e+00
3.431372e-03 1.621238e+00 2.887628e+00
3.480392e-03 1.633226e+00 2.873210e+00
3.529412e-03 1.645000e+00 2.859000e+00
3.725490e-03 1.689857e+00 2.803282e+00
3.823530e-03 1.710935e+00 2.776268e+00
3.872549e-03 1.721101e+00 2.763029e+00
3.921569e-03 1.731000e+00 2.750000e+00
4.166667e-03 1.778690e+00 2.686757e+00
4.289216e-03 1.801035e+00 2.656386e+00
4.350490e-03 1.811715e+00 2.641561e+00
4.411765e-03 1.822000e+00 2.627000e+00
4.656863e-03 1.860683e+00 2.570143e+00
4.779412e-03 1.878458e+00 2.542672e+00
4.901961e-03 1.895000e+00 2.516000e+00
5.147059e-03 1.925646e+00 2.464164e+00
5.269608e-03 1.939756e+00 2.439185e+00
5.392157e-03 1.953000e+00 2.415000e+00
5.637255e-03 1.978185e+00 2.368345e+00
5.759804e-03 1.989948e+00 2.345869e+00
5.882353e-03 2.001000e+00 2.324000e+00
6.127451e-03 2.021589e+00 2.281128e+00
6.372549e-03 2.040000e+00 2.240000e+00
6.617647e-03 2.056766e+00 2.200553e+00
6.862745e-03 2.072000e+00 2.163000e+00
7.107843e-03 2.086457e+00 2.126671e+00
7.352941e-03 2.100000e+00 2.092000e+00
7.598039e-03 2.112862e+00 2.058756e+00
7.843137e-03 2.125000e+00 2.027000e+00
8.333333e-03 2.147694e+00 1.965934e+00
8.823529e-03 2.169000e+00 1.909000e+00
9.313725e-03 2.189994e+00 1.855502e+00
9.803922e-03 2.211000e+00 1.806000e+00
1.029412e-02 2.232263e+00 1.759465e+00
1.078431e-02 2.254000e+00 1.716000e+00
1.127451e-02 2.276003e+00 1.674280e+00
1.151961e-02 2.287323e+00 1.654281e+00
1.176471e-02 2.299000e+00 1.635000e+00
1.225490e-02 2.323276e+00 1.597922e+00
1.250000e-02 2.335933e+00 1.580167e+00
1.274510e-02 2.349000e+00 1.563000e+00
1.323530e-02 2.375853e+00 1.529667e+00
1.348039e-02 2.389732e+00 1.513591e+00
1.372549e-02 2.404000e+00 1.498000e+00
1.470588e-02 2.463442e+00 1.438796e+00
1.519607e-02 2.494940e+00 1.411149e+00
1.544117e-02 2.511250e+00 1.397876e+00
1.568627e-02 2.528000e+00 1.385000e+00
1.666666e-02 2.597480e+00 1.335554e+00
1.715686e-02 2.633988e+00 1.312212e+00
1.740196e-02 2.652785e+00 1.300952e+00
1.764706e-02 2.672000e+00 1.290000e+00
1.862745e-02 2.751316e+00 1.247925e+00
1.911765e-02 2.792542e+00 1.228014e+00
1.936274e-02 2.813606e+00 1.218386e+00
1.960784e-02 2.835000e+00 1.209000e+00
2.058823e-02 2.922159e+00 1.172816e+00
2.107843e-02 2.967002e+00 1.155577e+00
2.132353e-02 2.989836e+00 1.147200e+00
2.156863e-02 3.013000e+00 1.139000e+00
2.254902e-02 3.107774e+00 1.107025e+00
2.303922e-02 3.156421e+00 1.091705e+00
2.328431e-02 3.181089e+00 1.084265e+00
2.352941e-02 3.206000e+00 1.077000e+00
2.450981e-02 3.306810e+00 1.049075e+00
2.500000e-02 3.358049e+00 1.035788e+00
2.524510e-02 3.383926e+00 1.029329e+00
2.549020e-02 3.410000e+00 1.023000e+00
2.647059e-02 3.515353e+00 9.983190e-01
2.696079e-02 3.568826e+00 9.864225e-01
2.720588e-02 3.595814e+00 9.806095e-01
2.745098e-02 3.623000e+00 9.749000e-01
2.843137e-02 3.733014e+00 9.526397e-01
2.892156e-02 3.788748e+00 9.419056e-01
2.916666e-02 3.816808e+00 9.366576e-01
2.941176e-02 3.845000e+00 9.315000e-01
3.039215e-02 3.958303e+00 9.113574e-01
3.088235e-02 4.015425e+00 9.016320e-01
3.112745e-02 4.044147e+00 8.968753e-01
3.137255e-02 4.073000e+00 8.922000e-01
3.235294e-02 4.189261e+00 8.739650e-01
3.284313e-02 4.247924e+00 8.651570e-01
3.308823e-02 4.277407e+00 8.608443e-01
3.333333e-02 4.307000e+00 8.566000e-01
3.431373e-02 4.426012e+00 8.399893e-01
3.480392e-02 4.485878e+00 8.319378e-01
3.504902e-02 4.515906e+00 8.279892e-01
3.529412e-02 4.546000e+00 8.241000e-01
3.725490e-02 4.787818e+00 7.942008e-01
3.823530e-02 4.909553e+00 7.801064e-01
3.872549e-02 4.970677e+00 7.733096e-01
3.897059e-02 5.001312e+00 7.699801e-01
3.921569e-02 5.032000e+00 7.667000e-01
4.166667e-02 5.340830e+00 7.352784e-01
4.289216e-02 5.496183e+00 7.205479e-01
4.350490e-02 5.574046e+00 7.134680e-01
4.381128e-02 5.613014e+00 7.100062e-01
4.411765e-02 5.652000e+00 7.066000e-01
4.656863e-02 5.964022e+00 6.803226e-01
4.779412e-02 6.120038e+00 6.679082e-01
4.840686e-02 6.198030e+00 6.619204e-01
4.871324e-02 6.237018e+00 6.589879e-01
4.901961e-02 6.276000e+00 6.561000e-01
5.147059e-02 6.588000e+00 6.338278e-01
5.269608e-02 6.743728e+00 6.232782e-01
5.330883e-02 6.821440e+00 6.181751e-01
5.361520e-02 6.860243e+00 6.156707e-01
5.392157e-02 6.899000e+00 6.132000e-01
5.637255e-02 7.208124e+00 5.940209e-01
5.759804e-02 7.361910e+00 5.848737e-01
5.821079e-02 7.438554e+00 5.804351e-01
5.851716e-02 7.476804e+00 5.782537e-01
5.882353e-02 7.515000e+00 5.761000e-01
6.127451e-02 7.819796e+00 5.593773e-01
6.250000e-02 7.971339e+00 5.513861e-01
6.311274e-02 8.046801e+00 5.475012e-01
6.372549e-02 8.122000e+00 5.437000e-01
6.617647e-02 8.421189e+00 5.289581e-01
6.740196e-02 8.569605e+00 5.219003e-01
6.801471e-02 8.643446e+00 5.184649e-01
6.862745e-02 8.717000e+00 5.151000e-01
7.107843e-02 9.009784e+00 5.020340e-01
7.230392e-02 9.154962e+00 4.957616e-01
7.291666e-02 9.227146e+00 4.927022e-01
7.352941e-02 9.299000e+00 4.897000e-01
7.598039e-02 9.584612e+00 4.779955e-01
7.720588e-02 9.725971e+00 4.723570e-01
7.781863e-02 9.796177e+00 4.696032e-01
7.843137e-02 9.866000e+00 4.669000e-01
8.333333e-02 1.041601e+01 4.463562e-01
8.578431e-02 1.068524e+01 4.368032e-01
8.700980e-02 1.081822e+01 4.322287e-01
8.762254e-02 1.088426e+01 4.299955e-01
8.823529e-02 1.095000e+01 4.278000e-01
9.313726e-02 1.147220e+01 4.108746e-01
9.558824e-02 1.172864e+01 4.028880e-01
9.681373e-02 1.185508e+01 3.990389e-01
9.742647e-02 1.191776e+01 3.971548e-01
9.803922e-02 1.198000e+01 3.953000e-01
1.029412e-01 1.246876e+01 3.809985e-01
1.053921e-01 1.270685e+01 3.742385e-01
1.066176e-01 1.282408e+01 3.709752e-01
1.078431e-01 1.294000e+01 3.678000e-01
1.127451e-01 1.339736e+01 3.556068e-01
1.151961e-01 1.362099e+01 3.498295e-01
1.164216e-01 1.373115e+01 3.470316e-01
1.176471e-01 1.384000e+01 3.443000e-01
1.225491e-01 1.426784e+01 3.337074e-01
1.250000e-01 1.447628e+01 3.286510e-01
1.262255e-01 1.457880e+01 3.261969e-01
1.274510e-01 1.468000e+01 3.238000e-01
1.323530e-01 1.507706e+01 3.145518e-01
1.348039e-01 1.527056e+01 3.101418e-01
1.360294e-01 1.536583e+01 3.079982e-01
1.372549e-01 1.546000e+01 3.059000e-01
1.470588e-01 1.619256e+01 2.899974e-01
1.519607e-01 1.654301e+01 2.826571e-01
1.544117e-01 1.671338e+01 2.791635e-01
1.568627e-01 1.688000e+01 2.758000e-01
1.666666e-01 1.752663e+01 2.630731e-01
1.715686e-01 1.783494e+01 2.571623e-01
1.740196e-01 1.798434e+01 2.543348e-01
1.764706e-01 1.813000e+01 2.516000e-01
1.862745e-01 1.868902e+01 2.411484e-01
1.911764e-01 1.895462e+01 2.362444e-01
1.936274e-01 1.908364e+01 2.338869e-01
1.960784e-01 1.921000e+01 2.316000e-01
2.058823e-01 1.970360e+01 2.228491e-01
2.107843e-01 1.994105e+01 2.187258e-01
2.132353e-01 2.005673e+01 2.167364e-01
2.156863e-01 2.017000e+01 2.148000e-01
2.254902e-01 2.060875e+01 2.073235e-01
2.303922e-01 2.081839e+01 2.037788e-01
2.352941e-01 2.102000e+01 2.004000e-01
2.450981e-01 2.140705e+01 1.940106e-01
2.500000e-01 2.159186e+01 1.909937e-01
2.549020e-01 2.177000e+01 1.881000e-01
2.647059e-01 2.211532e+01 1.824781e-01
2.696079e-01 2.228079e+01 1.797852e-01
2.745098e-01 2.244000e+01 1.772000e-01
2.843137e-01 2.274398e+01 1.722824e-01
2.892156e-01 2.288924e+01 1.699476e-01
2.941176e-01 2.303000e+01 1.677000e-01
3.039215e-01 2.330601e+01 1.633324e-01
3.088235e-01 2.343991e+01 1.612308e-01
3.137255e-01 2.357000e+01 1.592000e-01
3.235294e-01 2.382192e+01 1.552909e-01
3.333333e-01 2.406000e+01 1.516000e-01
3.431373e-01 2.428642e+01 1.480550e-01
3.529412e-01 2.450000e+01 1.447000e-01
3.725490e-01 2.490293e+01 1.384380e-01
3.823530e-01 2.509142e+01 1.355354e-01
3.921569e-01 2.527000e+01 1.328000e-01
4.166667e-01 2.569192e+01 1.263725e-01
4.289216e-01 2.588738e+01 1.233951e-01
4.411765e-01 2.607000e+01 1.206000e-01
4.656863e-01 2.640756e+01 1.153462e-01
4.779412e-01 2.656323e+01 1.129026e-01
4.901961e-01 2.671000e+01 1.106000e-01
5.147059e-01 2.699151e+01 1.062625e-01
5.392157e-01 2.725000e+01 1.023000e-01
5.637255e-01 2.748662e+01 9.858950e-02
5.882353e-01 2.770000e+01 9.518000e-02
6.127451e-01 2.789955e+01 9.199397e-02
6.372549e-01 2.808000e+01 8.906000e-02
6.617647e-01 2.824293e+01 8.630032e-02
6.862745e-01 2.839000e+01 8.374000e-02
7.352941e-01 2.866000e+01 7.906000e-02
7.843137e-01 2.888000e+01 7.491000e-02
8.333333e-01 2.906841e+01 7.117386e-02
8.823529e-01 2.922000e+01 6.787000e-02
9.803922e-01 2.944000e+01 6.211000e-02
1.078431e+00 2.957000e+01 5.732000e-02
1.176471e+00 2.962000e+01 5.325000e-02
1.274510e+00 2.961000e+01 4.976000e-02
1.372549e+00 2.955000e+01 4.672000e-02
1.568627e+00 2.931000e+01 4.170000e-02
1.666667e+00 2.914425e+01 3.956725e-02
1.764706e+00 2.895000e+01 3.770000e-02
1.862745e+00 2.873174e+01 3.598863e-02
1.960784e+00 2.852000e+01 3.445000e-02
2.058823e+00 2.836578e+01 3.302880e-02
2.156863e+00 2.820000e+01 3.174000e-02
2.254902e+00 2.794132e+01 3.054377e-02
2.303921e+00 2.779236e+01 2.998321e-02
2.352941e+00 2.764000e+01 2.945000e-02
2.450981e+00 2.736320e+01 2.842777e-02
2.549020e+00 2.711000e+01 2.748000e-02
2.647059e+00 2.685935e+01 2.659568e-02
2.745098e+00 2.661000e+01 2.578000e-02
2.843137e+00 2.635945e+01 2.500963e-02
2.941176e+00 2.611000e+01 2.429000e-02
3.039216e+00 2.586477e+01 2.360292e-02
3.137255e+00 2.562000e+01 2.296000e-02
3.235294e+00 2.536971e+01 2.235565e-02
3.333333e+00 2.512000e+01 2.179000e-02
3.431373e+00 2.487720e+01 2.124530e-02
3.529412e+00 2.464000e+01 2.073000e-02
3.725491e+00 2.416897e+01 1.977473e-02
3.823530e+00 2.393736e+01 1.933420e-02
3.921569e+00 2.371000e+01 1.892000e-02
4.166667e+00 2.315769e+01 1.794472e-02
4.289216e+00 2.289048e+01 1.749306e-02
4.350490e+00 2.275936e+01 1.727767e-02
4.411765e+00 2.263000e+01 1.707000e-02
4.656863e+00 2.211924e+01 1.628266e-02
4.779412e+00 2.187095e+01 1.591595e-02
4.840687e+00 2.174938e+01 1.574022e-02
4.901961e+00 2.163000e+01 1.557000e-02
5.147059e+00 2.116758e+01 1.491757e-02
5.269608e+00 2.094541e+01 1.461076e-02
5.330882e+00 2.083682e+01 1.446318e-02
5.392157e+00 2.073000e+01 1.432000e-02
5.637255e+00 2.031104e+01 1.377279e-02
5.759804e+00 2.010778e+01 1.351519e-02
5.882353e+00 1.991000e+01 1.327000e-02
6.127451e+00 1.952611e+01 1.280240e-02
6.250000e+00 1.934057e+01 1.258126e-02
6.372549e+00 1.916000e+01 1.237000e-02
6.617647e+00 1.880659e+01 1.196625e-02
6.740196e+00 1.863562e+01 1.177435e-02
6.862745e+00 1.847000e+01 1.159000e-02
7.107843e+00 1.815219e+01 1.123345e-02
7.230392e+00 1.799922e+01 1.106321e-02
7.352941e+00 1.785000e+01 1.090000e-02
7.598039e+00 1.755513e+01 1.058923e-02
7.720588e+00 1.741092e+01 1.044173e-02
7.843137e+00 1.727000e+01 1.030000e-02
8.333333e+00 1.673310e+01 9.764291e-03
8.578431e+00 1.648063e+01 9.516336e-03
8.700980e+00 1.635877e+01 9.398071e-03
8.823529e+00 1.624000e+01 9.284000e-03
9.313726e+00 1.578068e+01 8.850564e-03
9.558824e+00 1.556126e+01 8.648502e-03
9.681373e+00 1.545453e+01 8.551695e-03
9.803922e+00 1.535000e+01 8.458000e-03
1.029412e+01 1.494323e+01 8.100093e-03
1.053921e+01 1.474807e+01 7.932147e-03
1.066176e+01 1.465304e+01 7.851382e-03
1.078431e+01 1.456000e+01 7.773000e-03
1.127451e+01 1.419966e+01 7.472597e-03
1.151961e+01 1.402694e+01 7.330910e-03
1.164216e+01 1.394270e+01 7.262539e-03
1.176471e+01 1.386000e+01 7.196000e-03
1.225491e+01 1.353763e+01 6.939687e-03
1.250000e+01 1.338175e+01 6.818142e-03
1.262255e+01 1.330532e+01 6.759332e-03
1.274510e+01 1.323000e+01 6.702000e-03
1.323530e+01 1.293417e+01 6.480920e-03
1.348039e+01 1.279031e+01 6.375778e-03
1.360294e+01 1.271965e+01 6.324793e-03
1.372549e+01 1.265000e+01 6.275000e-03
1.470588e+01 1.211390e+01 5.901179e-03
1.519608e+01 1.186087e+01 5.730447e-03
1.544117e+01 1.173878e+01 5.649599e-03
1.556372e+01 1.167895e+01 5.610380e-03
1.568627e+01 1.162000e+01 5.572000e-03
1.666667e+01 1.116325e+01 5.279326e-03
1.715686e+01 1.094656e+01 5.143396e-03
1.740196e+01 1.084186e+01 5.078530e-03
1.764706e+01 1.074000e+01 5.016000e-03
1.862745e+01 1.034948e+01 4.779424e-03
1.911764e+01 1.016501e+01 4.669508e-03
1.936274e+01 1.007587e+01 4.616903e-03
1.960784e+01 9.989000e+00 4.566000e-03
2.058823e+01 9.652540e+00 4.371288e-03
2.107843e+01 9.492902e+00 4.279789e-03
2.132353e+01 9.415852e+00 4.235755e-03
2.156863e+01 9.341000e+00 4.193000e-03
2.254902e+01 9.054464e+00 4.028944e-03
2.303921e+01 8.920051e+00 3.951574e-03
2.328431e+01 8.855512e+00 3.914269e-03
2.352941e+01 8.793000e+00 3.878000e-03
2.450981e+01 8.553525e+00 3.738775e-03
2.500000e+01 8.441752e+00 3.672911e-03
2.524510e+01 8.388386e+00 3.641058e-03
2.549020e+01 8.337000e+00 3.610000e-03
2.647059e+01 8.142562e+00 3.489985e-03
2.696079e+01 8.053348e+00 3.432825e-03
2.720588e+01 8.011216e+00 3.405093e-03
2.745098e+01 7.971000e+00 3.378000e-03
2.843137e+01 7.827483e+00 3.273161e-03
2.892157e+01 7.760115e+00 3.223112e-03
2.941176e+01 7.692000e+00 3.175000e-03
3.039216e+01 7.540818e+00 3.082569e-03
3.088235e+01 7.460614e+00 3.038461e-03
3.112745e+01 7.419861e+00 3.017010e-03
3.137255e+01 7.379000e+00 2.996000e-03
3.235294e+01 7.217352e+00 2.914228e-03
3.284313e+01 7.138583e+00 2.874939e-03
3.308823e+01 7.099963e+00 2.855782e-03
3.333333e+01 7.062000e+00 2.837000e-03
3.431372e+01 6.914644e+00 2.764011e-03
3.480392e+01 6.843747e+00 2.728930e-03
3.504902e+01 6.809085e+00 2.711808e-03
3.529412e+01 6.775000e+00 2.695000e-03
3.725491e+01 6.513077e+00 2.566894e-03
3.823530e+01 6.389865e+00 2.507217e-03
3.872549e+01 6.330562e+00 2.478642e-03
3.921569e+01 6.273000e+00 2.451000e-03
4.166667e+01 6.000083e+00 2.320546e-03
4.289216e+01 5.873285e+00 2.260330e-03
4.350490e+01 5.812638e+00 2.231646e-03
4.381128e+01 5.783057e+00 2.217688e-03
4.411765e+01 5.754000e+00 2.204000e-03
4.656863e+01 5.530638e+00 2.099237e-03
4.779412e+01 5.425587e+00 2.050243e-03
4.840686e+01 5.375044e+00 2.026747e-03
4.901961e+01 5.326000e+00 2.004000e-03
5.147059e+01 5.138286e+00 1.917172e-03
5.269608e+01 5.049942e+00 1.876489e-03
5.330882e+01 5.007375e+00 1.856947e-03
5.392157e+01 4.966000e+00 1.838000e-03
5.637255e+01 4.807492e+00 1.765560e-03
5.759804e+01 4.732286e+00 1.731455e-03
5.821079e+01 4.695767e+00 1.715007e-03
5.882353e+01 4.660000e+00 1.699000e-03
6.127451e+01 4.520196e+00 1.637230e-03
6.250000e+01 4.452906e+00 1.607940e-03
6.311275e+01 4.420112e+00 1.593783e-03
6.372549e+01 4.388000e+00 1.580000e-03
6.617647e+01 4.263507e+00 1.527135e-03
6.740196e+01 4.204064e+00 1.502061e-03
6.801470e+01 4.175202e+00 1.489898e-03
6.862745e+01 4.147000e+00 1.478000e-03
7.107843e+01 4.038039e+00 1.431627e-03
7.230392e+01 3.986037e+00 1.409388e-03
7.291666e+01 3.960754e+00 1.398573e-03
7.352941e+01 3.936000e+00 1.388000e-03
7.598039e+01 3.839758e+00 1.347194e-03
7.720588e+01 3.793565e+00 1.327728e-03
7.781862e+01 3.771056e+00 1.318265e-03
7.843137e+01 3.749000e+00 1.309000e-03
8.333333e+01 3.582146e+00 1.238752e-03
8.578431e+01 3.505120e+00 1.206313e-03
8.700980e+01 3.468408e+00 1.190869e-03
8.762255e+01 3.450535e+00 1.183360e-03
8.823529e+01 3.433000e+00 1.176000e-03
9.313726e+01 3.298547e+00 1.119863e-03
9.558824e+01 3.235543e+00 1.093686e-03
9.681373e+01 3.205297e+00 1.081142e-03
9.803922e+01 3.176000e+00 1.069000e-03
1.029412e+02 3.064201e+00 1.022602e-03
1.053921e+02 3.011745e+00 1.000828e-03
1.066176e+02 2.986509e+00 9.903584e-04
1.078431e+02 2.962000e+00 9.802000e-04
1.127451e+02 2.867799e+00 9.412818e-04
1.151961e+02 2.823317e+00 9.229429e-04
1.164216e+02 2.801861e+00 9.141001e-04
1.176471e+02 2.781000e+00 9.055000e-04
1.225490e+02 2.700958e+00 8.724230e-04
1.250000e+02 2.663118e+00 8.567587e-04
1.262255e+02 2.644827e+00 8.491834e-04
1.274510e+02 2.627000e+00 8.418000e-04
1.323529e+02 2.558195e+00 8.133205e-04
1.348039e+02 2.525433e+00 7.997769e-04
1.360294e+02 2.509535e+00 7.932108e-04
1.372549e+02 2.494000e+00 7.868000e-04
1.470588e+02 2.377072e+00 7.387234e-04
1.519607e+02 2.323596e+00 7.168057e-04
1.544117e+02 2.298279e+00 7.064396e-04
1.556372e+02 2.286004e+00 7.014146e-04
1.568627e+02 2.274000e+00 6.965000e-04
1.666667e+02 2.182727e+00 6.590954e-04
1.715686e+02 2.140487e+00 6.417502e-04
1.740196e+02 2.120369e+00 6.334762e-04
1.764706e+02 2.101000e+00 6.255000e-04
1.960784e+02 1.962000e+00 5.680000e-04
