1.428571e-03 2.712000e-01 1.269000e-01
1.571429e-03 2.844000e-01 1.226000e-01
1.642857e-03 2.908325e-01 1.206050e-01
1.678572e-03 2.939903e-01 1.196425e-01
1.696429e-03 2.955518e-01 1.191690e-01
1.714286e-03 2.971000e-01 1.187000e-01
1.785715e-03 3.032136e-01 1.168193e-01
1.821429e-03 3.062239e-01 1.158963e-01
1.857143e-03 3.092000e-01 1.150000e-01
1.928571e-03 3.150631e-01 1.133081e-01
1.964286e-03 3.179781e-01 1.124968e-01
2.000000e-03 3.209000e-01 1.117000e-01
2.071428e-03 3.268484e-01 1.100891e-01
2.107143e-03 3.298338e-01 1.092884e-01
2.142857e-03 3.328000e-01 1.085000e-01
2.214286e-03 3.386268e-01 1.069683e-01
2.250000e-03 3.414844e-01 1.062256e-01
2.285714e-03 3.443000e-01 1.055000e-01
2.357143e-03 3.498578e-01 1.040747e-01
2.392857e-03 3.525953e-01 1.033796e-01
2.428571e-03 3.553000e-01 1.027000e-01
2.500000e-03 3.606554e-01 1.013751e-01
2.535715e-03 3.632951e-01 1.007307e-01
2.571429e-03 3.659000e-01 1.001000e-01
2.714286e-03 3.760827e-01 9.765461e-02
2.785714e-03 3.810100e-01 9.648222e-02
2.821429e-03 3.834240e-01 9.591066e-02
2.857143e-03 3.858000e-01 9.535000e-02
3.035714e-03 3.973817e-01 9.263366e-02
3.125000e-03 4.029423e-01 9.133657e-02
3.169643e-03 4.056498e-01 9.070634e-02
3.214286e-03 4.083000e-01 9.009000e-02
3.392857e-03 4.185679e-01 8.770165e-02
3.482143e-03 4.234765e-01 8.655949e-02
3.526786e-03 4.258636e-01 8.600391e-02
3.571429e-03 4.282000e-01 8.546000e-02
3.750000e-03 4.372414e-01 8.334889e-02
3.839285e-03 4.415849e-01 8.233671e-02
3.928571e-03 4.458000e-01 8.136000e-02
4.107142e-03 4.539888e-01 7.947664e-02
4.196428e-03 4.579774e-01 7.857343e-02
4.285714e-03 4.619000e-01 7.770000e-02
4.464285e-03 4.696301e-01 7.600579e-02
4.553571e-03 4.734660e-01 7.519002e-02
4.642857e-03 4.773000e-01 7.440000e-02
4.821429e-03 4.849982e-01 7.287124e-02
4.910714e-03 4.888810e-01 7.213484e-02
5.000000e-03 4.928000e-01 7.142000e-02
5.178571e-03 5.007220e-01 7.002821e-02
5.267857e-03 5.047374e-01 6.935485e-02
5.357143e-03 5.088000e-01 6.870000e-02
5.535715e-03 5.170311e-01 6.742582e-02
5.625000e-03 5.211977e-01 6.680944e-02
5.714286e-03 5.254000e-01 6.621000e-02
6.071428e-03 5.424542e-01 6.392164e-02
6.250000e-03 5.510662e-01 6.284500e-02
6.339285e-03 5.553829e-01 6.232565e-02
6.428571e-03 5.597000e-01 6.182000e-02
6.785714e-03 5.769419e-01 5.986700e-02
6.964286e-03 5.855059e-01 5.893851e-02
7.053571e-03 5.897639e-01 5.848875e-02
7.142857e-03 5.940000e-01 5.805000e-02
7.500000e-03 6.108149e-01 5.635782e-02
7.678572e-03 6.191105e-01 5.555260e-02
7.767857e-03 6.232206e-01 5.516189e-02
7.857143e-03 6.273000e-01 5.478000e-02
8.214286e-03 6.434295e-01 5.330022e-02
8.392857e-03 6.513671e-01 5.259217e-02
8.482143e-03 6.552979e-01 5.224756e-02
8.571429e-03 6.592000e-01 5.191000e-02
8.928571e-03 6.746688e-01 5.059743e-02
9.107143e-03 6.822879e-01 4.996758e-02
9.196428e-03 6.860593e-01 4.966071e-02
9.285714e-03 6.898000e-01 4.936000e-02
9.642857e-03 7.045744e-01 4.819265e-02
9.821428e-03 7.118376e-01 4.763204e-02
9.910714e-03 7.154326e-01 4.735849e-02
1.000000e-02 7.190000e-01 4.709000e-02
1.071429e-02 7.470017e-01 4.504293e-02
1.107143e-02 7.606117e-01 4.408900e-02
1.125000e-02 7.672999e-01 4.363211e-02
1.142857e-02 7.739000e-01 4.319000e-02
1.214286e-02 7.998165e-01 4.150255e-02
1.250000e-02 8.124446e-01 4.071078e-02
1.267857e-02 8.186598e-01 4.032987e-02
1.285714e-02 8.248000e-01 3.996000e-02
1.357142e-02 8.489363e-01 3.853936e-02
1.392857e-02 8.607283e-01 3.786855e-02
1.410714e-02 8.665439e-01 3.754486e-02
1.428571e-02 8.723000e-01 3.723000e-02
1.500000e-02 8.950280e-01 3.602085e-02
1.535714e-02 9.061650e-01 3.544805e-02
1.553572e-02 9.116611e-01 3.517071e-02
1.571429e-02 9.171000e-01 3.490000e-02
1.642858e-02 9.385074e-01 3.385068e-02
1.678572e-02 9.489901e-01 3.335007e-02
1.696429e-02 9.541683e-01 3.310717e-02
1.714286e-02 9.593000e-01 3.287000e-02
1.785714e-02 9.795720e-01 3.195596e-02
1.821429e-02 9.895480e-01 3.152002e-02
1.857143e-02 9.994000e-01 3.110000e-02
1.928572e-02 1.018963e+00 3.028624e-02
1.964286e-02 1.028575e+00 2.989601e-02
2.000000e-02 1.038000e+00 2.952000e-02
2.071428e-02 1.056275e+00 2.879825e-02
2.107143e-02 1.065193e+00 2.845322e-02
2.142857e-02 1.074000e+00 2.812000e-02
2.214286e-02 1.091653e+00 2.747339e-02
2.250000e-02 1.100393e+00 2.716187e-02
2.285714e-02 1.109000e+00 2.686000e-02
2.357143e-02 1.125741e+00 2.627532e-02
2.392857e-02 1.133922e+00 2.599354e-02
2.428571e-02 1.142000e+00 2.572000e-02
2.500000e-02 1.158102e+00 2.518732e-02
2.535715e-02 1.166087e+00 2.492989e-02
2.571429e-02 1.174000e+00 2.468000e-02
2.714286e-02 1.205088e+00 2.373250e-02
2.785714e-02 1.220222e+00 2.328973e-02
2.821429e-02 1.227661e+00 2.307684e-02
2.857143e-02 1.235000e+00 2.287000e-02
3.035715e-02 1.270836e+00 2.188138e-02
3.125000e-02 1.288160e+00 2.141813e-02
3.169643e-02 1.296646e+00 2.119565e-02
3.214286e-02 1.305000e+00 2.098000e-02
3.392858e-02 1.337691e+00 2.015494e-02
3.482143e-02 1.353547e+00 1.976735e-02
3.526786e-02 1.361328e+00 1.958092e-02
3.571429e-02 1.369000e+00 1.940000e-02
3.750000e-02 1.399068e+00 1.870736e-02
3.839286e-02 1.413697e+00 1.838088e-02
3.883928e-02 1.420892e+00 1.822334e-02
3.928571e-02 1.428000e+00 1.807000e-02
4.107143e-02 1.455996e+00 1.747960e-02
4.196428e-02 1.469652e+00 1.719905e-02
4.285714e-02 1.483000e+00 1.693000e-02
4.464286e-02 1.508986e+00 1.641235e-02
4.553571e-02 1.521622e+00 1.616598e-02
4.642857e-02 1.534000e+00 1.593000e-02
4.821429e-02 1.558439e+00 1.548013e-02
4.910714e-02 1.570367e+00 1.526617e-02
5.000000e-02 1.582000e+00 1.506000e-02
5.178572e-02 1.604441e+00 1.465879e-02
5.267857e-02 1.615320e+00 1.446591e-02
5.357143e-02 1.626000e+00 1.428000e-02
5.535714e-02 1.647277e+00 1.392380e-02
5.625000e-02 1.657744e+00 1.375384e-02
5.714286e-02 1.668000e+00 1.359000e-02
6.071428e-02 1.706960e+00 1.296990e-02
6.250000e-02 1.725343e+00 1.268162e-02
6.339285e-02 1.734260e+00 1.254360e-02
6.428571e-02 1.743000e+00 1.241000e-02
6.785714e-02 1.777379e+00 1.189813e-02
6.964286e-02 1.793986e+00 1.165766e-02
7.142857e-02 1.810000e+00 1.143000e-02
7.500000e-02 1.840570e+00 1.100130e-02
7.678572e-02 1.855078e+00 1.080063e-02
7.857143e-02 1.869000e+00 1.061000e-02
8.214286e-02 1.895836e+00 1.024550e-02
8.392858e-02 1.908660e+00 1.007289e-02
8.571429e-02 1.921000e+00 9.908000e-03
8.928572e-02 1.944732e+00 9.593245e-03
9.107143e-02 1.956072e+00 9.444004e-03
9.285714e-02 1.967000e+00 9.301000e-03
9.642857e-02 1.988144e+00 9.026085e-03
1.000000e-01 2.008000e+00 8.769000e-03
1.071429e-01 2.044303e+00 8.296833e-03
1.107143e-01 2.060757e+00 8.081840e-03
1.142857e-01 2.076000e+00 7.882000e-03
1.214285e-01 2.104684e+00 7.507580e-03
1.250000e-01 2.117852e+00 7.334049e-03
1.285714e-01 2.130000e+00 7.171000e-03
1.357142e-01 2.152011e+00 6.864163e-03
1.428571e-01 2.171000e+00 6.586000e-03
1.500000e-01 2.188225e+00 6.329239e-03
1.571429e-01 2.203000e+00 6.096000e-03
1.642858e-01 2.215579e+00 5.878554e-03
1.714286e-01 2.226000e+00 5.679000e-03
1.857143e-01 2.243000e+00 5.319000e-03
2.000000e-01 2.254000e+00 5.006000e-03
2.142857e-01 2.260000e+00 4.730000e-03
2.285714e-01 2.262000e+00 4.485000e-03
2.428571e-01 2.261000e+00 4.266000e-03
2.571429e-01 2.257000e+00 4.068000e-03
2.857143e-01 2.243000e+00 3.728000e-03
3.035714e-01 2.230807e+00 3.542463e-03
3.214286e-01 2.216000e+00 3.379000e-03
3.392857e-01 2.199721e+00 3.229008e-03
3.571429e-01 2.182000e+00 3.094000e-03
3.750000e-01 2.163398e+00 2.969271e-03
3.928571e-01 2.144000e+00 2.856000e-03
4.107143e-01 2.124260e+00 2.750513e-03
4.285714e-01 2.104000e+00 2.654000e-03
4.464286e-01 2.083083e+00 2.563952e-03
4.553571e-01 2.072527e+00 2.521533e-03
4.642857e-01 2.062000e+00 2.481000e-03
4.821429e-01 2.041424e+00 2.402921e-03
4.910714e-01 2.031228e+00 2.365701e-03
5.000000e-01 2.021000e+00 2.330000e-03
5.178571e-01 2.000074e+00 2.261712e-03
5.267857e-01 1.989521e+00 2.229228e-03
5.357143e-01 1.979000e+00 2.198000e-03
5.535714e-01 1.958295e+00 2.137737e-03
5.625000e-01 1.948096e+00 2.108862e-03
5.714286e-01 1.938000e+00 2.081000e-03
6.071429e-01 1.898017e+00 1.975972e-03
6.250000e-01 1.878355e+00 1.927450e-03
6.339285e-01 1.868634e+00 1.904316e-03
6.428571e-01 1.859000e+00 1.882000e-03
6.785714e-01 1.820916e+00 1.797035e-03
6.964286e-01 1.802269e+00 1.757380e-03
7.053571e-01 1.793080e+00 1.738381e-03
7.142857e-01 1.784000e+00 1.720000e-03
7.500000e-01 1.748395e+00 1.649993e-03
7.678571e-01 1.731031e+00 1.617164e-03
7.857143e-01 1.714000e+00 1.586000e-03
8.214286e-01 1.680360e+00 1.526668e-03
8.392857e-01 1.663960e+00 1.498676e-03
8.571429e-01 1.648000e+00 1.472000e-03
8.928571e-01 1.617332e+00 1.421099e-03
9.107143e-01 1.602517e+00 1.397015e-03
9.285714e-01 1.588000e+00 1.374000e-03
9.642857e-01 1.559096e+00 1.329952e-03
9.821429e-01 1.544896e+00 1.309036e-03
1.000000e+00 1.531000e+00 1.289000e-03
1.071429e+00 1.478367e+00 1.214506e-03
1.107143e+00 1.453647e+00 1.180555e-03
1.125000e+00 1.441690e+00 1.164468e-03
1.142857e+00 1.430000e+00 1.149000e-03
1.214285e+00 1.384161e+00 1.090077e-03
1.250000e+00 1.362134e+00 1.062674e-03
1.267857e+00 1.351436e+00 1.049598e-03
1.285714e+00 1.341000e+00 1.037000e-03
1.357143e+00 1.301119e+00 9.894966e-04
1.392857e+00 1.282206e+00 9.674628e-04
1.410714e+00 1.273014e+00 9.569155e-04
1.428571e+00 1.264000e+00 9.467000e-04
1.500000e+00 1.228534e+00 9.074610e-04
1.535715e+00 1.211437e+00 8.889630e-04
1.553572e+00 1.203120e+00 8.800526e-04
1.571429e+00 1.195000e+00 8.714000e-04
1.642857e+00 1.164010e+00 8.382706e-04
1.678572e+00 1.149270e+00 8.226585e-04
1.696429e+00 1.142079e+00 8.151278e-04
1.714286e+00 1.135000e+00 8.078000e-04
1.785715e+00 1.106919e+00 7.795902e-04
1.821429e+00 1.093246e+00 7.662062e-04
1.839286e+00 1.086558e+00 7.597248e-04
1.857143e+00 1.080000e+00 7.534000e-04
1.928571e+00 1.054738e+00 7.289346e-04
1.964286e+00 1.042667e+00 7.172775e-04
1.982143e+00 1.036782e+00 7.116226e-04
2.000000e+00 1.031000e+00 7.061000e-04
2.071428e+00 1.008599e+00 6.847636e-04
2.107143e+00 9.976306e-01 6.745861e-04
2.125000e+00 9.921691e-01 6.696401e-04
2.142857e+00 9.867000e-01 6.648000e-04
2.214285e+00 9.644071e-01 6.460092e-04
2.250000e+00 9.531782e-01 6.369975e-04
2.267857e+00 9.475753e-01 6.326058e-04
2.285714e+00 9.420000e-01 6.283000e-04
2.357143e+00 9.196563e-01 6.115353e-04
2.392857e+00 9.088566e-01 6.034790e-04
2.410714e+00 9.036400e-01 5.995510e-04
2.428571e+00 8.986000e-01 5.957000e-04
2.500000e+00 8.800338e-01 5.807419e-04
2.535715e+00 8.714720e-01 5.735537e-04
2.571429e+00 8.633000e-01 5.666000e-04
2.714286e+00 8.313250e-01 5.402729e-04
2.785715e+00 8.160215e-01 5.280314e-04
2.821429e+00 8.086101e-01 5.221710e-04
2.857143e+00 8.014000e-01 5.165000e-04
3.035715e+00 7.674007e-01 4.896581e-04
3.125000e+00 7.516447e-01 4.772354e-04
3.169643e+00 7.441040e-01 4.713118e-04
3.214286e+00 7.368000e-01 4.656000e-04
3.392857e+00 7.087322e-01 4.439219e-04
3.482143e+00 6.954880e-01 4.338224e-04
3.526786e+00 6.891037e-01 4.289839e-04
3.571429e+00 6.829000e-01 4.243000e-04
3.750000e+00 6.591225e-01 4.063876e-04
3.839285e+00 6.478988e-01 3.979747e-04
3.883928e+00 6.424788e-01 3.939278e-04
3.928571e+00 6.372000e-01 3.900000e-04
4.107143e+00 6.168449e-01 3.749492e-04
4.196428e+00 6.071697e-01 3.678533e-04
4.241071e+00 6.024797e-01 3.644303e-04
4.285714e+00 5.979000e-01 3.611000e-04
4.464285e+00 5.801752e-01 3.482835e-04
4.553571e+00 5.717193e-01 3.422078e-04
4.598214e+00 5.676134e-01 3.392675e-04
4.642857e+00 5.636000e-01 3.364000e-04
4.821428e+00 5.480686e-01 3.253252e-04
4.910714e+00 5.406462e-01 3.200538e-04
4.955357e+00 5.370356e-01 3.174971e-04
5.000000e+00 5.335000e-01 3.150000e-04
5.178572e+00 5.197631e-01 3.053415e-04
5.267857e+00 5.131689e-01 3.007317e-04
5.312500e+00 5.099536e-01 2.984916e-04
5.357143e+00 5.068000e-01 2.963000e-04
5.535715e+00 4.945232e-01 2.877994e-04
5.625000e+00 4.886154e-01 2.837268e-04
5.669643e+00 4.857311e-01 2.817433e-04
5.714286e+00 4.829000e-01 2.798000e-04
6.071428e+00 4.613560e-01 2.650728e-04
6.250000e+00 4.513352e-01 2.582681e-04
6.339285e+00 4.465392e-01 2.550256e-04
6.383928e+00 4.441992e-01 2.534475e-04
6.428571e+00 4.419000e-01 2.519000e-04
6.785714e+00 4.242132e-01 2.400566e-04
6.964286e+00 4.158905e-01 2.345209e-04
7.053571e+00 4.118857e-01 2.318675e-04
7.142857e+00 4.080000e-01 2.293000e-04
7.500000e+00 3.931520e-01 2.195155e-04
7.678572e+00 3.861599e-01 2.149348e-04
7.767857e+00 3.827858e-01 2.127343e-04
7.857143e+00 3.795000e-01 2.106000e-04
8.214286e+00 3.668054e-01 2.024278e-04
8.392857e+00 3.607713e-01 1.985733e-04
8.482143e+00 3.578493e-01 1.967124e-04
8.571429e+00 3.550000e-01 1.949000e-04
8.928572e+00 3.440176e-01 1.878982e-04
9.107143e+00 3.387991e-01 1.845739e-04
9.196428e+00 3.362698e-01 1.829660e-04
9.285714e+00 3.338000e-01 1.814000e-04
9.642857e+00 3.242488e-01 1.753858e-04
9.821428e+00 3.196877e-01 1.725331e-04
9.910714e+00 3.174701e-01 1.711506e-04
1.000000e+01 3.153000e-01 1.698000e-04
1.071429e+01 2.988986e-01 1.596080e-04
1.107143e+01 2.913472e-01 1.549362e-04
1.125000e+01 2.877563e-01 1.527229e-04
1.133928e+01 2.860106e-01 1.516496e-04
1.142857e+01 2.843000e-01 1.506000e-04
1.214286e+01 2.712321e-01 1.426329e-04
1.250000e+01 2.651379e-01 1.389479e-04
1.267857e+01 2.622204e-01 1.371920e-04
1.276785e+01 2.607974e-01 1.363376e-04
1.285714e+01 2.594000e-01 1.355000e-04
1.357142e+01 2.486856e-01 1.291073e-04
1.392857e+01 2.436591e-01 1.261213e-04
1.410714e+01 2.412431e-01 1.246886e-04
1.428571e+01 2.389000e-01 1.233000e-04
1.500000e+01 2.299362e-01 1.179726e-04
1.535714e+01 2.257155e-01 1.154688e-04
1.553572e+01 2.236801e-01 1.142657e-04
1.571429e+01 2.217000e-01 1.131000e-04
1.642857e+01 2.140665e-01 1.086630e-04
1.678572e+01 2.104495e-01 1.065806e-04
1.696429e+01 2.087016e-01 1.055769e-04
1.714286e+01 2.070000e-01 1.046000e-04
1.785714e+01 2.004638e-01 1.008225e-04
1.821429e+01 1.973658e-01 9.902669e-05
1.839286e+01 1.958652e-01 9.815733e-05
1.857143e+01 1.944000e-01 9.731000e-05
1.928571e+01 1.887282e-01 9.404999e-05
1.964286e+01 1.860151e-01 9.250255e-05
1.982143e+01 1.846943e-01 9.175256e-05
2.000000e+01 1.834000e-01 9.102000e-05
2.071429e+01 1.783517e-01 8.818123e-05
2.107143e+01 1.759296e-01 8.682458e-05
2.125000e+01 1.747516e-01 8.616513e-05
2.142857e+01 1.736000e-01 8.552000e-05
2.214286e+01 1.691611e-01 8.301903e-05
2.250000e+01 1.670427e-01 8.182239e-05
2.267857e+01 1.660114e-01 8.124014e-05
2.285714e+01 1.650000e-01 8.067000e-05
2.357143e+01 1.610481e-01 7.845692e-05
2.392857e+01 1.591429e-01 7.739525e-05
2.410714e+01 1.582126e-01 7.687766e-05
2.428571e+01 1.573000e-01 7.637000e-05
2.500000e+01 1.537580e-01 7.439267e-05
2.535714e+01 1.520534e-01 7.344086e-05
2.553572e+01 1.512199e-01 7.297613e-05
2.571429e+01 1.504000e-01 7.252000e-05
2.714286e+01 1.440786e-01 6.905112e-05
2.785714e+01 1.411066e-01 6.743828e-05
2.821429e+01 1.396800e-01 6.666648e-05
2.857143e+01 1.383000e-01 6.592000e-05
3.035714e+01 1.318480e-01 6.239296e-05
3.125000e+01 1.288825e-01 6.076383e-05
3.169643e+01 1.274680e-01 5.998779e-05
3.191965e+01 1.267781e-01 5.961020e-05
3.214286e+01 1.261000e-01 5.924000e-05
3.392857e+01 1.208418e-01 5.640920e-05
3.482143e+01 1.183556e-01 5.508693e-05
3.526786e+01 1.171591e-01 5.445321e-05
3.571429e+01 1.160000e-01 5.384000e-05
3.750000e+01 1.116011e-01 5.150155e-05
3.839285e+01 1.095460e-01 5.040636e-05
3.883928e+01 1.085587e-01 4.988024e-05
3.928571e+01 1.076000e-01 4.937000e-05
4.107143e+01 1.039090e-01 4.741669e-05
4.196428e+01 1.021630e-01 4.649620e-05
4.241071e+01 1.013200e-01 4.605214e-05
4.285714e+01 1.005000e-01 4.562000e-05
4.464285e+01 9.735512e-02 4.395447e-05
4.553571e+01 9.586586e-02 4.316456e-05
4.598214e+01 9.514453e-02 4.278243e-05
4.642857e+01 9.444000e-02 4.241000e-05
4.821429e+01 9.170463e-02 4.097445e-05
4.910714e+01 9.039667e-02 4.029265e-05
4.955357e+01 8.976118e-02 3.996236e-05
5.000000e+01 8.914000e-02 3.964000e-05
5.178571e+01 8.673844e-02 3.839485e-05
5.267857e+01 8.559227e-02 3.780099e-05
5.312500e+01 8.503518e-02 3.751241e-05
5.357143e+01 8.449000e-02 3.723000e-05
5.535715e+01 8.237384e-02 3.613286e-05
5.625000e+01 8.135909e-02 3.560689e-05
5.669643e+01 8.086463e-02 3.535079e-05
5.714286e+01 8.038000e-02 3.510000e-05
6.071428e+01 7.670426e-02 3.320629e-05
6.250000e+01 7.500357e-02 3.233443e-05
6.339285e+01 7.419243e-02 3.191960e-05
6.383928e+01 7.379747e-02 3.171782e-05
6.428571e+01 7.341000e-02 3.152000e-05
6.785714e+01 7.044156e-02 3.000560e-05
6.964285e+01 6.905208e-02 2.929765e-05
7.053571e+01 6.838546e-02 2.895832e-05
7.142857e+01 6.774000e-02 2.863000e-05
7.500000e+01 6.527843e-02 2.737947e-05
7.678572e+01 6.412420e-02 2.679411e-05
7.767857e+01 6.356904e-02 2.651286e-05
7.857143e+01 6.303000e-02 2.624000e-05
8.214286e+01 6.095928e-02 2.519311e-05
8.392858e+01 5.998124e-02 2.469944e-05
8.482143e+01 5.950923e-02 2.446141e-05
8.571429e+01 5.905000e-02 2.423000e-05
8.928572e+01 5.728513e-02 2.334165e-05
9.107143e+01 5.644915e-02 2.292140e-05
9.196428e+01 5.604461e-02 2.271816e-05
9.285714e+01 5.565000e-02 2.252000e-05
9.642857e+01 5.412446e-02 2.175408e-05
9.821429e+01 5.339744e-02 2.138941e-05
9.910714e+01 5.304464e-02 2.121259e-05
1.000000e+02 5.270000e-02 2.104000e-05
1.071429e+02 5.011505e-02 1.975010e-05
1.107143e+02 4.893514e-02 1.916346e-05
1.125000e+02 4.837641e-02 1.888609e-05
1.133928e+02 4.810533e-02 1.875160e-05
1.142857e+02 4.784000e-02 1.862000e-05
1.214286e+02 4.581409e-02 1.761485e-05
1.250000e+02 4.487243e-02 1.714765e-05
1.267857e+02 4.442306e-02 1.692475e-05
1.285714e+02 4.399000e-02 1.671000e-05
1.428571e+02 4.088000e-02 1.517000e-05
