3.225806e-03 1.126000e+00 1.541000e+00
3.548387e-03 1.198000e+00 1.481000e+00
3.709677e-03 1.231400e+00 1.453175e+00
3.790323e-03 1.247425e+00 1.439871e+00
3.830645e-03 1.255268e+00 1.433380e+00
3.870968e-03 1.263000e+00 1.427000e+00
4.032258e-03 1.293671e+00 1.402037e+00
4.112903e-03 1.308583e+00 1.389892e+00
4.153225e-03 1.315868e+00 1.383913e+00
4.193548e-03 1.323000e+00 1.378000e+00
4.354838e-03 1.350422e+00 1.354641e+00
4.435484e-03 1.363463e+00 1.343206e+00
4.516129e-03 1.376000e+00 1.332000e+00
4.677420e-03 1.400206e+00 1.310022e+00
4.758065e-03 1.411806e+00 1.299359e+00
4.838710e-03 1.423000e+00 1.289000e+00
5.000000e-03 1.444660e+00 1.269008e+00
5.080645e-03 1.455027e+00 1.259375e+00
5.161290e-03 1.465000e+00 1.250000e+00
5.322581e-03 1.484049e+00 1.231688e+00
5.403226e-03 1.493160e+00 1.222759e+00
5.483871e-03 1.502000e+00 1.214000e+00
5.645162e-03 1.519383e+00 1.196741e+00
5.725807e-03 1.527819e+00 1.188290e+00
5.806452e-03 1.536000e+00 1.180000e+00
6.129033e-03 1.566585e+00 1.147989e+00
6.290323e-03 1.580699e+00 1.132710e+00
6.451613e-03 1.594000e+00 1.118000e+00
6.854839e-03 1.625339e+00 1.082670e+00
7.056452e-03 1.640018e+00 1.065941e+00
7.258065e-03 1.654000e+00 1.050000e+00
7.661291e-03 1.680741e+00 1.019823e+00
7.862903e-03 1.693553e+00 1.005569e+00
8.064516e-03 1.706000e+00 9.919000e-01
8.467742e-03 1.730349e+00 9.654217e-01
8.669355e-03 1.742263e+00 9.527277e-01
8.870968e-03 1.754000e+00 9.405000e-01
9.274193e-03 1.777181e+00 9.170174e-01
9.475806e-03 1.788636e+00 9.058053e-01
9.677419e-03 1.800000e+00 8.950000e-01
1.008064e-02 1.822557e+00 8.741224e-01
1.028226e-02 1.833785e+00 8.640974e-01
1.048387e-02 1.845000e+00 8.544000e-01
1.088709e-02 1.867357e+00 8.356138e-01
1.108871e-02 1.878614e+00 8.265682e-01
1.129032e-02 1.890000e+00 8.178000e-01
1.169354e-02 1.913256e+00 8.007721e-01
1.189516e-02 1.925076e+00 7.925614e-01
1.209677e-02 1.937000e+00 7.846000e-01
1.250000e-02 1.960839e+00 7.691715e-01
1.270161e-02 1.972853e+00 7.617293e-01
1.290323e-02 1.985000e+00 7.545000e-01
1.370968e-02 2.034853e+00 7.268574e-01
1.411291e-02 2.060600e+00 7.138551e-01
1.431452e-02 2.073712e+00 7.075904e-01
1.451613e-02 2.087000e+00 7.015000e-01
1.532258e-02 2.141071e+00 6.780772e-01
1.572580e-02 2.168758e+00 6.669874e-01
1.592742e-02 2.182802e+00 6.616253e-01
1.612903e-02 2.197000e+00 6.564000e-01
1.693549e-02 2.254610e+00 6.362488e-01
1.733871e-02 2.284032e+00 6.266721e-01
1.754033e-02 2.298939e+00 6.220309e-01
1.774194e-02 2.314000e+00 6.175000e-01
1.854839e-02 2.375154e+00 5.999914e-01
1.895162e-02 2.406334e+00 5.916366e-01
1.915323e-02 2.422101e+00 5.875753e-01
1.935484e-02 2.438000e+00 5.836000e-01
2.016129e-02 2.502371e+00 5.681474e-01
2.056451e-02 2.535016e+00 5.607389e-01
2.076613e-02 2.551464e+00 5.571320e-01
2.096774e-02 2.568000e+00 5.536000e-01
2.177419e-02 2.634519e+00 5.399072e-01
2.217742e-02 2.668103e+00 5.333414e-01
2.237904e-02 2.685006e+00 5.301402e-01
2.258065e-02 2.702000e+00 5.270000e-01
2.419355e-02 2.840335e+00 5.030829e-01
2.500000e-02 2.910782e+00 4.919602e-01
2.540323e-02 2.946302e+00 4.866407e-01
2.560484e-02 2.964130e+00 4.840469e-01
2.580645e-02 2.982000e+00 4.815000e-01
2.741935e-02 3.125463e+00 4.619542e-01
2.822581e-02 3.197572e+00 4.527814e-01
2.862903e-02 3.233742e+00 4.483735e-01
2.883065e-02 3.251859e+00 4.462189e-01
2.903226e-02 3.270000e+00 4.441000e-01
3.064516e-02 3.415681e+00 4.278064e-01
3.145161e-02 3.488780e+00 4.201197e-01
3.185483e-02 3.525379e+00 4.164102e-01
3.205645e-02 3.543687e+00 4.145921e-01
3.225806e-02 3.562000e+00 4.128000e-01
3.387097e-02 3.708613e+00 3.989109e-01
3.467742e-02 3.781869e+00 3.923091e-01
3.508064e-02 3.818456e+00 3.891138e-01
3.548387e-02 3.855000e+00 3.860000e-01
3.709677e-02 4.000866e+00 3.740313e-01
3.790323e-02 4.073548e+00 3.683494e-01
3.830645e-02 4.109807e+00 3.655938e-01
3.870968e-02 4.146000e+00 3.629000e-01
4.032258e-02 4.290569e+00 3.524277e-01
4.112903e-02 4.362496e+00 3.474159e-01
4.153225e-02 4.398314e+00 3.449805e-01
4.193548e-02 4.434000e+00 3.426000e-01
4.354838e-02 4.575784e+00 3.334138e-01
4.435484e-02 4.646104e+00 3.290278e-01
4.475806e-02 4.681107e+00 3.268929e-01
4.516129e-02 4.716000e+00 3.248000e-01
4.677420e-02 4.855153e+00 3.166377e-01
4.758065e-02 4.924298e+00 3.127055e-01
4.798387e-02 4.958715e+00 3.107851e-01
4.838710e-02 4.993000e+00 3.089000e-01
5.000000e-02 5.129372e+00 3.015523e-01
5.080645e-02 5.196957e+00 2.980169e-01
5.120968e-02 5.230555e+00 2.962919e-01
5.161290e-02 5.264000e+00 2.946000e-01
5.322581e-02 5.396852e+00 2.880321e-01
5.403226e-02 5.462670e+00 2.848700e-01
5.443548e-02 5.495401e+00 2.833228e-01
5.483871e-02 5.528000e+00 2.818000e-01
5.645161e-02 5.657775e+00 2.758195e-01
5.725807e-02 5.722136e+00 2.729185e-01
5.766129e-02 5.754140e+00 2.714974e-01
5.806452e-02 5.786000e+00 2.701000e-01
6.129033e-02 6.037884e+00 2.594699e-01
6.290323e-02 6.161469e+00 2.545053e-01
6.370968e-02 6.222523e+00 2.521188e-01
6.451613e-02 6.283000e+00 2.498000e-01
6.854839e-02 6.580428e+00 2.386998e-01
7.056452e-02 6.725657e+00 2.335023e-01
7.157258e-02 6.797225e+00 2.310104e-01
7.207662e-02 6.832718e+00 2.297944e-01
7.258065e-02 6.868000e+00 2.286000e-01
7.661290e-02 7.146796e+00 2.194567e-01
7.862903e-02 7.283244e+00 2.151674e-01
7.963710e-02 7.350507e+00 2.131039e-01
8.064516e-02 7.417000e+00 2.111000e-01
8.467742e-02 7.678282e+00 2.034038e-01
8.669355e-02 7.805863e+00 1.997667e-01
8.770162e-02 7.868762e+00 1.980102e-01
8.870968e-02 7.931000e+00 1.963000e-01
9.274193e-02 8.176654e+00 1.897123e-01
9.475806e-02 8.296953e+00 1.865875e-01
9.576613e-02 8.356295e+00 1.850750e-01
9.677419e-02 8.415000e+00 1.836000e-01
1.008064e-01 8.646082e+00 1.779113e-01
1.028226e-01 8.759085e+00 1.752023e-01
1.038306e-01 8.814829e+00 1.738868e-01
1.048387e-01 8.870000e+00 1.726000e-01
1.088709e-01 9.087587e+00 1.675961e-01
1.108871e-01 9.194208e+00 1.652011e-01
1.118951e-01 9.246857e+00 1.640374e-01
1.129032e-01 9.299000e+00 1.629000e-01
1.169354e-01 9.504798e+00 1.585130e-01
1.189516e-01 9.605732e+00 1.564189e-01
1.199596e-01 9.655597e+00 1.553995e-01
1.209677e-01 9.705000e+00 1.544000e-01
1.250000e-01 9.900159e+00 1.504993e-01
1.270161e-01 9.995896e+00 1.486193e-01
1.290323e-01 1.009000e+01 1.468000e-01
1.370968e-01 1.045571e+01 1.399467e-01
1.411290e-01 1.063103e+01 1.367768e-01
1.431452e-01 1.071640e+01 1.352630e-01
1.451613e-01 1.080000e+01 1.338000e-01
1.532258e-01 1.112339e+01 1.282092e-01
1.572580e-01 1.127887e+01 1.255856e-01
1.592742e-01 1.135499e+01 1.243240e-01
1.612903e-01 1.143000e+01 1.231000e-01
1.693549e-01 1.172634e+01 1.184124e-01
1.733871e-01 1.187036e+01 1.162030e-01
1.754033e-01 1.194084e+01 1.151372e-01
1.774194e-01 1.201000e+01 1.141000e-01
1.854839e-01 1.227703e+01 1.101004e-01
1.895161e-01 1.240529e+01 1.082057e-01
1.915323e-01 1.246809e+01 1.072905e-01
1.935484e-01 1.253000e+01 1.064000e-01
2.016129e-01 1.277508e+01 1.029866e-01
2.056451e-01 1.289434e+01 1.013696e-01
2.096774e-01 1.301000e+01 9.982000e-02
2.177420e-01 1.323158e+01 9.683537e-02
2.217742e-01 1.333753e+01 9.541019e-02
2.258065e-01 1.344000e+01 9.404000e-02
2.419355e-01 1.383184e+01 8.892109e-02
2.500000e-01 1.401578e+01 8.657923e-02
2.540322e-01 1.410421e+01 8.546828e-02
2.580645e-01 1.419000e+01 8.440000e-02
2.741936e-01 1.451936e+01 8.034654e-02
2.822581e-01 1.467401e+01 7.846187e-02
2.903226e-01 1.482000e+01 7.669000e-02
3.064516e-01 1.509237e+01 7.336594e-02
3.145161e-01 1.521931e+01 7.181963e-02
3.225806e-01 1.534000e+01 7.036000e-02
3.387096e-01 1.557410e+01 6.759268e-02
3.467742e-01 1.568504e+01 6.629339e-02
3.548387e-01 1.579000e+01 6.506000e-02
3.709678e-01 1.598435e+01 6.271706e-02
3.790323e-01 1.607447e+01 6.161276e-02
3.870968e-01 1.616000e+01 6.056000e-02
4.032258e-01 1.632589e+01 5.854675e-02
4.193548e-01 1.648000e+01 5.668000e-02
4.354839e-01 1.662164e+01 5.493055e-02
4.516129e-01 1.675000e+01 5.331000e-02
4.677419e-01 1.687046e+01 5.177477e-02
4.838710e-01 1.698000e+01 5.034000e-02
5.000000e-01 1.708002e+01 4.897675e-02
5.161290e-01 1.717000e+01 4.770000e-02
5.483871e-01 1.733000e+01 4.535000e-02
5.806452e-01 1.747000e+01 4.323000e-02
6.129033e-01 1.758679e+01 4.130357e-02
6.451613e-01 1.768000e+01 3.958000e-02
7.258065e-01 1.785000e+01 3.584000e-02
8.064516e-01 1.793000e+01 3.279000e-02
8.870968e-01 1.796000e+01 3.025000e-02
9.677419e-01 1.793000e+01 2.810000e-02
1.048387e+00 1.787000e+01 2.625000e-02
1.129032e+00 1.778000e+01 2.464000e-02
1.209677e+00 1.766000e+01 2.323000e-02
1.290323e+00 1.753000e+01 2.198000e-02
1.370968e+00 1.738284e+01 2.085853e-02
1.451613e+00 1.722000e+01 1.987000e-02
1.532258e+00 1.704817e+01 1.896394e-02
1.572580e+00 1.695969e+01 1.854462e-02
1.612903e+00 1.687000e+01 1.815000e-02
1.693548e+00 1.669140e+01 1.740269e-02
1.733871e+00 1.660135e+01 1.705228e-02
1.774194e+00 1.651000e+01 1.672000e-02
1.854839e+00 1.631745e+01 1.608949e-02
1.895161e+00 1.622172e+01 1.579267e-02
1.935484e+00 1.613000e+01 1.551000e-02
2.016129e+00 1.597039e+01 1.496991e-02
2.096774e+00 1.582000e+01 1.447000e-02
2.177420e+00 1.565175e+01 1.400215e-02
2.217742e+00 1.556228e+01 1.378127e-02
2.258065e+00 1.547000e+01 1.357000e-02
2.419355e+00 1.508661e+01 1.277811e-02
2.500000e+00 1.489523e+01 1.241588e-02
2.540323e+00 1.480143e+01 1.224441e-02
2.580645e+00 1.471000e+01 1.208000e-02
2.741936e+00 1.437179e+01 1.146233e-02
2.822581e+00 1.421366e+01 1.117732e-02
2.862903e+00 1.413648e+01 1.104135e-02
2.903226e+00 1.406000e+01 1.091000e-02
3.064516e+00 1.374822e+01 1.040714e-02
3.145161e+00 1.359268e+01 1.017146e-02
3.185484e+00 1.351580e+01 1.005840e-02
3.225806e+00 1.344000e+01 9.949000e-03
3.387097e+00 1.314754e+01 9.533012e-03
3.467742e+00 1.300694e+01 9.338388e-03
3.508064e+00 1.293802e+01 9.244835e-03
3.548387e+00 1.287000e+01 9.154000e-03
3.709677e+00 1.260066e+01 8.804627e-03
3.790323e+00 1.246886e+01 8.639415e-03
3.830645e+00 1.240399e+01 8.559639e-03
3.870968e+00 1.234000e+01 8.482000e-03
4.032258e+00 1.208899e+01 8.183505e-03
4.112903e+00 1.196758e+01 8.042114e-03
4.193548e+00 1.185000e+01 7.907000e-03
4.354838e+00 1.162496e+01 7.648818e-03
4.435484e+00 1.151641e+01 7.526345e-03
4.516129e+00 1.141000e+01 7.409000e-03
4.677420e+00 1.119679e+01 7.183640e-03
4.758065e+00 1.109205e+01 7.076233e-03
4.838710e+00 1.099000e+01 6.973000e-03
5.000000e+00 1.079460e+01 6.774384e-03
5.080645e+00 1.070095e+01 6.679467e-03
5.161290e+00 1.061000e+01 6.588000e-03
5.322580e+00 1.043196e+01 6.411392e-03
5.403226e+00 1.034512e+01 6.326732e-03
5.483871e+00 1.026000e+01 6.245000e-03
5.645162e+00 1.009244e+01 6.087083e-03
5.725807e+00 1.001073e+01 6.011277e-03
5.806452e+00 9.931000e+00 5.938000e-03
6.129033e+00 9.627553e+00 5.660938e-03
6.290323e+00 9.484929e+00 5.532228e-03
6.370968e+00 9.416091e+00 5.470622e-03
6.451613e+00 9.349000e+00 5.411000e-03
6.854839e+00 9.026233e+00 5.128430e-03
7.056452e+00 8.873861e+00 4.997558e-03
7.157259e+00 8.800395e+00 4.935154e-03
7.258065e+00 8.729000e+00 4.875000e-03
7.661290e+00 8.455372e+00 4.647081e-03
7.862903e+00 8.326188e+00 4.541009e-03
7.963710e+00 8.263788e+00 4.490198e-03
8.064516e+00 8.203000e+00 4.441000e-03
8.467742e+00 7.968418e+00 4.252519e-03
8.669355e+00 7.856868e+00 4.163930e-03
8.770162e+00 7.802795e+00 4.121326e-03
8.870968e+00 7.750000e+00 4.080000e-03
9.274193e+00 7.546075e+00 3.922098e-03
9.475806e+00 7.448728e+00 3.847767e-03
9.576613e+00 7.401378e+00 3.811909e-03
9.677419e+00 7.355000e+00 3.777000e-03
1.008064e+01 7.174516e+00 3.642181e-03
1.028226e+01 7.087784e+00 3.578160e-03
1.038306e+01 7.045485e+00 3.547184e-03
1.048387e+01 7.004000e+00 3.517000e-03
1.088709e+01 6.842728e+00 3.400961e-03
1.108871e+01 6.765143e+00 3.345859e-03
1.118951e+01 6.727241e+00 3.319132e-03
1.129032e+01 6.690000e+00 3.293000e-03
1.169355e+01 6.544577e+00 3.191399e-03
1.189516e+01 6.474286e+00 3.142758e-03
1.199596e+01 6.439868e+00 3.119115e-03
1.209677e+01 6.406000e+00 3.096000e-03
1.250000e+01 6.273621e+00 3.006699e-03
1.270162e+01 6.209477e+00 2.964056e-03
1.280242e+01 6.178010e+00 2.943313e-03
1.290323e+01 6.147000e+00 2.923000e-03
1.370968e+01 5.907977e+00 2.768955e-03
1.411291e+01 5.794893e+00 2.697714e-03
1.431452e+01 5.740241e+00 2.663750e-03
1.451613e+01 5.687000e+00 2.631000e-03
1.532258e+01 5.481862e+00 2.506582e-03
1.572581e+01 5.384393e+00 2.448613e-03
1.592742e+01 5.337145e+00 2.420854e-03
1.612903e+01 5.291000e+00 2.394000e-03
1.693548e+01 5.112282e+00 2.291535e-03
1.733871e+01 5.026961e+00 2.243500e-03
1.754033e+01 4.985518e+00 2.220408e-03
1.774194e+01 4.945000e+00 2.198000e-03
1.854839e+01 4.788058e+00 2.112088e-03
1.895161e+01 4.713085e+00 2.071568e-03
1.915323e+01 4.676646e+00 2.052019e-03
1.935484e+01 4.641000e+00 2.033000e-03
2.016129e+01 4.502594e+00 1.959818e-03
2.056452e+01 4.436463e+00 1.925138e-03
2.076613e+01 4.404357e+00 1.908360e-03
2.096774e+01 4.373000e+00 1.892000e-03
2.177419e+01 4.251765e+00 1.828843e-03
2.217742e+01 4.194115e+00 1.798793e-03
2.237904e+01 4.166204e+00 1.784224e-03
2.258065e+01 4.139000e+00 1.770000e-03
2.419355e+01 3.935406e+00 1.663501e-03
2.500000e+01 3.844216e+00 1.614981e-03
2.540322e+01 3.801864e+00 1.592026e-03
2.560484e+01 3.781600e+00 1.580894e-03
2.580645e+01 3.762000e+00 1.570000e-03
2.741936e+01 3.621323e+00 1.486867e-03
2.822581e+01 3.558133e+00 1.448228e-03
2.862903e+01 3.527813e+00 1.429784e-03
2.903226e+01 3.498000e+00 1.412000e-03
3.064516e+01 3.376496e+00 1.344704e-03
3.145161e+01 3.315775e+00 1.313438e-03
3.185484e+01 3.285704e+00 1.298476e-03
3.225806e+01 3.256000e+00 1.284000e-03
3.387096e+01 3.139790e+00 1.228625e-03
3.467742e+01 3.084165e+00 1.202625e-03
3.508064e+01 3.057220e+00 1.190125e-03
3.548387e+01 3.031000e+00 1.178000e-03
3.709678e+01 2.931447e+00 1.131613e-03
3.790323e+01 2.884378e+00 1.109773e-03
3.830645e+01 2.861488e+00 1.099243e-03
3.870968e+01 2.839000e+00 1.089000e-03
4.032258e+01 2.749822e+00 1.049566e-03
4.112903e+01 2.706600e+00 1.030870e-03
4.153225e+01 2.685548e+00 1.021823e-03
4.193548e+01 2.665000e+00 1.013000e-03
4.354838e+01 2.586563e+00 9.789296e-04
4.435484e+01 2.549506e+00 9.627234e-04
4.475806e+01 2.531554e+00 9.548680e-04
4.516129e+01 2.514000e+00 9.472000e-04
4.677419e+01 2.445518e+00 9.175887e-04
4.758065e+01 2.412641e+00 9.034708e-04
4.798387e+01 2.396645e+00 8.966115e-04
4.838710e+01 2.381000e+00 8.899000e-04
5.000000e+01 2.320650e+00 8.638312e-04
5.080645e+01 2.291820e+00 8.513385e-04
5.120968e+01 2.277777e+00 8.452565e-04
5.161290e+01 2.264000e+00 8.393000e-04
5.322581e+01 2.210121e+00 8.161876e-04
5.403226e+01 2.184134e+00 8.051033e-04
5.443548e+01 2.171446e+00 7.996998e-04
5.483871e+01 2.159000e+00 7.944000e-04
5.645162e+01 2.110677e+00 7.737527e-04
5.725807e+01 2.087460e+00 7.638138e-04
5.766129e+01 2.076127e+00 7.589616e-04
5.806452e+01 2.065000e+00 7.542000e-04
6.129033e+01 1.980064e+00 7.180214e-04
6.290323e+01 1.940415e+00 7.012151e-04
6.370968e+01 1.921406e+00 6.931752e-04
6.451613e+01 1.903000e+00 6.854000e-04
6.854839e+01 1.816020e+00 6.486570e-04
7.056452e+01 1.775765e+00 6.316815e-04
7.157259e+01 1.756551e+00 6.235939e-04
7.207662e+01 1.747190e+00 6.196586e-04
7.258065e+01 1.738000e+00 6.158000e-04
7.661291e+01 1.667345e+00 5.862887e-04
7.862903e+01 1.634225e+00 5.725017e-04
7.963710e+01 1.618349e+00 5.658939e-04
8.064516e+01 1.603000e+00 5.595000e-04
8.467742e+01 1.544846e+00 5.351205e-04
8.669355e+01 1.517704e+00 5.237036e-04
8.770162e+01 1.504664e+00 5.182191e-04
8.870968e+01 1.492000e+00 5.129000e-04
9.274194e+01 1.443210e+00 4.925246e-04
9.475806e+01 1.420083e+00 4.829263e-04
9.576613e+01 1.408898e+00 4.782992e-04
9.677419e+01 1.398000e+00 4.738000e-04
1.008064e+02 1.355986e+00 4.565134e-04
1.028226e+02 1.336051e+00 4.483265e-04
1.038306e+02 1.326404e+00 4.443647e-04
1.048387e+02 1.317000e+00 4.405000e-04
1.088709e+02 1.280678e+00 4.255436e-04
1.108871e+02 1.263444e+00 4.184211e-04
1.118951e+02 1.255112e+00 4.149687e-04
1.129032e+02 1.247000e+00 4.116000e-04
1.169355e+02 1.215960e+00 3.986141e-04
1.189516e+02 1.201215e+00 3.924339e-04
1.199596e+02 1.194041e+00 3.894339e-04
1.209677e+02 1.187000e+00 3.865000e-04
1.250000e+02 1.159313e+00 3.751150e-04
1.270161e+02 1.145928e+00 3.696594e-04
1.280242e+02 1.139396e+00 3.670026e-04
1.290323e+02 1.133000e+00 3.644000e-04
1.370968e+02 1.085210e+00 3.446881e-04
1.411291e+02 1.063378e+00 3.355943e-04
1.431452e+02 1.053004e+00 3.312666e-04
1.451613e+02 1.043000e+00 3.271000e-04
1.532258e+02 1.004636e+00 3.113325e-04
1.572580e+02 9.866518e-01 3.040039e-04
1.592742e+02 9.780317e-01 3.004956e-04
1.612903e+02 9.697000e-01 2.971000e-04
1.693548e+02 9.381299e-01 2.840971e-04
1.733871e+02 9.234124e-01 2.779876e-04
1.754033e+02 9.163501e-01 2.750497e-04
1.774194e+02 9.095000e-01 2.722000e-04
1.854839e+02 8.831640e-01 2.612956e-04
1.895161e+02 8.707279e-01 2.561677e-04
1.915323e+02 8.647302e-01 2.536986e-04
1.935484e+02 8.589000e-01 2.513000e-04
2.016129e+02 8.365363e-01 2.421059e-04
2.056452e+02 8.259728e-01 2.377574e-04
2.076613e+02 8.208702e-01 2.356533e-04
2.096774e+02 8.159000e-01 2.336000e-04
2.177420e+02 7.967326e-01 2.256410e-04
2.217742e+02 7.876227e-01 2.218428e-04
2.237904e+02 7.832082e-01 2.199996e-04
2.258065e+02 7.789000e-01 2.182000e-04
2.419355e+02 7.466373e-01 2.047572e-04
2.500000e+02 7.319637e-01 1.986503e-04
2.540323e+02 7.250349e-01 1.957655e-04
2.580645e+02 7.184000e-01 1.930000e-04
2.741936e+02 6.934283e-01 1.825506e-04
2.822581e+02 6.819302e-01 1.777196e-04
2.862903e+02 6.764624e-01 1.754179e-04
2.903226e+02 6.712000e-01 1.732000e-04
3.225806e+02 6.333000e-01 1.572000e-04
