1.428571e-03 3.410000e-01 2.175000e-01
1.571429e-03 3.576000e-01 2.076000e-01
1.642857e-03 3.657050e-01 2.030575e-01
1.678572e-03 3.696840e-01 2.008929e-01
1.696429e-03 3.716508e-01 1.998376e-01
1.714286e-03 3.736000e-01 1.988000e-01
1.785715e-03 3.812846e-01 1.947167e-01
1.821429e-03 3.850642e-01 1.927317e-01
1.857143e-03 3.888000e-01 1.908000e-01
1.928571e-03 3.962679e-01 1.870529e-01
1.964286e-03 3.999316e-01 1.852482e-01
2.000000e-03 4.035000e-01 1.835000e-01
2.071428e-03 4.102967e-01 1.801196e-01
2.107143e-03 4.135749e-01 1.784884e-01
2.142857e-03 4.168000e-01 1.769000e-01
2.214286e-03 4.232751e-01 1.737870e-01
2.250000e-03 4.265002e-01 1.722741e-01
2.285714e-03 4.297000e-01 1.708000e-01
2.357143e-03 4.360062e-01 1.679379e-01
2.392857e-03 4.391168e-01 1.665521e-01
2.428571e-03 4.422000e-01 1.652000e-01
2.500000e-03 4.483359e-01 1.625520e-01
2.535715e-03 4.513796e-01 1.612619e-01
2.571429e-03 4.544000e-01 1.600000e-01
2.714286e-03 4.663060e-01 1.551281e-01
2.785714e-03 4.721471e-01 1.528134e-01
2.821429e-03 4.750354e-01 1.516927e-01
2.857143e-03 4.779000e-01 1.506000e-01
3.035714e-03 4.920383e-01 1.453855e-01
3.125000e-03 4.989749e-01 1.429340e-01
3.169643e-03 5.024029e-01 1.417515e-01
3.214286e-03 5.058000e-01 1.406000e-01
3.392857e-03 5.192097e-01 1.361494e-01
3.482143e-03 5.257999e-01 1.340306e-01
3.526786e-03 5.290621e-01 1.330032e-01
3.571429e-03 5.323000e-01 1.320000e-01
3.750000e-03 5.451293e-01 1.281234e-01
3.839285e-03 5.514539e-01 1.262752e-01
3.883928e-03 5.545879e-01 1.253777e-01
3.928571e-03 5.577000e-01 1.245000e-01
4.107142e-03 5.700284e-01 1.210939e-01
4.196428e-03 5.761033e-01 1.194652e-01
4.241071e-03 5.791127e-01 1.186738e-01
4.285714e-03 5.821000e-01 1.179000e-01
4.464285e-03 5.939053e-01 1.149041e-01
4.553571e-03 5.997293e-01 1.134740e-01
4.642857e-03 6.055000e-01 1.121000e-01
4.821429e-03 6.169853e-01 1.094755e-01
4.910714e-03 6.226720e-01 1.082195e-01
5.000000e-03 6.283000e-01 1.070000e-01
5.178571e-03 6.394015e-01 1.045984e-01
5.267857e-03 6.448770e-01 1.034318e-01
5.357143e-03 6.503000e-01 1.023000e-01
5.535715e-03 6.610753e-01 1.001229e-01
5.625000e-03 6.664115e-01 9.907948e-02
5.714286e-03 6.717000e-01 9.807000e-02
6.071428e-03 6.924953e-01 9.422613e-02
6.250000e-03 7.026778e-01 9.242591e-02
6.339285e-03 7.077099e-01 9.156037e-02
6.428571e-03 7.127000e-01 9.072000e-02
6.785714e-03 7.324709e-01 8.749013e-02
6.964286e-03 7.422047e-01 8.596380e-02
7.053571e-03 7.470221e-01 8.522698e-02
7.142857e-03 7.518000e-01 8.451000e-02
7.500000e-03 7.706736e-01 8.175351e-02
7.678572e-03 7.799514e-01 8.044781e-02
7.767857e-03 7.845433e-01 7.981607e-02
7.857143e-03 7.891000e-01 7.920000e-02
8.214286e-03 8.071379e-01 7.682098e-02
8.392857e-03 8.160247e-01 7.568778e-02
8.482143e-03 8.204277e-01 7.513771e-02
8.571429e-03 8.248000e-01 7.460000e-02
8.928571e-03 8.421332e-01 7.251624e-02
9.107143e-03 8.506742e-01 7.151960e-02
9.285714e-03 8.591000e-01 7.056000e-02
9.642857e-03 8.756953e-01 6.871330e-02
9.821428e-03 8.838525e-01 6.783054e-02
1.000000e-02 8.919000e-01 6.698000e-02
1.071429e-02 9.234741e-01 6.377971e-02
1.107143e-02 9.388232e-01 6.230303e-02
1.125000e-02 9.463634e-01 6.159914e-02
1.142857e-02 9.538000e-01 6.092000e-02
1.214286e-02 9.829686e-01 5.833319e-02
1.250000e-02 9.971519e-01 5.712346e-02
1.267857e-02 1.004122e+00 5.654279e-02
1.285714e-02 1.011000e+00 5.598000e-02
1.357142e-02 1.038019e+00 5.382573e-02
1.392857e-02 1.051166e+00 5.281227e-02
1.410714e-02 1.057627e+00 5.232419e-02
1.428571e-02 1.064000e+00 5.185000e-02
1.500000e-02 1.088896e+00 5.003002e-02
1.535714e-02 1.101042e+00 4.917004e-02
1.553572e-02 1.107043e+00 4.875461e-02
1.571429e-02 1.113000e+00 4.835000e-02
1.642858e-02 1.136768e+00 4.679024e-02
1.678572e-02 1.148488e+00 4.604933e-02
1.696429e-02 1.154277e+00 4.569037e-02
1.714286e-02 1.160000e+00 4.534000e-02
1.785714e-02 1.182368e+00 4.398611e-02
1.821429e-02 1.193275e+00 4.334046e-02
1.857143e-02 1.204000e+00 4.272000e-02
1.928572e-02 1.225175e+00 4.152727e-02
1.964286e-02 1.235632e+00 4.095797e-02
2.000000e-02 1.246000e+00 4.041000e-02
2.071428e-02 1.266622e+00 3.935352e-02
2.107143e-02 1.276849e+00 3.884778e-02
2.142857e-02 1.287000e+00 3.836000e-02
2.214286e-02 1.307075e+00 3.741798e-02
2.250000e-02 1.317046e+00 3.696626e-02
2.285714e-02 1.327000e+00 3.653000e-02
2.357143e-02 1.347039e+00 3.568749e-02
2.392857e-02 1.357049e+00 3.528251e-02
2.428571e-02 1.367000e+00 3.489000e-02
2.500000e-02 1.386628e+00 3.412665e-02
2.535715e-02 1.396340e+00 3.375794e-02
2.571429e-02 1.406000e+00 3.340000e-02
2.714286e-02 1.444592e+00 3.203868e-02
2.785714e-02 1.463828e+00 3.140217e-02
2.821429e-02 1.473424e+00 3.109649e-02
2.857143e-02 1.483000e+00 3.080000e-02
3.035715e-02 1.530667e+00 2.939237e-02
3.125000e-02 1.554377e+00 2.873722e-02
3.169643e-02 1.566200e+00 2.842353e-02
3.214286e-02 1.578000e+00 2.812000e-02
3.392858e-02 1.625232e+00 2.695962e-02
3.482143e-02 1.648716e+00 2.641526e-02
3.526786e-02 1.660391e+00 2.615366e-02
3.571429e-02 1.672000e+00 2.590000e-02
3.750000e-02 1.717881e+00 2.493038e-02
3.839286e-02 1.740533e+00 2.447406e-02
3.883928e-02 1.751789e+00 2.425405e-02
3.928571e-02 1.763000e+00 2.404000e-02
4.107143e-02 1.807773e+00 2.321548e-02
4.196428e-02 1.829991e+00 2.282424e-02
4.241071e-02 1.841028e+00 2.263480e-02
4.285714e-02 1.852000e+00 2.245000e-02
4.464286e-02 1.895425e+00 2.173620e-02
4.553571e-02 1.916835e+00 2.139623e-02
4.598214e-02 1.927450e+00 2.123124e-02
4.642857e-02 1.938000e+00 2.107000e-02
4.821429e-02 1.979931e+00 2.044497e-02
4.910714e-02 2.000612e+00 2.014653e-02
4.955357e-02 2.010850e+00 2.000161e-02
5.000000e-02 2.021000e+00 1.986000e-02
5.178572e-02 2.060927e+00 1.931330e-02
5.267857e-02 2.080561e+00 1.905205e-02
5.357143e-02 2.100000e+00 1.880000e-02
5.535714e-02 2.138802e+00 1.831138e-02
5.625000e-02 2.158017e+00 1.807663e-02
5.714286e-02 2.177000e+00 1.785000e-02
6.071428e-02 2.250809e+00 1.700004e-02
6.250000e-02 2.286405e+00 1.660804e-02
6.339285e-02 2.303835e+00 1.642092e-02
6.428571e-02 2.321000e+00 1.624000e-02
6.785714e-02 2.388510e+00 1.554560e-02
6.964286e-02 2.421245e+00 1.521907e-02
7.053571e-02 2.437265e+00 1.506211e-02
7.142857e-02 2.453000e+00 1.491000e-02
7.500000e-02 2.514053e+00 1.433001e-02
7.678572e-02 2.543448e+00 1.405799e-02
7.767857e-02 2.557835e+00 1.392712e-02
7.857143e-02 2.572000e+00 1.380000e-02
8.214286e-02 2.627811e+00 1.331215e-02
8.392858e-02 2.654849e+00 1.308110e-02
8.571429e-02 2.681000e+00 1.286000e-02
8.928572e-02 2.731013e+00 1.243507e-02
9.107143e-02 2.754899e+00 1.223314e-02
9.285714e-02 2.778000e+00 1.204000e-02
9.642857e-02 2.823132e+00 1.167180e-02
9.821429e-02 2.844924e+00 1.149726e-02
1.000000e-01 2.866000e+00 1.133000e-02
1.071429e-01 2.945074e+00 1.070364e-02
1.107143e-01 2.981317e+00 1.041678e-02
1.125000e-01 2.998501e+00 1.028073e-02
1.142857e-01 3.015000e+00 1.015000e-02
1.214285e-01 3.077491e+00 9.655693e-03
1.250000e-01 3.106280e+00 9.426431e-03
1.285714e-01 3.133000e+00 9.211000e-03
1.357142e-01 3.182173e+00 8.805847e-03
1.392857e-01 3.204462e+00 8.617131e-03
1.428571e-01 3.225000e+00 8.439000e-03
1.500000e-01 3.263082e+00 8.101934e-03
1.535714e-01 3.280300e+00 7.943908e-03
1.571429e-01 3.296000e+00 7.794000e-03
1.642858e-01 3.324225e+00 7.509109e-03
1.714286e-01 3.348000e+00 7.247000e-03
1.785714e-01 3.368863e+00 7.002296e-03
1.857143e-01 3.386000e+00 6.777000e-03
2.000000e-01 3.411000e+00 6.368000e-03
2.142857e-01 3.426000e+00 6.008000e-03
2.285714e-01 3.433000e+00 5.690000e-03
2.428571e-01 3.433000e+00 5.405000e-03
2.571429e-01 3.427000e+00 5.150000e-03
2.857143e-01 3.402000e+00 4.709000e-03
3.035714e-01 3.380279e+00 4.469949e-03
3.214286e-01 3.354000e+00 4.260000e-03
3.392857e-01 3.325238e+00 4.066863e-03
3.571429e-01 3.294000e+00 3.893000e-03
3.750000e-01 3.261235e+00 3.732926e-03
3.839286e-01 3.244299e+00 3.658449e-03
3.928571e-01 3.227000e+00 3.588000e-03
4.107143e-01 3.191913e+00 3.453713e-03
4.196428e-01 3.174077e+00 3.390348e-03
4.285714e-01 3.156000e+00 3.330000e-03
4.464286e-01 3.119212e+00 3.215201e-03
4.553571e-01 3.100630e+00 3.160925e-03
4.642857e-01 3.082000e+00 3.109000e-03
4.821429e-01 3.044935e+00 3.009100e-03
4.910714e-01 3.026460e+00 2.961551e-03
5.000000e-01 3.008000e+00 2.916000e-03
5.178571e-01 2.970957e+00 2.829037e-03
5.267857e-01 2.952449e+00 2.787716e-03
5.357143e-01 2.934000e+00 2.748000e-03
5.535714e-01 2.897313e+00 2.671255e-03
5.625000e-01 2.879101e+00 2.634472e-03
5.714286e-01 2.861000e+00 2.599000e-03
6.071429e-01 2.789137e+00 2.465778e-03
6.250000e-01 2.753774e+00 2.404415e-03
6.339285e-01 2.736299e+00 2.375188e-03
6.428571e-01 2.719000e+00 2.347000e-03
6.785714e-01 2.650854e+00 2.239566e-03
6.964286e-01 2.617576e+00 2.189364e-03
7.053571e-01 2.601189e+00 2.165296e-03
7.142857e-01 2.585000e+00 2.142000e-03
7.500000e-01 2.521279e+00 2.053175e-03
7.678571e-01 2.490256e+00 2.011515e-03
7.767857e-01 2.475018e+00 1.991470e-03
7.857143e-01 2.460000e+00 1.972000e-03
8.214286e-01 2.401191e+00 1.897174e-03
8.392857e-01 2.372701e+00 1.861775e-03
8.482143e-01 2.358741e+00 1.844667e-03
8.571429e-01 2.345000e+00 1.828000e-03
8.928571e-01 2.291280e+00 1.763632e-03
9.107143e-01 2.265281e+00 1.733106e-03
9.196428e-01 2.252541e+00 1.718355e-03
9.285714e-01 2.240000e+00 1.704000e-03
9.642857e-01 2.190919e+00 1.649018e-03
9.821429e-01 2.167138e+00 1.622971e-03
9.910714e-01 2.155479e+00 1.610344e-03
1.000000e+00 2.144000e+00 1.598000e-03
1.071429e+00 2.055837e+00 1.504288e-03
1.107143e+00 2.014365e+00 1.461120e-03
1.125000e+00 1.994396e+00 1.440641e-03
1.142857e+00 1.975000e+00 1.421000e-03
1.214285e+00 1.900500e+00 1.347486e-03
1.250000e+00 1.865370e+00 1.313673e-03
1.267857e+00 1.848442e+00 1.297560e-03
1.285714e+00 1.832000e+00 1.282000e-03
1.357143e+00 1.769022e+00 1.222354e-03
1.392857e+00 1.739312e+00 1.194386e-03
1.410714e+00 1.724968e+00 1.180973e-03
1.428571e+00 1.711000e+00 1.168000e-03
1.500000e+00 1.657090e+00 1.118745e-03
1.535715e+00 1.631485e+00 1.095748e-03
1.553572e+00 1.619088e+00 1.084709e-03
1.571429e+00 1.607000e+00 1.074000e-03
1.642857e+00 1.560413e+00 1.032912e-03
1.678572e+00 1.538256e+00 1.013503e-03
1.696429e+00 1.527507e+00 1.004129e-03
1.714286e+00 1.517000e+00 9.950000e-04
1.785715e+00 1.476262e+00 9.597949e-04
1.821429e+00 1.456770e+00 9.430817e-04
1.839286e+00 1.447286e+00 9.349905e-04
1.857143e+00 1.438000e+00 9.271000e-04
1.928571e+00 1.401636e+00 8.966642e-04
1.964286e+00 1.384344e+00 8.821853e-04
1.982143e+00 1.376030e+00 8.751622e-04
2.000000e+00 1.368000e+00 8.683000e-04
2.071428e+00 1.338424e+00 8.417148e-04
2.107143e+00 1.324564e+00 8.290129e-04
2.125000e+00 1.317769e+00 8.228392e-04
2.142857e+00 1.311000e+00 8.168000e-04
2.214285e+00 1.283260e+00 7.933914e-04
2.250000e+00 1.269159e+00 7.821901e-04
2.267857e+00 1.262080e+00 7.767388e-04
2.285714e+00 1.255000e+00 7.714000e-04
2.357143e+00 1.226675e+00 7.506708e-04
2.392857e+00 1.212703e+00 7.407190e-04
2.410714e+00 1.205808e+00 7.358643e-04
2.428571e+00 1.199000e+00 7.311000e-04
2.500000e+00 1.172368e+00 7.125197e-04
2.535715e+00 1.159492e+00 7.035663e-04
2.553572e+00 1.153192e+00 6.991931e-04
2.571429e+00 1.147000e+00 6.949000e-04
2.714286e+00 1.099837e+00 6.622636e-04
2.785715e+00 1.077822e+00 6.470898e-04
2.821429e+00 1.067252e+00 6.398268e-04
2.857143e+00 1.057000e+00 6.328000e-04
3.035715e+00 1.008198e+00 5.995651e-04
3.125000e+00 9.854724e-01 5.841935e-04
3.169643e+00 9.746021e-01 5.768654e-04
3.191965e+00 9.693025e-01 5.732984e-04
3.214286e+00 9.641000e-01 5.698000e-04
3.392857e+00 9.242578e-01 5.430239e-04
3.482143e+00 9.055817e-01 5.305068e-04
3.526786e+00 8.966063e-01 5.245064e-04
3.571429e+00 8.879000e-01 5.187000e-04
3.750000e+00 8.545547e-01 4.965737e-04
3.839285e+00 8.388439e-01 4.862116e-04
3.883928e+00 8.312683e-01 4.812318e-04
3.928571e+00 8.239000e-01 4.764000e-04
4.107143e+00 7.955494e-01 4.578716e-04
4.196428e+00 7.821213e-01 4.491279e-04
4.241071e+00 7.756280e-01 4.449077e-04
4.285714e+00 7.693000e-01 4.408000e-04
4.464285e+00 7.449087e-01 4.249718e-04
4.553571e+00 7.333141e-01 4.174672e-04
4.598214e+00 7.276920e-01 4.138373e-04
4.642857e+00 7.222000e-01 4.103000e-04
4.821428e+00 7.009340e-01 3.966815e-04
4.910714e+00 6.907736e-01 3.902090e-04
4.955357e+00 6.858339e-01 3.870692e-04
5.000000e+00 6.810000e-01 3.840000e-04
5.178572e+00 6.622404e-01 3.720815e-04
5.267857e+00 6.532560e-01 3.663802e-04
5.312500e+00 6.488829e-01 3.636093e-04
5.357143e+00 6.446000e-01 3.609000e-04
5.535715e+00 6.279756e-01 3.504220e-04
5.625000e+00 6.200001e-01 3.454168e-04
5.669643e+00 6.161123e-01 3.429827e-04
5.714286e+00 6.123000e-01 3.406000e-04
6.071428e+00 5.833437e-01 3.225865e-04
6.250000e+00 5.699135e-01 3.142768e-04
6.339285e+00 5.634975e-01 3.103177e-04
6.383928e+00 5.603702e-01 3.083905e-04
6.428571e+00 5.573000e-01 3.065000e-04
6.785714e+00 5.337414e-01 2.920034e-04
6.964286e+00 5.226795e-01 2.852129e-04
7.053571e+00 5.173604e-01 2.819547e-04
7.142857e+00 5.122000e-01 2.788000e-04
7.500000e+00 4.924344e-01 2.667686e-04
7.678572e+00 4.831323e-01 2.611331e-04
7.767857e+00 4.786522e-01 2.584258e-04
7.857143e+00 4.743000e-01 2.558000e-04
8.214286e+00 4.576159e-01 2.457402e-04
8.392857e+00 4.497304e-01 2.410024e-04
8.482143e+00 4.459177e-01 2.387192e-04
8.571429e+00 4.422000e-01 2.365000e-04
8.928572e+00 4.278101e-01 2.279866e-04
9.107143e+00 4.209587e-01 2.239562e-04
9.196428e+00 4.176386e-01 2.220049e-04
9.285714e+00 4.144000e-01 2.201000e-04
9.642857e+00 4.019287e-01 2.127116e-04
9.821428e+00 3.959959e-01 2.091839e-04
9.910714e+00 3.931160e-01 2.074718e-04
1.000000e+01 3.903000e-01 2.058000e-04
1.071429e+01 3.690103e-01 1.933165e-04
1.107143e+01 3.592188e-01 1.876465e-04
1.125000e+01 3.545689e-01 1.849680e-04
1.133928e+01 3.523108e-01 1.836698e-04
1.142857e+01 3.501000e-01 1.824000e-04
1.214286e+01 3.332679e-01 1.727156e-04
1.250000e+01 3.254471e-01 1.682169e-04
1.267857e+01 3.217096e-01 1.660699e-04
1.276785e+01 3.198880e-01 1.650247e-04
1.285714e+01 3.181000e-01 1.640000e-04
1.357142e+01 3.043969e-01 1.561850e-04
1.392857e+01 2.979745e-01 1.525397e-04
1.410714e+01 2.948898e-01 1.507923e-04
1.419642e+01 2.933824e-01 1.499389e-04
1.428571e+01 2.919000e-01 1.491000e-04
1.500000e+01 2.804860e-01 1.426341e-04
1.535714e+01 2.751069e-01 1.395878e-04
1.553572e+01 2.725160e-01 1.381219e-04
1.571429e+01 2.700000e-01 1.367000e-04
1.642857e+01 2.603688e-01 1.312692e-04
1.678572e+01 2.558273e-01 1.287191e-04
1.696429e+01 2.536349e-01 1.274919e-04
1.714286e+01 2.515000e-01 1.263000e-04
1.785714e+01 2.432669e-01 1.217322e-04
1.821429e+01 2.393523e-01 1.195700e-04
1.839286e+01 2.374541e-01 1.185229e-04
1.857143e+01 2.356000e-01 1.175000e-04
1.928571e+01 2.284192e-01 1.135235e-04
1.964286e+01 2.249917e-01 1.116229e-04
1.982143e+01 2.233271e-01 1.107004e-04
2.000000e+01 2.217000e-01 1.098000e-04
2.071429e+01 2.153972e-01 1.063288e-04
2.107143e+01 2.123888e-01 1.046795e-04
2.125000e+01 2.109279e-01 1.038803e-04
2.142857e+01 2.095000e-01 1.031000e-04
2.214286e+01 2.039839e-01 1.000871e-04
2.250000e+01 2.013461e-01 9.864778e-05
2.267857e+01 2.000609e-01 9.794704e-05
2.285714e+01 1.988000e-01 9.726000e-05
2.357143e+01 1.938788e-01 9.457891e-05
2.392857e+01 1.915035e-01 9.328789e-05
2.410714e+01 1.903419e-01 9.265789e-05
2.428571e+01 1.892000e-01 9.204000e-05
2.500000e+01 1.847360e-01 8.963909e-05
2.535714e+01 1.825828e-01 8.848545e-05
2.553572e+01 1.815314e-01 8.792248e-05
2.571429e+01 1.805000e-01 8.737000e-05
2.714286e+01 1.727090e-01 8.316165e-05
2.785714e+01 1.691006e-01 8.120320e-05
2.821429e+01 1.673734e-01 8.026605e-05
2.857143e+01 1.657000e-01 7.936000e-05
3.035714e+01 1.577114e-01 7.508974e-05
3.125000e+01 1.539904e-01 7.312093e-05
3.169643e+01 1.522133e-01 7.218346e-05
3.191965e+01 1.513481e-01 7.172731e-05
3.214286e+01 1.505000e-01 7.128000e-05
3.392857e+01 1.440414e-01 6.785389e-05
3.482143e+01 1.410341e-01 6.625149e-05
3.526786e+01 1.395939e-01 6.548329e-05
3.571429e+01 1.382000e-01 6.474000e-05
3.750000e+01 1.328784e-01 6.190860e-05
3.839285e+01 1.303772e-01 6.058360e-05
3.883928e+01 1.291720e-01 5.994720e-05
3.928571e+01 1.280000e-01 5.933000e-05
4.107143e+01 1.234787e-01 5.696483e-05
4.196428e+01 1.213380e-01 5.585017e-05
4.241071e+01 1.203047e-01 5.531269e-05
4.285714e+01 1.193000e-01 5.479000e-05
4.464285e+01 1.154576e-01 5.278013e-05
4.553571e+01 1.136405e-01 5.182856e-05
4.598214e+01 1.127603e-01 5.136844e-05
4.642857e+01 1.119000e-01 5.092000e-05
4.821429e+01 1.085429e-01 4.919059e-05
4.910714e+01 1.069370e-01 4.836824e-05
4.955357e+01 1.061585e-01 4.796949e-05
5.000000e+01 1.054000e-01 4.758000e-05
5.178571e+01 1.025020e-01 4.607136e-05
5.267857e+01 1.011294e-01 4.535132e-05
5.312500e+01 1.004629e-01 4.500170e-05
5.357143e+01 9.981000e-02 4.466000e-05
5.535715e+01 9.725406e-02 4.333878e-05
5.625000e+01 9.602120e-02 4.270760e-05
5.669643e+01 9.541960e-02 4.240059e-05
5.714286e+01 9.483000e-02 4.210000e-05
6.071428e+01 9.039015e-02 3.982395e-05
6.250000e+01 8.834873e-02 3.877311e-05
6.339285e+01 8.737701e-02 3.827250e-05
6.383928e+01 8.690405e-02 3.802889e-05
6.428571e+01 8.644000e-02 3.779000e-05
6.785714e+01 8.287347e-02 3.596085e-05
6.964285e+01 8.120026e-02 3.510590e-05
7.053571e+01 8.039725e-02 3.469623e-05
7.142857e+01 7.962000e-02 3.430000e-05
7.500000e+01 7.666357e-02 3.279170e-05
7.678572e+01 7.528026e-02 3.208656e-05
7.767857e+01 7.461541e-02 3.174810e-05
7.857143e+01 7.397000e-02 3.142000e-05
8.214286e+01 7.148868e-02 3.016429e-05
8.392858e+01 7.031623e-02 2.957280e-05
8.482143e+01 6.975040e-02 2.928754e-05
8.571429e+01 6.920000e-02 2.901000e-05
8.928572e+01 6.708592e-02 2.794105e-05
9.107143e+01 6.608548e-02 2.743423e-05
9.196428e+01 6.560167e-02 2.718903e-05
9.285714e+01 6.513000e-02 2.695000e-05
9.642857e+01 6.330855e-02 2.602798e-05
9.821429e+01 6.244140e-02 2.558968e-05
9.910714e+01 6.202078e-02 2.537728e-05
1.000000e+02 6.161000e-02 2.517000e-05
1.071429e+02 5.852843e-02 2.361915e-05
1.107143e+02 5.712284e-02 2.291347e-05
1.125000e+02 5.645783e-02 2.257988e-05
1.133928e+02 5.613540e-02 2.241818e-05
1.142857e+02 5.582000e-02 2.226000e-05
1.214286e+02 5.341810e-02 2.105412e-05
1.250000e+02 5.230386e-02 2.049435e-05
1.267857e+02 5.177234e-02 2.022733e-05
1.285714e+02 5.126000e-02 1.997000e-05
1.428571e+02 4.757000e-02 1.812000e-05
