3.703704e-03 8.450000e-01 1.161000e+00
4.074074e-03 8.929000e-01 1.112000e+00
4.259259e-03 9.153025e-01 1.088825e+00
4.351852e-03 9.260309e-01 1.077713e+00
4.398148e-03 9.312630e-01 1.072302e+00
4.444444e-03 9.364000e-01 1.067000e+00
4.629629e-03 9.564893e-01 1.046503e+00
4.722222e-03 9.661935e-01 1.036628e+00
4.814815e-03 9.756000e-01 1.027000e+00
5.000000e-03 9.937908e-01 1.007992e+00
5.092592e-03 1.002535e+00 9.987244e-01
5.185185e-03 1.011000e+00 9.897000e-01
5.370370e-03 1.027358e+00 9.722753e-01
5.462963e-03 1.035269e+00 9.638756e-01
5.555556e-03 1.043000e+00 9.557000e-01
5.740741e-03 1.058241e+00 9.396935e-01
5.833333e-03 1.065697e+00 9.319055e-01
5.925926e-03 1.073000e+00 9.243000e-01
6.111111e-03 1.087277e+00 9.094535e-01
6.203703e-03 1.094219e+00 9.022415e-01
6.296296e-03 1.101000e+00 8.952000e-01
6.481482e-03 1.114251e+00 8.814353e-01
6.574074e-03 1.120698e+00 8.747405e-01
6.666667e-03 1.127000e+00 8.682000e-01
7.037037e-03 1.151146e+00 8.430294e-01
7.222222e-03 1.162716e+00 8.310700e-01
7.407407e-03 1.174000e+00 8.196000e-01
7.870370e-03 1.201869e+00 7.922269e-01
8.101851e-03 1.215550e+00 7.793100e-01
8.217592e-03 1.222308e+00 7.730733e-01
8.333333e-03 1.229000e+00 7.670000e-01
8.796296e-03 1.255275e+00 7.435898e-01
9.027778e-03 1.268193e+00 7.324630e-01
9.143518e-03 1.274608e+00 7.270686e-01
9.259259e-03 1.281000e+00 7.218000e-01
9.722225e-03 1.306519e+00 7.014021e-01
9.953707e-03 1.319262e+00 6.916622e-01
1.018519e-02 1.332000e+00 6.823000e-01
1.064815e-02 1.357494e+00 6.643252e-01
1.087963e-02 1.370246e+00 6.557516e-01
1.111111e-02 1.383000e+00 6.475000e-01
1.157407e-02 1.408377e+00 6.315867e-01
1.180556e-02 1.421125e+00 6.239622e-01
1.203704e-02 1.434000e+00 6.166000e-01
1.250000e-02 1.460312e+00 6.023564e-01
1.273148e-02 1.473635e+00 5.955148e-01
1.296296e-02 1.487000e+00 5.889000e-01
1.342593e-02 1.513370e+00 5.761176e-01
1.365741e-02 1.526597e+00 5.699670e-01
1.388889e-02 1.540000e+00 5.640000e-01
1.435185e-02 1.567640e+00 5.523750e-01
1.458333e-02 1.581754e+00 5.467553e-01
1.481481e-02 1.596000e+00 5.413000e-01
1.574074e-02 1.652586e+00 5.206158e-01
1.620370e-02 1.681074e+00 5.109546e-01
1.643519e-02 1.695461e+00 5.063109e-01
1.666667e-02 1.710000e+00 5.018000e-01
1.759260e-02 1.769547e+00 4.844108e-01
1.805556e-02 1.800043e+00 4.761675e-01
1.828704e-02 1.815466e+00 4.721820e-01
1.851852e-02 1.831000e+00 4.683000e-01
1.944444e-02 1.893523e+00 4.533601e-01
1.990741e-02 1.925109e+00 4.462755e-01
2.013889e-02 1.941011e+00 4.428459e-01
2.037037e-02 1.957000e+00 4.395000e-01
2.129629e-02 2.021472e+00 4.265758e-01
2.175926e-02 2.054078e+00 4.204161e-01
2.199074e-02 2.070495e+00 4.174250e-01
2.222222e-02 2.087000e+00 4.145000e-01
2.314815e-02 2.153549e+00 4.031567e-01
2.361111e-02 2.187149e+00 3.977280e-01
2.384259e-02 2.204042e+00 3.950865e-01
2.407407e-02 2.221000e+00 3.925000e-01
2.500000e-02 2.289188e+00 3.824606e-01
2.546297e-02 2.323506e+00 3.776460e-01
2.569445e-02 2.340729e+00 3.752998e-01
2.592593e-02 2.358000e+00 3.730000e-01
2.777778e-02 2.497282e+00 3.555580e-01
2.870371e-02 2.567486e+00 3.474804e-01
2.916667e-02 2.602709e+00 3.436240e-01
2.939815e-02 2.620347e+00 3.417448e-01
2.962963e-02 2.638000e+00 3.399000e-01
3.148148e-02 2.779417e+00 3.257401e-01
3.240741e-02 2.850199e+00 3.190928e-01
3.287037e-02 2.885599e+00 3.158979e-01
3.310185e-02 2.903300e+00 3.143361e-01
3.333333e-02 2.921000e+00 3.128000e-01
3.518519e-02 3.062586e+00 3.009770e-01
3.611111e-02 3.133327e+00 2.954014e-01
3.657408e-02 3.168675e+00 2.927132e-01
3.680556e-02 3.186340e+00 2.913967e-01
3.703704e-02 3.204000e+00 2.901000e-01
3.888889e-02 3.345252e+00 2.800811e-01
3.981481e-02 3.415728e+00 2.753324e-01
4.027778e-02 3.450897e+00 2.730364e-01
4.050926e-02 3.468458e+00 2.719103e-01
4.074074e-02 3.486000e+00 2.708000e-01
4.259259e-02 3.625920e+00 2.622071e-01
4.351852e-02 3.695581e+00 2.581188e-01
4.398148e-02 3.730324e+00 2.561362e-01
4.444444e-02 3.765000e+00 2.542000e-01
4.629630e-02 3.903550e+00 2.467112e-01
4.722222e-02 3.972484e+00 2.431368e-01
4.768519e-02 4.006808e+00 2.413996e-01
4.814815e-02 4.041000e+00 2.397000e-01
5.000000e-02 4.176732e+00 2.331000e-01
5.092592e-02 4.244047e+00 2.299405e-01
5.138889e-02 4.277568e+00 2.284037e-01
5.185185e-02 4.311000e+00 2.269000e-01
5.370370e-02 4.444498e+00 2.210829e-01
5.462963e-02 4.510928e+00 2.182955e-01
5.509260e-02 4.544019e+00 2.169356e-01
5.555556e-02 4.577000e+00 2.156000e-01
5.740741e-02 4.708194e+00 2.103674e-01
5.833334e-02 4.773298e+00 2.078417e-01
5.879630e-02 4.805704e+00 2.066087e-01
5.925926e-02 4.838000e+00 2.054000e-01
6.111111e-02 4.966684e+00 2.007230e-01
6.203703e-02 5.030567e+00 1.984774e-01
6.250000e-02 5.062349e+00 1.973799e-01
6.296296e-02 5.094000e+00 1.963000e-01
6.481481e-02 5.219743e+00 1.920579e-01
6.574074e-02 5.282080e+00 1.899998e-01
6.620371e-02 5.313096e+00 1.889915e-01
6.666667e-02 5.344000e+00 1.880000e-01
7.037037e-02 5.589421e+00 1.804573e-01
7.222222e-02 5.710488e+00 1.769358e-01
7.314814e-02 5.770469e+00 1.752436e-01
7.361111e-02 5.800297e+00 1.744155e-01
7.407407e-02 5.830000e+00 1.736000e-01
7.870370e-02 6.123519e+00 1.657502e-01
8.101851e-02 6.267476e+00 1.620692e-01
8.217592e-02 6.338579e+00 1.603049e-01
8.275463e-02 6.373881e+00 1.594445e-01
8.333333e-02 6.409000e+00 1.586000e-01
8.796296e-02 6.686716e+00 1.521671e-01
9.027778e-02 6.822992e+00 1.491572e-01
9.143518e-02 6.890315e+00 1.477087e-01
9.259259e-02 6.957000e+00 1.463000e-01
9.722224e-02 7.220177e+00 1.408480e-01
9.953707e-02 7.349193e+00 1.382618e-01
1.006945e-01 7.412905e+00 1.370133e-01
1.018519e-01 7.476000e+00 1.358000e-01
1.064815e-01 7.725017e+00 1.311663e-01
1.087963e-01 7.847070e+00 1.289828e-01
1.099537e-01 7.907332e+00 1.279281e-01
1.111111e-01 7.967000e+00 1.269000e-01
1.157408e-01 8.202400e+00 1.229234e-01
1.180556e-01 8.317724e+00 1.210252e-01
1.192130e-01 8.374648e+00 1.201027e-01
1.203704e-01 8.431000e+00 1.192000e-01
1.250000e-01 8.653208e+00 1.156880e-01
1.273148e-01 8.762057e+00 1.140092e-01
1.284722e-01 8.815793e+00 1.131947e-01
1.296296e-01 8.869000e+00 1.124000e-01
1.342592e-01 9.078987e+00 1.093505e-01
1.365741e-01 9.181897e+00 1.078992e-01
1.377315e-01 9.232702e+00 1.071930e-01
1.388889e-01 9.283000e+00 1.065000e-01
1.435185e-01 9.481445e+00 1.037853e-01
1.458333e-01 9.578623e+00 1.024725e-01
1.481481e-01 9.674000e+00 1.012000e-01
1.574074e-01 1.004365e+01 9.640200e-02
1.620371e-01 1.022026e+01 9.418258e-02
1.643519e-01 1.030608e+01 9.312318e-02
1.666667e-01 1.039000e+01 9.210000e-02
1.759259e-01 1.071492e+01 8.819768e-02
1.805556e-01 1.087030e+01 8.636983e-02
1.828704e-01 1.094592e+01 8.549168e-02
1.851852e-01 1.102000e+01 8.464000e-02
1.944444e-01 1.130810e+01 8.137710e-02
1.990741e-01 1.144644e+01 7.984039e-02
2.013889e-01 1.151388e+01 7.909983e-02
2.037037e-01 1.158000e+01 7.838000e-02
2.129629e-01 1.183817e+01 7.561613e-02
2.175926e-01 1.196173e+01 7.430860e-02
2.222222e-01 1.208000e+01 7.306000e-02
2.314815e-01 1.230288e+01 7.067382e-02
2.361111e-01 1.240832e+01 6.954265e-02
2.407407e-01 1.251000e+01 6.846000e-02
2.500000e-01 1.271025e+01 6.638494e-02
2.546297e-01 1.280697e+01 6.539763e-02
2.592593e-01 1.290000e+01 6.445000e-02
2.777778e-01 1.323927e+01 6.090837e-02
2.870371e-01 1.339083e+01 5.928783e-02
2.916667e-01 1.346197e+01 5.851911e-02
2.962963e-01 1.353000e+01 5.778000e-02
3.148148e-01 1.378907e+01 5.497679e-02
3.240741e-01 1.390883e+01 5.367414e-02
3.333333e-01 1.402000e+01 5.245000e-02
3.518518e-01 1.422371e+01 5.015418e-02
3.611111e-01 1.431562e+01 4.908683e-02
3.703704e-01 1.440000e+01 4.808000e-02
3.888889e-01 1.455469e+01 4.617346e-02
4.074074e-01 1.469000e+01 4.443000e-02
4.259259e-01 1.481393e+01 4.281111e-02
4.444444e-01 1.492000e+01 4.133000e-02
4.629629e-01 1.500738e+01 3.994125e-02
4.814815e-01 1.508000e+01 3.866000e-02
5.185185e-01 1.521000e+01 3.634000e-02
5.555556e-01 1.529000e+01 3.429000e-02
5.925926e-01 1.535000e+01 3.249000e-02
6.296296e-01 1.538000e+01 3.087000e-02
6.666667e-01 1.540000e+01 2.942000e-02
7.407407e-01 1.538000e+01 2.691000e-02
8.333333e-01 1.529000e+01 2.436000e-02
9.259259e-01 1.515000e+01 2.227000e-02
9.722224e-01 1.506875e+01 2.135350e-02
1.018519e+00 1.498000e+01 2.053000e-02
1.064815e+00 1.488696e+01 1.976258e-02
1.111111e+00 1.479000e+01 1.906000e-02
1.157408e+00 1.469130e+01 1.840424e-02
1.203704e+00 1.459000e+01 1.780000e-02
1.250000e+00 1.448576e+01 1.722936e-02
1.296296e+00 1.438000e+01 1.670000e-02
1.342592e+00 1.427553e+01 1.620240e-02
1.388889e+00 1.417000e+01 1.574000e-02
1.435185e+00 1.406099e+01 1.530101e-02
1.481481e+00 1.395000e+01 1.489000e-02
1.574074e+00 1.372826e+01 1.412762e-02
1.620370e+00 1.361844e+01 1.377737e-02
1.666667e+00 1.351000e+01 1.345000e-02
1.759259e+00 1.329641e+01 1.283507e-02
1.805556e+00 1.319206e+01 1.254923e-02
1.851852e+00 1.309000e+01 1.228000e-02
1.944445e+00 1.288960e+01 1.177226e-02
1.990741e+00 1.279296e+01 1.153487e-02
2.037037e+00 1.270000e+01 1.131000e-02
2.129630e+00 1.253165e+01 1.088319e-02
2.175926e+00 1.244821e+01 1.068199e-02
2.222222e+00 1.236000e+01 1.049000e-02
2.314814e+00 1.214902e+01 1.012157e-02
2.361111e+00 1.203777e+01 9.946830e-03
2.407407e+00 1.193000e+01 9.780000e-03
2.500000e+00 1.174680e+01 9.462678e-03
2.546296e+00 1.166613e+01 9.312598e-03
2.592593e+00 1.159000e+01 9.169000e-03
2.777778e+00 1.127384e+01 8.632481e-03
2.870370e+00 1.111508e+01 8.387426e-03
2.916667e+00 1.103678e+01 8.271382e-03
2.962963e+00 1.096000e+01 8.160000e-03
3.148148e+00 1.066985e+01 7.739242e-03
3.240741e+00 1.053271e+01 7.544518e-03
3.287037e+00 1.046587e+01 7.451625e-03
3.333333e+00 1.040000e+01 7.362000e-03
3.518518e+00 1.013681e+01 7.021074e-03
3.611111e+00 1.000800e+01 6.862004e-03
3.657408e+00 9.944890e+00 6.785778e-03
3.703704e+00 9.883000e+00 6.712000e-03
3.888889e+00 9.645065e+00 6.430317e-03
3.981482e+00 9.531584e+00 6.298189e-03
4.027778e+00 9.476293e+00 6.234657e-03
4.074074e+00 9.422000e+00 6.173000e-03
4.259259e+00 9.209018e+00 5.936730e-03
4.351852e+00 9.105937e+00 5.825242e-03
4.398148e+00 9.055518e+00 5.771415e-03
4.444444e+00 9.006000e+00 5.719000e-03
4.629630e+00 8.813475e+00 5.516772e-03
4.722222e+00 8.720808e+00 5.420765e-03
4.768519e+00 8.675518e+00 5.374298e-03
4.814815e+00 8.631000e+00 5.329000e-03
5.000000e+00 8.456972e+00 5.154469e-03
5.092593e+00 8.372793e+00 5.071519e-03
5.185185e+00 8.291000e+00 4.992000e-03
5.370370e+00 8.132166e+00 4.839428e-03
5.462963e+00 8.055485e+00 4.766779e-03
5.555556e+00 7.981000e+00 4.697000e-03
5.740741e+00 7.836132e+00 4.562861e-03
5.833334e+00 7.766095e+00 4.498773e-03
5.925926e+00 7.698000e+00 4.437000e-03
6.111111e+00 7.565577e+00 4.317551e-03
6.203703e+00 7.501466e+00 4.260270e-03
6.296296e+00 7.439000e+00 4.205000e-03
6.481482e+00 7.317000e+00 4.098469e-03
6.574074e+00 7.257765e+00 4.047386e-03
6.666667e+00 7.200000e+00 3.998000e-03
7.037037e+00 6.978620e+00 3.810518e-03
7.222222e+00 6.873971e+00 3.723215e-03
7.314815e+00 6.823360e+00 3.681422e-03
7.407407e+00 6.774000e+00 3.641000e-03
7.870370e+00 6.537125e+00 3.450402e-03
8.101851e+00 6.425378e+00 3.362410e-03
8.217592e+00 6.371461e+00 3.320465e-03
8.333333e+00 6.319000e+00 3.280000e-03
8.796296e+00 6.117313e+00 3.125833e-03
9.027777e+00 6.021638e+00 3.053851e-03
9.143518e+00 5.975278e+00 3.019363e-03
9.259259e+00 5.930000e+00 2.986000e-03
9.722224e+00 5.754589e+00 2.858853e-03
9.953707e+00 5.670723e+00 2.799328e-03
1.006945e+01 5.629932e+00 2.770734e-03
1.018519e+01 5.590000e+00 2.743000e-03
1.064815e+01 5.435147e+00 2.636847e-03
1.087963e+01 5.360843e+00 2.586764e-03
1.099537e+01 5.324590e+00 2.562573e-03
1.111111e+01 5.289000e+00 2.539000e-03
1.157408e+01 5.150105e+00 2.447765e-03
1.180556e+01 5.083054e+00 2.404402e-03
1.192130e+01 5.050251e+00 2.383426e-03
1.203704e+01 5.018000e+00 2.363000e-03
1.250000e+01 4.892022e+00 2.284642e-03
1.273148e+01 4.831133e+00 2.247530e-03
1.284722e+01 4.801324e+00 2.229555e-03
1.296296e+01 4.772000e+00 2.212000e-03
1.342592e+01 4.657455e+00 2.143934e-03
1.365741e+01 4.601997e+00 2.111364e-03
1.377315e+01 4.574800e+00 2.095517e-03
1.388889e+01 4.548000e+00 2.080000e-03
1.435185e+01 4.442878e+00 2.019736e-03
1.458333e+01 4.391801e+00 1.990847e-03
1.469907e+01 4.366722e+00 1.976779e-03
1.481481e+01 4.342000e+00 1.963000e-03
1.574074e+01 4.151530e+00 1.858843e-03
1.620370e+01 4.061592e+00 1.810847e-03
1.643519e+01 4.018201e+00 1.788004e-03
1.655093e+01 3.996943e+00 1.776893e-03
1.666667e+01 3.976000e+00 1.766000e-03
1.759259e+01 3.813950e+00 1.682689e-03
1.805556e+01 3.737160e+00 1.643749e-03
1.828704e+01 3.700073e+00 1.625077e-03
1.851852e+01 3.664000e+00 1.607000e-03
1.944445e+01 3.525363e+00 1.537996e-03
1.990741e+01 3.460011e+00 1.505641e-03
2.013889e+01 3.428543e+00 1.490089e-03
2.037037e+01 3.398000e+00 1.475000e-03
2.129630e+01 3.280854e+00 1.417197e-03
2.175926e+01 3.225886e+00 1.389944e-03
2.199074e+01 3.199514e+00 1.376796e-03
2.222222e+01 3.174000e+00 1.364000e-03
2.314814e+01 3.076586e+00 1.314703e-03
2.361111e+01 3.031303e+00 1.291328e-03
2.384259e+01 3.009733e+00 1.280021e-03
2.407407e+01 2.989000e+00 1.269000e-03
2.500000e+01 2.910739e+00 1.226512e-03
2.546297e+01 2.874940e+00 1.206325e-03
2.569445e+01 2.858070e+00 1.196544e-03
2.592593e+01 2.842000e+00 1.187000e-03
2.777778e+01 2.737877e+00 1.115658e-03
2.870370e+01 2.694017e+00 1.083166e-03
2.916667e+01 2.672738e+00 1.067781e-03
2.962963e+01 2.651000e+00 1.053000e-03
3.148148e+01 2.548232e+00 9.968134e-04
3.240740e+01 2.492512e+00 9.707267e-04
3.287037e+01 2.464507e+00 9.582853e-04
3.310185e+01 2.450649e+00 9.522321e-04
3.333333e+01 2.437000e+00 9.463000e-04
3.518518e+01 2.336054e+00 9.011248e-04
3.611111e+01 2.290115e+00 8.800997e-04
3.657408e+01 2.268223e+00 8.700354e-04
3.703704e+01 2.247000e+00 8.603000e-04
3.888889e+01 2.164159e+00 8.231399e-04
3.981482e+01 2.124644e+00 8.057122e-04
4.027778e+01 2.105548e+00 7.973326e-04
4.074074e+01 2.087000e+00 7.892000e-04
4.259259e+01 2.016563e+00 7.580028e-04
4.351852e+01 1.983506e+00 7.432914e-04
4.398148e+01 1.967554e+00 7.361976e-04
4.444444e+01 1.952000e+00 7.293000e-04
4.629630e+01 1.891576e+00 7.028078e-04
4.722222e+01 1.862702e+00 6.902719e-04
4.768519e+01 1.848686e+00 6.842098e-04
4.814815e+01 1.835000e+00 6.783000e-04
5.000000e+01 1.782186e+00 6.554749e-04
5.092592e+01 1.757068e+00 6.446120e-04
5.138889e+01 1.744891e+00 6.393443e-04
5.185185e+01 1.733000e+00 6.342000e-04
5.370370e+01 1.687053e+00 6.143131e-04
5.462963e+01 1.665117e+00 6.048238e-04
5.509260e+01 1.654448e+00 6.002123e-04
5.555556e+01 1.644000e+00 5.957000e-04
5.740741e+01 1.603387e+00 5.781764e-04
5.833333e+01 1.583871e+00 5.697831e-04
5.879630e+01 1.574347e+00 5.656986e-04
5.925926e+01 1.565000e+00 5.617000e-04
6.111111e+01 1.528500e+00 5.461969e-04
6.203704e+01 1.510940e+00 5.387685e-04
6.250000e+01 1.502382e+00 5.351489e-04
6.296296e+01 1.494000e+00 5.316000e-04
6.481481e+01 1.461591e+00 5.177838e-04
6.574074e+01 1.446049e+00 5.111342e-04
6.620371e+01 1.438460e+00 5.078874e-04
6.666667e+01 1.431000e+00 5.047000e-04
7.037037e+01 1.373561e+00 4.804291e-04
7.222222e+01 1.346550e+00 4.691340e-04
7.314814e+01 1.333572e+00 4.637280e-04
7.407407e+01 1.321000e+00 4.585000e-04
7.870370e+01 1.261810e+00 4.338259e-04
8.101852e+01 1.234527e+00 4.224417e-04
8.217592e+01 1.221532e+00 4.170215e-04
8.275463e+01 1.215206e+00 4.143849e-04
8.333333e+01 1.209000e+00 4.118000e-04
8.796296e+01 1.161356e+00 3.920357e-04
9.027778e+01 1.139042e+00 3.828045e-04
9.143518e+01 1.128345e+00 3.783806e-04
9.259259e+01 1.118000e+00 3.741000e-04
9.722225e+01 1.078753e+00 3.577788e-04
9.953707e+01 1.060403e+00 3.501348e-04
1.006945e+02 1.051578e+00 3.464623e-04
1.018519e+02 1.043000e+00 3.429000e-04
1.064815e+02 1.009883e+00 3.292484e-04
1.087963e+02 9.941776e-01 3.228158e-04
1.099537e+02 9.865875e-01 3.197149e-04
1.111111e+02 9.792000e-01 3.167000e-04
1.157407e+02 9.508335e-01 3.051184e-04
1.180556e+02 9.374141e-01 2.996366e-04
1.192130e+02 9.309254e-01 2.969852e-04
1.203704e+02 9.246000e-01 2.944000e-04
1.250000e+02 9.001699e-01 2.844151e-04
1.273148e+02 8.885435e-01 2.796606e-04
1.284722e+02 8.829056e-01 2.773539e-04
1.296296e+02 8.774000e-01 2.751000e-04
1.342593e+02 8.561186e-01 2.663679e-04
1.365741e+02 8.459642e-01 2.622004e-04
1.377315e+02 8.410292e-01 2.601771e-04
1.388889e+02 8.362000e-01 2.582000e-04
1.435185e+02 8.174494e-01 2.505594e-04
1.458333e+02 8.084624e-01 2.469111e-04
1.469907e+02 8.040862e-01 2.451369e-04
1.481481e+02 7.998000e-01 2.434000e-04
1.574074e+02 7.673943e-01 2.302464e-04
1.620370e+02 7.524582e-01 2.241755e-04
1.643519e+02 7.453488e-01 2.212848e-04
1.666667e+02 7.385000e-01 2.185000e-04
1.759260e+02 7.124963e-01 2.079386e-04
1.805556e+02 7.003923e-01 2.030254e-04
1.828704e+02 6.946002e-01 2.006741e-04
1.851852e+02 6.890000e-01 1.984000e-04
1.944445e+02 6.676565e-01 1.897237e-04
1.990741e+02 6.576616e-01 1.856553e-04
2.013889e+02 6.528591e-01 1.836990e-04
2.037037e+02 6.482000e-01 1.818000e-04
2.129629e+02 6.303332e-01 1.745094e-04
2.175926e+02 6.219100e-01 1.710701e-04
2.199074e+02 6.178488e-01 1.694119e-04
2.222222e+02 6.139000e-01 1.678000e-04
2.314814e+02 5.987236e-01 1.616163e-04
2.361111e+02 5.915458e-01 1.586923e-04
2.384259e+02 5.880777e-01 1.572785e-04
2.407407e+02 5.847000e-01 1.559000e-04
2.500000e+02 5.716874e-01 1.505695e-04
2.546296e+02 5.655099e-01 1.480313e-04
2.569445e+02 5.625183e-01 1.468008e-04
2.592593e+02 5.596000e-01 1.456000e-04
2.777778e+02 5.377749e-01 1.366355e-04
2.870370e+02 5.278604e-01 1.325653e-04
2.916667e+02 5.231807e-01 1.306428e-04
2.962963e+02 5.187000e-01 1.288000e-04
3.148148e+02 5.018142e-01 1.218366e-04
3.240740e+02 4.940414e-01 1.186157e-04
3.287037e+02 4.903490e-01 1.170802e-04
3.333333e+02 4.868000e-01 1.156000e-04
3.703704e+02 4.614000e-01 1.049000e-04
