1.694915e-03 7.892000e-01 3.921000e+00
1.864407e-03 8.277000e-01 3.866000e+00
1.949153e-03 8.516525e-01 3.838500e+00
1.991525e-03 8.673877e-01 3.824750e+00
2.012712e-03 8.766775e-01 3.817875e+00
2.023305e-03 8.817654e-01 3.814437e+00
2.033898e-03 8.872000e-01 3.811000e+00
2.118644e-03 9.427306e-01 3.783500e+00
2.161017e-03 9.734459e-01 3.769750e+00
2.182204e-03 9.885919e-01 3.762875e+00
2.192797e-03 9.959300e-01 3.759438e+00
2.203390e-03 1.003000e+00 3.756000e+00
2.288135e-03 1.049724e+00 3.728444e+00
2.330508e-03 1.068184e+00 3.714691e+00
2.351695e-03 1.076373e+00 3.707835e+00
2.372881e-03 1.084000e+00 3.701000e+00
2.457627e-03 1.113643e+00 3.673846e+00
2.500000e-03 1.127400e+00 3.660381e+00
2.521187e-03 1.133875e+00 3.653679e+00
2.542373e-03 1.140000e+00 3.647000e+00
2.627119e-03 1.162027e+00 3.620380e+00
2.669491e-03 1.171563e+00 3.607152e+00
2.711864e-03 1.180000e+00 3.594000e+00
2.796610e-03 1.194781e+00 3.567799e+00
2.838983e-03 1.201208e+00 3.554828e+00
2.881356e-03 1.207000e+00 3.542000e+00
2.966102e-03 1.217645e+00 3.516764e+00
3.050847e-03 1.227000e+00 3.492000e+00
3.220339e-03 1.242809e+00 3.442918e+00
3.305085e-03 1.249655e+00 3.418766e+00
3.389831e-03 1.256000e+00 3.395000e+00
3.601695e-03 1.271350e+00 3.336880e+00
3.707627e-03 1.279060e+00 3.308617e+00
3.813559e-03 1.287000e+00 3.281000e+00
4.025423e-03 1.303595e+00 3.227004e+00
4.131356e-03 1.312498e+00 3.200717e+00
4.237288e-03 1.322000e+00 3.175000e+00
4.449152e-03 1.342501e+00 3.124641e+00
4.555085e-03 1.353490e+00 3.100076e+00
4.661017e-03 1.365000e+00 3.076000e+00
4.872882e-03 1.388693e+00 3.028650e+00
4.978814e-03 1.401083e+00 3.005556e+00
5.084746e-03 1.414000e+00 2.983000e+00
5.296610e-03 1.441271e+00 2.939097e+00
5.402543e-03 1.455479e+00 2.917799e+00
5.508475e-03 1.470000e+00 2.897000e+00
5.720339e-03 1.499198e+00 2.856351e+00
5.826271e-03 1.513991e+00 2.836503e+00
5.932203e-03 1.529000e+00 2.817000e+00
6.144067e-03 1.559629e+00 2.778436e+00
6.250000e-03 1.575224e+00 2.759531e+00
6.302966e-03 1.583090e+00 2.750211e+00
6.355932e-03 1.591000e+00 2.741000e+00
6.567797e-03 1.622855e+00 2.704853e+00
6.673729e-03 1.638892e+00 2.687240e+00
6.779661e-03 1.655000e+00 2.670000e+00
7.203390e-03 1.719899e+00 2.603484e+00
7.415255e-03 1.752462e+00 2.571694e+00
7.521187e-03 1.768742e+00 2.556203e+00
7.627119e-03 1.785000e+00 2.541000e+00
8.050847e-03 1.849767e+00 2.481506e+00
8.262712e-03 1.881963e+00 2.452789e+00
8.368644e-03 1.898004e+00 2.438762e+00
8.474576e-03 1.914000e+00 2.425000e+00
8.898305e-03 1.977812e+00 2.371556e+00
9.110169e-03 2.009515e+00 2.345869e+00
9.216102e-03 2.025290e+00 2.333324e+00
9.322034e-03 2.041000e+00 2.321000e+00
9.745762e-03 2.103470e+00 2.272827e+00
9.957626e-03 2.134387e+00 2.249559e+00
1.006356e-02 2.149737e+00 2.238181e+00
1.016949e-02 2.165000e+00 2.227000e+00
1.059322e-02 2.225530e+00 2.183465e+00
1.080508e-02 2.255423e+00 2.162443e+00
1.091102e-02 2.270256e+00 2.152144e+00
1.101695e-02 2.285000e+00 2.142000e+00
1.144068e-02 2.343462e+00 2.102189e+00
1.165255e-02 2.372362e+00 2.082848e+00
1.175848e-02 2.386717e+00 2.073354e+00
1.186441e-02 2.401000e+00 2.064000e+00
1.271186e-02 2.513948e+00 1.992125e+00
1.313559e-02 2.569408e+00 1.958245e+00
1.334746e-02 2.596825e+00 1.941902e+00
1.345339e-02 2.610445e+00 1.933893e+00
1.355932e-02 2.624000e+00 1.926000e+00
1.440678e-02 2.731069e+00 1.864857e+00
1.483051e-02 2.783803e+00 1.835792e+00
1.504238e-02 2.809968e+00 1.821720e+00
1.525424e-02 2.836000e+00 1.808000e+00
1.610169e-02 2.939551e+00 1.755147e+00
1.652542e-02 2.990936e+00 1.730044e+00
1.673729e-02 3.016512e+00 1.717879e+00
1.694915e-02 3.042000e+00 1.706000e+00
1.779661e-02 3.143502e+00 1.660066e+00
1.822034e-02 3.193906e+00 1.638125e+00
1.843221e-02 3.218997e+00 1.627452e+00
1.864407e-02 3.244000e+00 1.617000e+00
1.949152e-02 3.343285e+00 1.576382e+00
1.991525e-02 3.392675e+00 1.556868e+00
2.012712e-02 3.417338e+00 1.547346e+00
2.033898e-02 3.442000e+00 1.538000e+00
2.118644e-02 3.540901e+00 1.501560e+00
2.161017e-02 3.590439e+00 1.484002e+00
2.182203e-02 3.615219e+00 1.475424e+00
2.203390e-02 3.640000e+00 1.467000e+00
2.288135e-02 3.739034e+00 1.434113e+00
2.330508e-02 3.788521e+00 1.418284e+00
2.351695e-02 3.813261e+00 1.410565e+00
2.372881e-02 3.838000e+00 1.403000e+00
2.457627e-02 3.936930e+00 1.373712e+00
2.500000e-02 3.986432e+00 1.359644e+00
2.521186e-02 4.011205e+00 1.352767e+00
2.542373e-02 4.036000e+00 1.346000e+00
2.627118e-02 4.135292e+00 1.319466e+00
2.669491e-02 4.185074e+00 1.306574e+00
2.690678e-02 4.210015e+00 1.300243e+00
2.711864e-02 4.235000e+00 1.294000e+00
2.796610e-02 4.335225e+00 1.269492e+00
2.838983e-02 4.385532e+00 1.257590e+00
2.860169e-02 4.410744e+00 1.251751e+00
2.881356e-02 4.436000e+00 1.246000e+00
2.966101e-02 4.537282e+00 1.223511e+00
3.008474e-02 4.588081e+00 1.212613e+00
3.029661e-02 4.613524e+00 1.207267e+00
3.050847e-02 4.639000e+00 1.202000e+00
3.220339e-02 4.843339e+00 1.161427e+00
3.305085e-02 4.945962e+00 1.142259e+00
3.347458e-02 4.997421e+00 1.133005e+00
3.368645e-02 5.023194e+00 1.128470e+00
3.389831e-02 5.049000e+00 1.124000e+00
3.601695e-02 5.308018e+00 1.081213e+00
3.707627e-02 5.438226e+00 1.061112e+00
3.760593e-02 5.503536e+00 1.051424e+00
3.787076e-02 5.536248e+00 1.046678e+00
3.813559e-02 5.569000e+00 1.042000e+00
4.025423e-02 5.831887e+00 1.005664e+00
4.131356e-02 5.963800e+00 9.883857e-01
4.184322e-02 6.029867e+00 9.800307e-01
4.210805e-02 6.062926e+00 9.759350e-01
4.237288e-02 6.096000e+00 9.719000e-01
4.449153e-02 6.360879e+00 9.408122e-01
4.555085e-02 6.493426e+00 9.260855e-01
4.608051e-02 6.559713e+00 9.189567e-01
4.634534e-02 6.592857e+00 9.154558e-01
4.661017e-02 6.626000e+00 9.120000e-01
4.872881e-02 6.891269e+00 8.851166e-01
4.978814e-02 7.023763e+00 8.722591e-01
5.031780e-02 7.089925e+00 8.660102e-01
5.084746e-02 7.156000e+00 8.599000e-01
5.296610e-02 7.419717e+00 8.362620e-01
5.402543e-02 7.551087e+00 8.249696e-01
5.455509e-02 7.616609e+00 8.194774e-01
5.508475e-02 7.682000e+00 8.141000e-01
5.720339e-02 7.942908e+00 7.932078e-01
5.826271e-02 8.072753e+00 7.831812e-01
5.879237e-02 8.137464e+00 7.782932e-01
5.932203e-02 8.202000e+00 7.735000e-01
6.144068e-02 8.459247e+00 7.548455e-01
6.250000e-02 8.587035e+00 7.458747e-01
6.302966e-02 8.650638e+00 7.414966e-01
6.355932e-02 8.714000e+00 7.372000e-01
6.567797e-02 8.966078e+00 7.204691e-01
6.673729e-02 9.091033e+00 7.124089e-01
6.726695e-02 9.153158e+00 7.084699e-01
6.779661e-02 9.215000e+00 7.046000e-01
7.203390e-02 9.704263e+00 6.750492e-01
7.415255e-02 9.944249e+00 6.612430e-01
7.521187e-02 1.006273e+01 6.546189e-01
7.574153e-02 1.012153e+01 6.513826e-01
7.627119e-02 1.018000e+01 6.482000e-01
8.050847e-02 1.064221e+01 6.236831e-01
8.262712e-02 1.086839e+01 6.121100e-01
8.368644e-02 1.097986e+01 6.065278e-01
8.421610e-02 1.103511e+01 6.037935e-01
8.474576e-02 1.109000e+01 6.011000e-01
8.898305e-02 1.152262e+01 5.802856e-01
9.110170e-02 1.173364e+01 5.704186e-01
9.216102e-02 1.183748e+01 5.656476e-01
9.322034e-02 1.194000e+01 5.610000e-01
9.745762e-02 1.234275e+01 5.431152e-01
9.957626e-02 1.253873e+01 5.346275e-01
1.006356e-01 1.263502e+01 5.305152e-01
1.016949e-01 1.273000e+01 5.265000e-01
1.059322e-01 1.310212e+01 5.109547e-01
1.080509e-01 1.328310e+01 5.035328e-01
1.091102e-01 1.337210e+01 4.999267e-01
1.101695e-01 1.346000e+01 4.964000e-01
1.144068e-01 1.380629e+01 4.827354e-01
1.165255e-01 1.397514e+01 4.761973e-01
1.175848e-01 1.405814e+01 4.730156e-01
1.186441e-01 1.414000e+01 4.699000e-01
1.271186e-01 1.477009e+01 4.463401e-01
1.313559e-01 1.506731e+01 4.354708e-01
1.334746e-01 1.521064e+01 4.302926e-01
1.355932e-01 1.535000e+01 4.253000e-01
1.440678e-01 1.588573e+01 4.063048e-01
1.483051e-01 1.613890e+01 3.974461e-01
1.504237e-01 1.626110e+01 3.932036e-01
1.525424e-01 1.638000e+01 3.891000e-01
1.610169e-01 1.683704e+01 3.734686e-01
1.652542e-01 1.705340e+01 3.661441e-01
1.673729e-01 1.715802e+01 3.626212e-01
1.694915e-01 1.726000e+01 3.592000e-01
1.779661e-01 1.765312e+01 3.460480e-01
1.822034e-01 1.784026e+01 3.398286e-01
1.843220e-01 1.793112e+01 3.368246e-01
1.864407e-01 1.802000e+01 3.339000e-01
1.949152e-01 1.836545e+01 3.226356e-01
1.991525e-01 1.853088e+01 3.172971e-01
2.033898e-01 1.869000e+01 3.122000e-01
2.118644e-01 1.899519e+01 3.025014e-01
2.161017e-01 1.914047e+01 2.979071e-01
2.203390e-01 1.928000e+01 2.935000e-01
2.288136e-01 1.954789e+01 2.849839e-01
2.330508e-01 1.967607e+01 2.809127e-01
2.372881e-01 1.980000e+01 2.770000e-01
2.457627e-01 2.004134e+01 2.695124e-01
2.500000e-01 2.015762e+01 2.659424e-01
2.542373e-01 2.027000e+01 2.625000e-01
2.627118e-01 2.048557e+01 2.558163e-01
2.711864e-01 2.069000e+01 2.495000e-01
2.796610e-01 2.088966e+01 2.435194e-01
2.881356e-01 2.108000e+01 2.379000e-01
2.966102e-01 2.125971e+01 2.325090e-01
3.050847e-01 2.143000e+01 2.274000e-01
3.220339e-01 2.176010e+01 2.177932e-01
3.305085e-01 2.191815e+01 2.133199e-01
3.389831e-01 2.207000e+01 2.091000e-01
3.601695e-01 2.242833e+01 1.992408e-01
3.707627e-01 2.259740e+01 1.946840e-01
3.813559e-01 2.276000e+01 1.904000e-01
4.025424e-01 2.307817e+01 1.822830e-01
4.131356e-01 2.323173e+01 1.784860e-01
4.237288e-01 2.338000e+01 1.749000e-01
4.449152e-01 2.366351e+01 1.681507e-01
4.555085e-01 2.379895e+01 1.649947e-01
4.661017e-01 2.393000e+01 1.620000e-01
4.872882e-01 2.418490e+01 1.562901e-01
4.978814e-01 2.430874e+01 1.535869e-01
5.084746e-01 2.443000e+01 1.510000e-01
5.296611e-01 2.466938e+01 1.460191e-01
5.508475e-01 2.490000e+01 1.414000e-01
5.720339e-01 2.511956e+01 1.371393e-01
5.932203e-01 2.533000e+01 1.332000e-01
6.144068e-01 2.553748e+01 1.293829e-01
6.355932e-01 2.574000e+01 1.258000e-01
6.567797e-01 2.593842e+01 1.224780e-01
6.779661e-01 2.613000e+01 1.194000e-01
7.203390e-01 2.649266e+01 1.135679e-01
7.415255e-01 2.666449e+01 1.108506e-01
7.627119e-01 2.683000e+01 1.083000e-01
8.050848e-01 2.715338e+01 1.035547e-01
8.262712e-01 2.730936e+01 1.013592e-01
8.474576e-01 2.746000e+01 9.929000e-02
8.898305e-01 2.774907e+01 9.535227e-02
9.322034e-01 2.802000e+01 9.174000e-02
9.745762e-01 2.827837e+01 8.839567e-02
1.016949e+00 2.852000e+01 8.534000e-02
1.059322e+00 2.874783e+01 8.247043e-02
1.101695e+00 2.896000e+01 7.982000e-02
1.144068e+00 2.916165e+01 7.732836e-02
1.186441e+00 2.935000e+01 7.502000e-02
1.271186e+00 2.969855e+01 7.078395e-02
1.313559e+00 2.985612e+01 6.885780e-02
1.355932e+00 3.000000e+01 6.707000e-02
1.440678e+00 3.026007e+01 6.372609e-02
1.525424e+00 3.048000e+01 6.073000e-02
1.610170e+00 3.067169e+01 5.799762e-02
1.694915e+00 3.083000e+01 5.555000e-02
1.864407e+00 3.107000e+01 5.124000e-02
2.033898e+00 3.123000e+01 4.759000e-02
2.203390e+00 3.123000e+01 4.445000e-02
2.372881e+00 3.096000e+01 4.172000e-02
2.542373e+00 3.075000e+01 3.933000e-02
2.711864e+00 3.055000e+01 3.722000e-02
2.881356e+00 3.031000e+01 3.533000e-02
3.050847e+00 3.005000e+01 3.364000e-02
3.220339e+00 2.976487e+01 3.209906e-02
3.305085e+00 2.961454e+01 3.138808e-02
3.389831e+00 2.946000e+01 3.072000e-02
3.601695e+00 2.906970e+01 2.915236e-02
3.707627e+00 2.887137e+01 2.842805e-02
3.813559e+00 2.867000e+01 2.775000e-02
4.025424e+00 2.825807e+01 2.648222e-02
4.131356e+00 2.804938e+01 2.589416e-02
4.237288e+00 2.784000e+01 2.534000e-02
4.449153e+00 2.742281e+01 2.428979e-02
4.555085e+00 2.721566e+01 2.379716e-02
4.661017e+00 2.701000e+01 2.333000e-02
4.872882e+00 2.660279e+01 2.244392e-02
4.978814e+00 2.640090e+01 2.202697e-02
5.084746e+00 2.620000e+01 2.163000e-02
5.296610e+00 2.579705e+01 2.087151e-02
5.402543e+00 2.559721e+01 2.051261e-02
5.508475e+00 2.540000e+01 2.017000e-02
5.720339e+00 2.501452e+01 1.951619e-02
5.826271e+00 2.482590e+01 1.920647e-02
5.932203e+00 2.464000e+01 1.891000e-02
6.144068e+00 2.427080e+01 1.834177e-02
6.250000e+00 2.408894e+01 1.807087e-02
6.355932e+00 2.391000e+01 1.781000e-02
6.567797e+00 2.355954e+01 1.730527e-02
6.673729e+00 2.338826e+01 1.706328e-02
6.779661e+00 2.322000e+01 1.683000e-02
7.203390e+00 2.256309e+01 1.595643e-02
7.415255e+00 2.224644e+01 1.555509e-02
7.521187e+00 2.209179e+01 1.536412e-02
7.627119e+00 2.194000e+01 1.518000e-02
8.050847e+00 2.134893e+01 1.447783e-02
8.262712e+00 2.106469e+01 1.414962e-02
8.368644e+00 2.092603e+01 1.399227e-02
8.474576e+00 2.079000e+01 1.384000e-02
8.898305e+00 2.026037e+01 1.325983e-02
9.110170e+00 2.000582e+01 1.298788e-02
9.216102e+00 1.988170e+01 1.285706e-02
9.322034e+00 1.976000e+01 1.273000e-02
9.745762e+00 1.928660e+01 1.224104e-02
9.957626e+00 1.905933e+01 1.200993e-02
1.006356e+01 1.894856e+01 1.189842e-02
1.016949e+01 1.884000e+01 1.179000e-02
1.059322e+01 1.841908e+01 1.137466e-02
1.080508e+01 1.821658e+01 1.117814e-02
1.091102e+01 1.811752e+01 1.108296e-02
1.101695e+01 1.802000e+01 1.099000e-02
1.144068e+01 1.763636e+01 1.062861e-02
1.165254e+01 1.745034e+01 1.045580e-02
1.175848e+01 1.735934e+01 1.037191e-02
1.186441e+01 1.727000e+01 1.029000e-02
1.271186e+01 1.659521e+01 9.680453e-03
1.313559e+01 1.628325e+01 9.404055e-03
1.334746e+01 1.613419e+01 9.273415e-03
1.355932e+01 1.599000e+01 9.148000e-03
1.440678e+01 1.543806e+01 8.671295e-03
1.483051e+01 1.517786e+01 8.449760e-03
1.504237e+01 1.505227e+01 8.343995e-03
1.525424e+01 1.493000e+01 8.242000e-03
1.610169e+01 1.445721e+01 7.855732e-03
1.652542e+01 1.423315e+01 7.676143e-03
1.673729e+01 1.412504e+01 7.590180e-03
1.694915e+01 1.402000e+01 7.507000e-03
1.779661e+01 1.361984e+01 7.188996e-03
1.822034e+01 1.343099e+01 7.039634e-03
1.843220e+01 1.333950e+01 6.967769e-03
1.864407e+01 1.325000e+01 6.898000e-03
1.949152e+01 1.290084e+01 6.630397e-03
1.991525e+01 1.273266e+01 6.504154e-03
2.012712e+01 1.265056e+01 6.443250e-03
2.033898e+01 1.257000e+01 6.384000e-03
2.118644e+01 1.225605e+01 6.156121e-03
2.161017e+01 1.210529e+01 6.048161e-03
2.182203e+01 1.203188e+01 5.995930e-03
2.203390e+01 1.196000e+01 5.945000e-03
2.288135e+01 1.168273e+01 5.748329e-03
2.330508e+01 1.154956e+01 5.654729e-03
2.351695e+01 1.148434e+01 5.609336e-03
2.372881e+01 1.142000e+01 5.565000e-03
2.457627e+01 1.116559e+01 5.393525e-03
2.500000e+01 1.104131e+01 5.311684e-03
2.521186e+01 1.098022e+01 5.271912e-03
2.542373e+01 1.092000e+01 5.233000e-03
2.627118e+01 1.068460e+01 5.082052e-03
2.669491e+01 1.057070e+01 5.009736e-03
2.690678e+01 1.051491e+01 4.974515e-03
2.711864e+01 1.046000e+01 4.940000e-03
2.796610e+01 1.024623e+01 4.805733e-03
2.838983e+01 1.014225e+01 4.741252e-03
2.860169e+01 1.009092e+01 4.709817e-03
2.881356e+01 1.004000e+01 4.679000e-03
2.966101e+01 9.835850e+00 4.559232e-03
3.008474e+01 9.735569e+00 4.501669e-03
3.029661e+01 9.686340e+00 4.473574e-03
3.050847e+01 9.638000e+00 4.446000e-03
3.220339e+01 9.278594e+00 4.235981e-03
3.305085e+01 9.114013e+00 4.138171e-03
3.347458e+01 9.035360e+00 4.091328e-03
3.389831e+01 8.959000e+00 4.046000e-03
3.601695e+01 8.588991e+00 3.831681e-03
3.707627e+01 8.413905e+00 3.732641e-03
3.760593e+01 8.329634e+00 3.685460e-03
3.813559e+01 8.248000e+00 3.640000e-03
4.025424e+01 7.938556e+00 3.467701e-03
4.131356e+01 7.794010e+00 3.387534e-03
4.184322e+01 7.724521e+00 3.349149e-03
4.237288e+01 7.657000e+00 3.312000e-03
4.449152e+01 7.396414e+00 3.169938e-03
4.555085e+01 7.272852e+00 3.103226e-03
4.608051e+01 7.213133e+00 3.071139e-03
4.661017e+01 7.155000e+00 3.040000e-03
4.872881e+01 6.931729e+00 2.920680e-03
4.978814e+01 6.826026e+00 2.864458e-03
5.031780e+01 6.774884e+00 2.837354e-03
5.084746e+01 6.725000e+00 2.811000e-03
5.296610e+01 6.532138e+00 2.709750e-03
5.402543e+01 6.440218e+00 2.661811e-03
5.455509e+01 6.395602e+00 2.638619e-03
5.508475e+01 6.352000e+00 2.616000e-03
5.720339e+01 6.183206e+00 2.528589e-03
5.826271e+01 6.102569e+00 2.486949e-03
5.879237e+01 6.063366e+00 2.466743e-03
5.932203e+01 6.025000e+00 2.447000e-03
6.144067e+01 5.876104e+00 2.370547e-03
6.250000e+01 5.804768e+00 2.334053e-03
6.302966e+01 5.770031e+00 2.316328e-03
6.355932e+01 5.736000e+00 2.299000e-03
6.567797e+01 5.603975e+00 2.231937e-03
6.673729e+01 5.540503e+00 2.199875e-03
6.726695e+01 5.509488e+00 2.184276e-03
6.779661e+01 5.479000e+00 2.169000e-03
7.203390e+01 5.244867e+00 2.053326e-03
7.415255e+01 5.134967e+00 1.999931e-03
7.521187e+01 5.082168e+00 1.974502e-03
7.574153e+01 5.056368e+00 1.962130e-03
7.627119e+01 5.031000e+00 1.950000e-03
8.050848e+01 4.835786e+00 1.857250e-03
8.262712e+01 4.743964e+00 1.813907e-03
8.368644e+01 4.699810e+00 1.793122e-03
8.474576e+01 4.657000e+00 1.773000e-03
8.898305e+01 4.493542e+00 1.696128e-03
9.110169e+01 4.416803e+00 1.660092e-03
9.216102e+01 4.379872e+00 1.642781e-03
9.322034e+01 4.344000e+00 1.626000e-03
9.745762e+01 4.206183e+00 1.561863e-03
9.957626e+01 4.141056e+00 1.531690e-03
1.006356e+02 4.109609e+00 1.517146e-03
1.016949e+02 4.079000e+00 1.503000e-03
1.059322e+02 3.961229e+00 1.448530e-03
1.080508e+02 3.905393e+00 1.422698e-03
1.091102e+02 3.878366e+00 1.410195e-03
1.101695e+02 3.852000e+00 1.398000e-03
1.144068e+02 3.750117e+00 1.350916e-03
1.165255e+02 3.701573e+00 1.328499e-03
1.175848e+02 3.678015e+00 1.317624e-03
1.186441e+02 3.655000e+00 1.307000e-03
1.271187e+02 3.482188e+00 1.227147e-03
1.313559e+02 3.403254e+00 1.190713e-03
1.334746e+02 3.365876e+00 1.173492e-03
1.345339e+02 3.347744e+00 1.165151e-03
1.355932e+02 3.330000e+00 1.157000e-03
1.440678e+02 3.194765e+00 1.095272e-03
1.483051e+02 3.131940e+00 1.066740e-03
1.504237e+02 3.101941e+00 1.053131e-03
1.525424e+02 3.073000e+00 1.040000e-03
1.694915e+02 2.864000e+00 9.446000e-04
