1.250000e-03 8.310000e-01 5.480000e+00
1.375000e-03 8.715000e-01 5.449000e+00
1.437500e-03 8.911550e-01 5.432100e+00
1.468750e-03 9.007982e-01 5.423216e+00
1.484375e-03 9.055679e-01 5.418652e+00
1.500000e-03 9.103000e-01 5.414000e+00
1.562500e-03 9.290326e-01 5.394868e+00
1.593750e-03 9.382690e-01 5.385025e+00
1.625000e-03 9.474000e-01 5.375000e+00
1.687500e-03 9.654530e-01 5.354800e+00
1.718750e-03 9.743684e-01 5.344508e+00
1.750000e-03 9.832000e-01 5.334000e+00
1.812500e-03 1.000716e+00 5.312246e+00
1.843750e-03 1.009391e+00 5.301151e+00
1.875000e-03 1.018000e+00 5.290000e+00
1.937500e-03 1.030555e+00 5.268049e+00
1.968750e-03 1.039009e+00 5.257079e+00
1.984375e-03 1.044722e+00 5.251561e+00
2.000000e-03 1.052000e+00 5.246000e+00
2.062500e-03 1.099394e+00 5.223212e+00
2.093750e-03 1.128522e+00 5.211630e+00
2.109375e-03 1.143454e+00 5.205816e+00
2.117188e-03 1.150820e+00 5.202907e+00
2.125000e-03 1.158000e+00 5.200000e+00
2.187500e-03 1.206776e+00 5.176919e+00
2.218750e-03 1.226981e+00 5.165448e+00
2.234375e-03 1.236218e+00 5.159723e+00
2.250000e-03 1.245000e+00 5.154000e+00
2.375000e-03 1.312927e+00 5.108028e+00
2.437500e-03 1.344304e+00 5.085001e+00
2.468750e-03 1.359053e+00 5.073493e+00
2.484375e-03 1.366138e+00 5.067744e+00
2.500000e-03 1.373000e+00 5.062000e+00
2.656250e-03 1.433632e+00 5.004699e+00
2.734375e-03 1.459323e+00 4.976241e+00
2.773437e-03 1.471028e+00 4.962088e+00
2.812500e-03 1.482000e+00 4.948000e+00
2.968750e-03 1.522417e+00 4.892085e+00
3.046875e-03 1.540802e+00 4.864422e+00
3.085938e-03 1.549546e+00 4.850678e+00
3.125000e-03 1.558000e+00 4.837000e+00
3.281250e-03 1.590445e+00 4.782566e+00
3.359375e-03 1.605952e+00 4.755635e+00
3.437500e-03 1.621000e+00 4.729000e+00
3.593750e-03 1.650336e+00 4.676432e+00
3.671875e-03 1.664731e+00 4.650554e+00
3.750000e-03 1.679000e+00 4.625000e+00
3.906250e-03 1.707385e+00 4.574411e+00
3.984375e-03 1.721630e+00 4.549516e+00
4.062500e-03 1.736000e+00 4.525000e+00
4.218750e-03 1.765185e+00 4.476867e+00
4.296875e-03 1.780008e+00 4.453263e+00
4.375000e-03 1.795000e+00 4.430000e+00
4.531250e-03 1.825246e+00 4.384056e+00
4.609375e-03 1.840545e+00 4.361404e+00
4.687500e-03 1.856000e+00 4.339000e+00
4.843750e-03 1.887282e+00 4.294523e+00
4.921875e-03 1.903088e+00 4.272599e+00
5.000000e-03 1.919000e+00 4.251000e+00
5.312500e-03 1.983202e+00 4.167362e+00
5.468750e-03 2.015543e+00 4.127119e+00
5.546875e-03 2.031760e+00 4.107415e+00
5.625000e-03 2.048000e+00 4.088000e+00
5.937500e-03 2.113047e+00 4.011548e+00
6.093750e-03 2.145554e+00 3.974315e+00
6.171875e-03 2.161788e+00 3.956026e+00
6.250000e-03 2.178000e+00 3.938000e+00
6.562500e-03 2.242716e+00 3.867541e+00
6.718750e-03 2.274931e+00 3.833360e+00
6.796875e-03 2.290988e+00 3.816569e+00
6.875000e-03 2.307000e+00 3.800000e+00
7.187500e-03 2.370889e+00 3.734715e+00
7.343750e-03 2.402587e+00 3.702942e+00
7.421875e-03 2.418337e+00 3.687350e+00
7.500000e-03 2.434000e+00 3.672000e+00
7.812500e-03 2.495941e+00 3.612216e+00
7.968750e-03 2.526570e+00 3.583266e+00
8.046875e-03 2.541807e+00 3.569044e+00
8.125000e-03 2.557000e+00 3.555000e+00
8.437500e-03 2.617825e+00 3.499603e+00
8.593750e-03 2.648053e+00 3.472521e+00
8.671875e-03 2.663073e+00 3.459180e+00
8.750000e-03 2.678000e+00 3.446000e+00
9.375000e-03 2.794650e+00 3.343956e+00
9.687500e-03 2.851364e+00 3.295437e+00
9.843750e-03 2.879315e+00 3.271932e+00
1.000000e-02 2.907000e+00 3.249000e+00
1.062500e-02 3.016774e+00 3.160635e+00
1.093750e-02 3.070802e+00 3.118526e+00
1.109375e-02 3.097522e+00 3.098053e+00
1.125000e-02 3.124000e+00 3.078000e+00
1.187500e-02 3.228288e+00 2.999819e+00
1.218750e-02 3.279487e+00 2.962245e+00
1.234375e-02 3.304832e+00 2.943935e+00
1.250000e-02 3.330000e+00 2.926000e+00
1.312500e-02 3.429880e+00 2.856487e+00
1.343750e-02 3.479212e+00 2.823171e+00
1.359375e-02 3.503683e+00 2.806931e+00
1.375000e-02 3.528000e+00 2.791000e+00
1.437500e-02 3.624349e+00 2.728890e+00
1.468750e-02 3.671918e+00 2.698968e+00
1.484375e-02 3.695525e+00 2.684352e+00
1.500000e-02 3.719000e+00 2.670000e+00
1.562500e-02 3.812069e+00 2.614096e+00
1.593750e-02 3.858173e+00 2.587143e+00
1.609375e-02 3.881120e+00 2.573961e+00
1.625000e-02 3.904000e+00 2.561000e+00
1.687500e-02 3.995381e+00 2.510371e+00
1.718750e-02 4.040832e+00 2.485861e+00
1.734375e-02 4.063460e+00 2.473842e+00
1.750000e-02 4.086000e+00 2.462000e+00
1.812500e-02 4.175444e+00 2.415505e+00
1.843750e-02 4.219822e+00 2.392944e+00
1.859375e-02 4.241933e+00 2.381884e+00
1.875000e-02 4.264000e+00 2.371000e+00
1.937500e-02 4.352134e+00 2.328576e+00
1.968750e-02 4.396107e+00 2.308036e+00
2.000000e-02 4.440000e+00 2.288000e+00
2.062500e-02 4.527697e+00 2.248732e+00
2.093750e-02 4.571420e+00 2.229632e+00
2.125000e-02 4.615000e+00 2.211000e+00
2.187500e-02 4.701697e+00 2.174726e+00
2.218750e-02 4.744884e+00 2.157143e+00
2.250000e-02 4.788000e+00 2.140000e+00
2.375000e-02 4.960623e+00 2.074106e+00
2.437500e-02 5.046881e+00 2.042874e+00
2.468750e-02 5.089965e+00 2.027754e+00
2.500000e-02 5.133000e+00 2.013000e+00
2.656250e-02 5.347396e+00 1.942182e+00
2.734375e-02 5.454268e+00 1.908780e+00
2.773437e-02 5.507645e+00 1.892670e+00
2.812500e-02 5.561000e+00 1.877000e+00
2.968750e-02 5.774477e+00 1.816805e+00
3.046875e-02 5.881236e+00 1.788285e+00
3.085938e-02 5.934618e+00 1.774477e+00
3.125000e-02 5.988000e+00 1.761000e+00
3.281250e-02 6.201567e+00 1.708838e+00
3.359375e-02 6.308315e+00 1.683936e+00
3.398438e-02 6.361669e+00 1.671836e+00
3.437500e-02 6.415000e+00 1.660000e+00
3.593750e-02 6.628209e+00 1.614056e+00
3.671875e-02 6.734677e+00 1.592094e+00
3.710938e-02 6.787860e+00 1.581426e+00
3.750000e-02 6.841000e+00 1.571000e+00
3.906250e-02 7.053274e+00 1.530771e+00
3.984375e-02 7.159217e+00 1.511549e+00
4.023438e-02 7.212131e+00 1.502186e+00
4.062500e-02 7.265000e+00 1.493000e+00
4.218750e-02 7.476369e+00 1.457040e+00
4.296875e-02 7.581824e+00 1.439715e+00
4.335937e-02 7.634456e+00 1.431270e+00
4.375000e-02 7.687000e+00 1.423000e+00
4.531250e-02 7.896565e+00 1.391122e+00
4.609375e-02 8.000945e+00 1.375839e+00
4.648438e-02 8.053017e+00 1.368364e+00
4.687500e-02 8.105000e+00 1.361000e+00
4.843750e-02 8.312618e+00 1.331932e+00
4.921875e-02 8.416028e+00 1.317776e+00
4.960938e-02 8.467580e+00 1.310832e+00
5.000000e-02 8.519000e+00 1.304000e+00
5.312500e-02 8.927538e+00 1.252054e+00
5.468750e-02 9.129382e+00 1.227857e+00
5.546875e-02 9.229510e+00 1.216251e+00
5.585938e-02 9.279342e+00 1.210580e+00
5.625000e-02 9.329000e+00 1.205000e+00
5.937500e-02 9.723274e+00 1.161883e+00
6.093750e-02 9.917826e+00 1.141463e+00
6.171875e-02 1.001425e+01 1.131599e+00
6.250000e-02 1.011000e+01 1.122000e+00
6.562500e-02 1.048900e+01 1.085140e+00
6.718750e-02 1.067569e+01 1.067687e+00
6.796875e-02 1.076818e+01 1.059241e+00
6.875000e-02 1.086000e+01 1.051000e+00
7.187500e-02 1.122440e+01 1.019110e+00
7.343750e-02 1.140368e+01 1.003900e+00
7.421875e-02 1.149228e+01 9.965165e-01
7.500000e-02 1.158000e+01 9.893000e-01
7.812500e-02 1.192482e+01 9.613642e-01
7.968750e-02 1.209369e+01 9.480245e-01
8.046875e-02 1.217718e+01 9.415417e-01
8.125000e-02 1.226000e+01 9.352000e-01
8.437500e-02 1.258895e+01 9.106231e-01
8.593750e-02 1.275084e+01 8.988521e-01
8.671875e-02 1.283083e+01 8.931188e-01
8.750000e-02 1.291000e+01 8.875000e-01
9.375000e-02 1.352383e+01 8.448561e-01
9.687500e-02 1.381724e+01 8.251108e-01
9.843750e-02 1.396005e+01 8.156899e-01
9.921875e-02 1.403040e+01 8.111017e-01
1.000000e-01 1.410000e+01 8.066000e-01
1.062500e-01 1.464478e+01 7.721178e-01
1.093750e-01 1.490701e+01 7.559675e-01
1.109375e-01 1.503483e+01 7.482136e-01
1.125000e-01 1.516000e+01 7.407000e-01
1.187500e-01 1.564391e+01 7.119836e-01
1.218750e-01 1.587574e+01 6.984951e-01
1.234375e-01 1.598887e+01 6.920038e-01
1.250000e-01 1.610000e+01 6.857000e-01
1.312500e-01 1.653577e+01 6.615223e-01
1.343750e-01 1.674631e+01 6.500988e-01
1.359375e-01 1.684915e+01 6.445788e-01
1.375000e-01 1.695000e+01 6.392000e-01
1.437500e-01 1.734127e+01 6.184333e-01
1.468750e-01 1.752888e+01 6.085577e-01
1.484375e-01 1.762032e+01 6.037715e-01
1.500000e-01 1.771000e+01 5.991000e-01
1.562500e-01 1.805878e+01 5.810504e-01
1.593750e-01 1.822686e+01 5.724516e-01
1.625000e-01 1.839000e+01 5.642000e-01
1.687500e-01 1.870720e+01 5.483867e-01
1.718750e-01 1.886064e+01 5.408516e-01
1.750000e-01 1.901000e+01 5.336000e-01
1.812500e-01 1.930155e+01 5.195929e-01
1.843750e-01 1.944275e+01 5.128791e-01
1.875000e-01 1.958000e+01 5.064000e-01
1.937500e-01 1.984550e+01 4.938917e-01
1.968750e-01 1.997411e+01 4.878938e-01
2.000000e-01 2.010000e+01 4.821000e-01
2.062500e-01 2.034982e+01 4.709031e-01
2.093750e-01 2.047168e+01 4.655187e-01
2.125000e-01 2.059000e+01 4.603000e-01
2.187500e-01 2.081566e+01 4.501516e-01
2.218750e-01 2.092408e+01 4.452525e-01
2.250000e-01 2.103000e+01 4.405000e-01
2.375000e-01 2.144907e+01 4.224712e-01
2.437500e-01 2.165275e+01 4.140570e-01
2.500000e-01 2.185000e+01 4.061000e-01
2.656250e-01 2.231677e+01 3.874110e-01
2.734375e-01 2.253750e+01 3.787467e-01
2.812500e-01 2.275000e+01 3.706000e-01
2.968750e-01 2.316500e+01 3.552517e-01
3.046875e-01 2.336560e+01 3.480836e-01
3.125000e-01 2.356000e+01 3.413000e-01
3.281250e-01 2.393408e+01 3.284207e-01
3.359375e-01 2.411430e+01 3.223619e-01
3.437500e-01 2.429000e+01 3.166000e-01
3.593750e-01 2.463535e+01 3.056253e-01
3.671875e-01 2.480426e+01 3.004433e-01
3.750000e-01 2.497000e+01 2.955000e-01
3.906250e-01 2.529474e+01 2.860596e-01
3.984375e-01 2.545365e+01 2.815847e-01
4.062500e-01 2.561000e+01 2.773000e-01
4.218750e-01 2.591880e+01 2.690764e-01
4.296875e-01 2.607057e+01 2.651605e-01
4.375000e-01 2.622000e+01 2.614000e-01
4.531250e-01 2.651409e+01 2.541760e-01
4.609375e-01 2.665825e+01 2.507257e-01
4.687500e-01 2.680000e+01 2.474000e-01
4.843750e-01 2.707848e+01 2.409681e-01
4.921875e-01 2.721518e+01 2.378811e-01
5.000000e-01 2.735000e+01 2.349000e-01
5.312500e-01 2.787894e+01 2.236689e-01
5.468750e-01 2.813696e+01 2.184752e-01
5.625000e-01 2.839000e+01 2.136000e-01
5.937500e-01 2.888902e+01 2.044249e-01
6.093750e-01 2.913250e+01 2.001455e-01
6.250000e-01 2.937000e+01 1.961000e-01
6.562500e-01 2.982938e+01 1.884210e-01
6.718750e-01 3.005198e+01 1.848167e-01
6.875000e-01 3.027000e+01 1.814000e-01
7.187500e-01 3.070151e+01 1.749416e-01
7.343750e-01 3.091296e+01 1.719022e-01
7.500000e-01 3.112000e+01 1.690000e-01
7.812500e-01 3.152227e+01 1.634051e-01
7.968750e-01 3.171794e+01 1.607437e-01
8.125000e-01 3.191000e+01 1.582000e-01
8.437500e-01 3.229066e+01 1.533726e-01
8.593750e-01 3.247730e+01 1.510891e-01
8.750000e-01 3.266000e+01 1.489000e-01
9.375000e-01 3.335706e+01 1.406435e-01
9.687500e-01 3.368578e+01 1.368414e-01
1.000000e+00 3.400000e+01 1.333000e-01
1.062500e+00 3.460586e+01 1.267355e-01
1.093750e+00 3.489422e+01 1.237199e-01
1.125000e+00 3.517000e+01 1.209000e-01
1.187500e+00 3.569539e+01 1.156025e-01
1.218750e+00 3.594344e+01 1.131339e-01
1.250000e+00 3.618000e+01 1.108000e-01
1.312500e+00 3.663140e+01 1.063656e-01
1.343750e+00 3.684526e+01 1.042804e-01
1.375000e+00 3.705000e+01 1.023000e-01
1.437500e+00 3.744487e+01 9.853729e-02
1.500000e+00 3.781000e+01 9.508000e-02
1.562500e+00 3.814605e+01 9.186033e-02
1.625000e+00 3.845000e+01 8.890000e-02
1.687500e+00 3.873308e+01 8.611039e-02
1.750000e+00 3.899000e+01 8.352000e-02
1.812500e+00 3.922630e+01 8.107140e-02
1.875000e+00 3.944000e+01 7.879000e-02
2.000000e+00 3.982000e+01 7.461000e-02
2.125000e+00 4.013000e+01 7.087000e-02
2.250000e+00 4.024000e+01 6.751000e-02
2.500000e+00 4.014000e+01 6.173000e-02
2.812500e+00 4.007000e+01 5.582000e-02
3.125000e+00 3.981000e+01 5.101000e-02
3.437500e+00 3.943000e+01 4.701000e-02
3.593750e+00 3.920200e+01 4.523325e-02
3.750000e+00 3.895000e+01 4.362000e-02
3.906250e+00 3.868641e+01 4.210604e-02
4.062500e+00 3.841000e+01 4.071000e-02
4.218750e+00 3.812483e+01 3.940104e-02
4.375000e+00 3.783000e+01 3.819000e-02
4.531250e+00 3.752776e+01 3.704558e-02
4.687500e+00 3.722000e+01 3.598000e-02
4.843750e+00 3.691071e+01 3.497200e-02
5.000000e+00 3.660000e+01 3.403000e-02
5.312500e+00 3.597527e+01 3.227837e-02
5.468750e+00 3.566242e+01 3.147275e-02
5.625000e+00 3.535000e+01 3.072000e-02
5.937500e+00 3.472504e+01 2.931112e-02
6.093750e+00 3.441549e+01 2.865694e-02
6.250000e+00 3.411000e+01 2.804000e-02
6.562500e+00 3.351163e+01 2.686903e-02
6.718750e+00 3.321864e+01 2.631989e-02
6.875000e+00 3.293000e+01 2.580000e-02
7.187500e+00 3.235756e+01 2.481880e-02
7.343750e+00 3.207622e+01 2.435834e-02
7.500000e+00 3.180000e+01 2.392000e-02
7.812500e+00 3.126002e+01 2.307958e-02
7.968750e+00 3.099716e+01 2.268094e-02
8.125000e+00 3.074000e+01 2.230000e-02
8.437500e+00 3.023641e+01 2.157358e-02
8.593750e+00 2.999074e+01 2.122945e-02
8.750000e+00 2.975000e+01 2.090000e-02
9.375000e+00 2.881581e+01 1.967109e-02
9.687500e+00 2.836919e+01 1.911037e-02
9.843750e+00 2.815217e+01 1.884488e-02
1.000000e+01 2.794000e+01 1.859000e-02
1.062500e+01 2.711818e+01 1.762510e-02
1.093750e+01 2.672614e+01 1.717829e-02
1.109375e+01 2.653587e+01 1.696529e-02
1.125000e+01 2.635000e+01 1.676000e-02
1.187500e+01 2.563199e+01 1.598253e-02
1.218750e+01 2.528946e+01 1.562087e-02
1.234375e+01 2.512296e+01 1.544768e-02
1.250000e+01 2.496000e+01 1.528000e-02
1.312500e+01 2.432643e+01 1.463820e-02
1.343750e+01 2.402267e+01 1.433639e-02
1.359375e+01 2.387479e+01 1.419110e-02
1.375000e+01 2.373000e+01 1.405000e-02
1.437500e+01 2.316894e+01 1.350872e-02
1.468750e+01 2.289995e+01 1.325326e-02
1.484375e+01 2.276876e+01 1.312998e-02
1.500000e+01 2.264000e+01 1.301000e-02
1.562500e+01 2.213768e+01 1.254815e-02
1.593750e+01 2.189524e+01 1.232922e-02
1.609375e+01 2.177663e+01 1.222329e-02
1.625000e+01 2.166000e+01 1.212000e-02
1.687500e+01 2.120368e+01 1.172123e-02
1.718750e+01 2.098335e+01 1.153160e-02
1.734375e+01 2.087568e+01 1.143970e-02
1.750000e+01 2.077000e+01 1.135000e-02
1.812500e+01 2.035950e+01 1.100421e-02
1.843750e+01 2.016184e+01 1.083916e-02
1.875000e+01 1.997000e+01 1.068000e-02
1.937500e+01 1.959720e+01 1.037073e-02
1.968750e+01 1.941649e+01 1.022247e-02
2.000000e+01 1.924000e+01 1.008000e-02
2.062500e+01 1.889301e+01 9.808638e-03
2.093750e+01 1.872424e+01 9.679536e-03
2.125000e+01 1.856000e+01 9.555000e-03
2.187500e+01 1.824284e+01 9.312441e-03
2.218750e+01 1.808960e+01 9.195380e-03
2.250000e+01 1.794000e+01 9.082000e-03
2.375000e+01 1.735749e+01 8.654481e-03
2.437500e+01 1.707835e+01 8.456367e-03
2.468750e+01 1.694264e+01 8.361636e-03
2.500000e+01 1.681000e+01 8.270000e-03
2.656250e+01 1.617484e+01 7.835678e-03
2.734375e+01 1.587539e+01 7.634476e-03
2.773438e+01 1.573082e+01 7.538517e-03
2.812500e+01 1.559000e+01 7.446000e-03
2.968750e+01 1.504545e+01 7.095176e-03
3.046875e+01 1.478682e+01 6.931880e-03
3.085938e+01 1.466176e+01 6.853681e-03
3.125000e+01 1.454000e+01 6.778000e-03
3.281250e+01 1.407196e+01 6.488609e-03
3.359375e+01 1.385074e+01 6.352738e-03
3.398438e+01 1.374394e+01 6.287399e-03
3.437500e+01 1.364000e+01 6.224000e-03
3.593750e+01 1.324108e+01 5.981223e-03
3.671875e+01 1.305175e+01 5.866833e-03
3.710938e+01 1.295988e+01 5.811666e-03
3.750000e+01 1.287000e+01 5.758000e-03
3.906250e+01 1.252041e+01 5.551489e-03
3.984375e+01 1.235240e+01 5.453591e-03
4.023438e+01 1.227043e+01 5.406211e-03
4.062500e+01 1.219000e+01 5.360000e-03
4.218750e+01 1.187620e+01 5.181450e-03
4.296875e+01 1.172538e+01 5.096459e-03
4.335938e+01 1.165192e+01 5.055244e-03
4.375000e+01 1.158000e+01 5.015000e-03
4.531250e+01 1.130151e+01 4.859444e-03
4.609375e+01 1.116832e+01 4.785264e-03
4.648438e+01 1.110350e+01 4.749235e-03
4.687500e+01 1.104000e+01 4.714000e-03
4.843750e+01 1.079333e+01 4.577411e-03
4.921875e+01 1.067475e+01 4.512017e-03
4.960938e+01 1.061685e+01 4.480182e-03
5.000000e+01 1.056000e+01 4.449000e-03
5.312500e+01 1.012599e+01 4.212932e-03
5.468750e+01 9.923337e+00 4.103953e-03
5.546875e+01 9.826146e+00 4.052038e-03
5.625000e+01 9.732000e+00 4.002000e-03
5.937500e+01 9.371731e+00 3.811922e-03
6.093750e+01 9.202457e+00 3.723384e-03
6.171875e+01 9.121027e+00 3.680997e-03
6.250000e+01 9.042000e+00 3.640000e-03
6.562500e+01 8.739376e+00 3.483730e-03
6.718750e+01 8.596750e+00 3.410467e-03
6.796875e+01 8.527948e+00 3.375226e-03
6.875000e+01 8.461000e+00 3.341000e-03
7.187500e+01 8.203207e+00 3.209348e-03
7.343750e+01 8.080929e+00 3.147156e-03
7.421875e+01 8.021737e+00 3.117160e-03
7.500000e+01 7.964000e+00 3.088000e-03
7.812500e+01 7.740933e+00 2.976231e-03
7.968750e+01 7.634758e+00 2.923419e-03
8.046875e+01 7.583273e+00 2.897889e-03
8.125000e+01 7.533000e+00 2.873000e-03
8.437500e+01 7.338916e+00 2.776795e-03
8.593750e+01 7.246251e+00 2.730960e-03
8.671875e+01 7.201167e+00 2.708721e-03
8.750000e+01 7.157000e+00 2.687000e-03
9.375000e+01 6.821469e+00 2.524114e-03
9.687500e+01 6.665929e+00 2.449839e-03
9.843750e+01 6.591673e+00 2.414701e-03
9.921875e+01 6.555499e+00 2.397665e-03
1.000000e+02 6.520000e+00 2.381000e-03
1.062500e+02 6.247402e+00 2.254066e-03
1.093750e+02 6.119915e+00 2.195174e-03
1.109375e+02 6.058901e+00 2.167080e-03
1.125000e+02 6.000000e+00 2.140000e-03
1.250000e+02 5.576000e+00 1.945000e-03
