5.000000e-04 3.008000e-01 1.331000e+00
5.500000e-04 3.155000e-01 1.319000e+00
5.750000e-04 3.225900e-01 1.312650e+00
5.875000e-04 3.260675e-01 1.309367e+00
5.937500e-04 3.277893e-01 1.307694e+00
6.000000e-04 3.295000e-01 1.306000e+00
6.250000e-04 3.363113e-01 1.299063e+00
6.375000e-04 3.396773e-01 1.295538e+00
6.500000e-04 3.430000e-01 1.292000e+00
6.750000e-04 3.495239e-01 1.284981e+00
6.875000e-04 3.527301e-01 1.281488e+00
7.000000e-04 3.559000e-01 1.278000e+00
7.250000e-04 3.621974e-01 1.271006e+00
7.375000e-04 3.653139e-01 1.267504e+00
7.500000e-04 3.684000e-01 1.264000e+00
7.750000e-04 3.745055e-01 1.256998e+00
7.875000e-04 3.775189e-01 1.253499e+00
8.000000e-04 3.805000e-01 1.250000e+00
8.250000e-04 3.863968e-01 1.243001e+00
8.375000e-04 3.893111e-01 1.239500e+00
8.500000e-04 3.922000e-01 1.236000e+00
8.750000e-04 3.979409e-01 1.229000e+00
8.875000e-04 4.007836e-01 1.225500e+00
9.000000e-04 4.036000e-01 1.222000e+00
9.500000e-04 4.146648e-01 1.207918e+00
9.750000e-04 4.200772e-01 1.200915e+00
9.875000e-04 4.227503e-01 1.197442e+00
1.000000e-03 4.254000e-01 1.194000e+00
1.062500e-03 4.384813e-01 1.177179e+00
1.093750e-03 4.448956e-01 1.169004e+00
1.109375e-03 4.480632e-01 1.164980e+00
1.125000e-03 4.512000e-01 1.161000e+00
1.187500e-03 4.635680e-01 1.145323e+00
1.218750e-03 4.696325e-01 1.137617e+00
1.234375e-03 4.726295e-01 1.133797e+00
1.250000e-03 4.756000e-01 1.130000e+00
1.312500e-03 4.873379e-01 1.114888e+00
1.343750e-03 4.931092e-01 1.107407e+00
1.359375e-03 4.959656e-01 1.103692e+00
1.375000e-03 4.988000e-01 1.100000e+00
1.437500e-03 5.100196e-01 1.085248e+00
1.468750e-03 5.155454e-01 1.078022e+00
1.484375e-03 5.182826e-01 1.074478e+00
1.500000e-03 5.210000e-01 1.071000e+00
1.562500e-03 5.317645e-01 1.057743e+00
1.593750e-03 5.370673e-01 1.051342e+00
1.625000e-03 5.423000e-01 1.045000e+00
1.687500e-03 5.526038e-01 1.031929e+00
1.718750e-03 5.576784e-01 1.025398e+00
1.750000e-03 5.627000e-01 1.019000e+00
1.812500e-03 5.726733e-01 1.006895e+00
1.843750e-03 5.776097e-01 1.001091e+00
1.875000e-03 5.825000e-01 9.954000e-01
1.937500e-03 5.917265e-01 9.839753e-01
1.968750e-03 5.965079e-01 9.783031e-01
2.000000e-03 6.017000e-01 9.727000e-01
2.125000e-03 6.291926e-01 9.510266e-01
2.187500e-03 6.450216e-01 9.406419e-01
2.218750e-03 6.531121e-01 9.355756e-01
2.234375e-03 6.571345e-01 9.330761e-01
2.250000e-03 6.611000e-01 9.306000e-01
2.375000e-03 6.898572e-01 9.111661e-01
2.437500e-03 7.028851e-01 9.017504e-01
2.468750e-03 7.091475e-01 8.971378e-01
2.500000e-03 7.153000e-01 8.926000e-01
2.625000e-03 7.402735e-01 8.748848e-01
2.687500e-03 7.526427e-01 8.663217e-01
2.718750e-03 7.587267e-01 8.621278e-01
2.750000e-03 7.647000e-01 8.580000e-01
2.875000e-03 7.876391e-01 8.418418e-01
2.937500e-03 7.985344e-01 8.340140e-01
2.968750e-03 8.038236e-01 8.301773e-01
3.000000e-03 8.090000e-01 8.264000e-01
3.125000e-03 8.291981e-01 8.116357e-01
3.187500e-03 8.388872e-01 8.044782e-01
3.218750e-03 8.435974e-01 8.009648e-01
3.250000e-03 8.482000e-01 7.975000e-01
3.375000e-03 8.659756e-01 7.838866e-01
3.437500e-03 8.744232e-01 7.772627e-01
3.500000e-03 8.825000e-01 7.708000e-01
3.750000e-03 9.122809e-01 7.460782e-01
3.875000e-03 9.256557e-01 7.344192e-01
3.937500e-03 9.319260e-01 7.287878e-01
4.000000e-03 9.379000e-01 7.233000e-01
4.250000e-03 9.602946e-01 7.020988e-01
4.375000e-03 9.704986e-01 6.919971e-01
4.500000e-03 9.799000e-01 6.823000e-01
4.750000e-03 9.969570e-01 6.636827e-01
4.875000e-03 1.004718e+00 6.548157e-01
5.000000e-03 1.012000e+00 6.463000e-01
5.250000e-03 1.026078e+00 6.299421e-01
5.375000e-03 1.032728e+00 6.221300e-01
5.500000e-03 1.039000e+00 6.146000e-01
5.750000e-03 1.050449e+00 6.000413e-01
5.875000e-03 1.055800e+00 5.930531e-01
6.000000e-03 1.061000e+00 5.863000e-01
6.250000e-03 1.071600e+00 5.732485e-01
6.500000e-03 1.082000e+00 5.609000e-01
6.750000e-03 1.091684e+00 5.490833e-01
7.000000e-03 1.101000e+00 5.379000e-01
7.250000e-03 1.110462e+00 5.271705e-01
7.500000e-03 1.120000e+00 5.170000e-01
7.750000e-03 1.129508e+00 5.072606e-01
8.000000e-03 1.139000e+00 4.980000e-01
8.250000e-03 1.148430e+00 4.890569e-01
8.500000e-03 1.158000e+00 4.805000e-01
8.750000e-03 1.167883e+00 4.722176e-01
9.000000e-03 1.178000e+00 4.643000e-01
9.500000e-03 1.198223e+00 4.493425e-01
9.750000e-03 1.208498e+00 4.423090e-01
1.000000e-02 1.219000e+00 4.356000e-01
1.062500e-02 1.246299e+00 4.195970e-01
1.093750e-02 1.260472e+00 4.120615e-01
1.109375e-02 1.267692e+00 4.084300e-01
1.125000e-02 1.275000e+00 4.049000e-01
1.187500e-02 1.304492e+00 3.913381e-01
1.218750e-02 1.319565e+00 3.849226e-01
1.234375e-02 1.327228e+00 3.818216e-01
1.250000e-02 1.335000e+00 3.788000e-01
1.312500e-02 1.366927e+00 3.671448e-01
1.343750e-02 1.383325e+00 3.616053e-01
1.359375e-02 1.391629e+00 3.589207e-01
1.375000e-02 1.400000e+00 3.563000e-01
1.437500e-02 1.433620e+00 3.461732e-01
1.468750e-02 1.450669e+00 3.413431e-01
1.484375e-02 1.459291e+00 3.389962e-01
1.500000e-02 1.468000e+00 3.367000e-01
1.562500e-02 1.503497e+00 3.277883e-01
1.593750e-02 1.521618e+00 3.235178e-01
1.609375e-02 1.530776e+00 3.214380e-01
1.625000e-02 1.540000e+00 3.194000e-01
1.687500e-02 1.577155e+00 3.114850e-01
1.718750e-02 1.595965e+00 3.076813e-01
1.734375e-02 1.605449e+00 3.058241e-01
1.750000e-02 1.615000e+00 3.040000e-01
1.812500e-02 1.653659e+00 2.968647e-01
1.843750e-02 1.673241e+00 2.934245e-01
1.859375e-02 1.683099e+00 2.917458e-01
1.875000e-02 1.693000e+00 2.901000e-01
1.937500e-02 1.732769e+00 2.837251e-01
1.968750e-02 1.752808e+00 2.806642e-01
1.984375e-02 1.762881e+00 2.791693e-01
2.000000e-02 1.773000e+00 2.777000e-01
2.125000e-02 1.855159e+00 2.664169e-01
2.187500e-02 1.896886e+00 2.611177e-01
2.218750e-02 1.917898e+00 2.585703e-01
2.234375e-02 1.928439e+00 2.573249e-01
2.250000e-02 1.939000e+00 2.561000e-01
2.375000e-02 2.023622e+00 2.466789e-01
2.437500e-02 2.066170e+00 2.422335e-01
2.468750e-02 2.087541e+00 2.400881e-01
2.484375e-02 2.098258e+00 2.390365e-01
2.500000e-02 2.109000e+00 2.380000e-01
2.625000e-02 2.195624e+00 2.299693e-01
2.687500e-02 2.239245e+00 2.261512e-01
2.718750e-02 2.261111e+00 2.243025e-01
2.750000e-02 2.283000e+00 2.225000e-01
2.875000e-02 2.370575e+00 2.155511e-01
2.937500e-02 2.414320e+00 2.122531e-01
2.968750e-02 2.436171e+00 2.106567e-01
3.000000e-02 2.458000e+00 2.091000e-01
3.125000e-02 2.545147e+00 2.031038e-01
3.187500e-02 2.588615e+00 2.002477e-01
3.218750e-02 2.610319e+00 1.988595e-01
3.250000e-02 2.632000e+00 1.975000e-01
3.375000e-02 2.718699e+00 1.922036e-01
3.437500e-02 2.761929e+00 1.896576e-01
3.468750e-02 2.783490e+00 1.884164e-01
3.500000e-02 2.805000e+00 1.872000e-01
3.750000e-02 2.975950e+00 1.780106e-01
3.875000e-02 3.060434e+00 1.737712e-01
3.937500e-02 3.102349e+00 1.717502e-01
3.968750e-02 3.123210e+00 1.707660e-01
4.000000e-02 3.144000e+00 1.698000e-01
4.250000e-02 3.309076e+00 1.623710e-01
4.375000e-02 3.390536e+00 1.588868e-01
4.437500e-02 3.430911e+00 1.572159e-01
4.468750e-02 3.450994e+00 1.564006e-01
4.500000e-02 3.471000e+00 1.556000e-01
4.750000e-02 3.629701e+00 1.494880e-01
4.875000e-02 3.707887e+00 1.466225e-01
4.937500e-02 3.746597e+00 1.452425e-01
4.968750e-02 3.765841e+00 1.445664e-01
5.000000e-02 3.785000e+00 1.439000e-01
5.250000e-02 3.936770e+00 1.387163e-01
5.375000e-02 4.011429e+00 1.362505e-01
5.437500e-02 4.048369e+00 1.350588e-01
5.500000e-02 4.085000e+00 1.339000e-01
5.750000e-02 4.229753e+00 1.294773e-01
5.875000e-02 4.300895e+00 1.273920e-01
5.937500e-02 4.336090e+00 1.263838e-01
6.000000e-02 4.371000e+00 1.254000e-01
6.250000e-02 4.509144e+00 1.215811e-01
6.375000e-02 4.577078e+00 1.197550e-01
6.437500e-02 4.610682e+00 1.188676e-01
6.500000e-02 4.644000e+00 1.180000e-01
6.750000e-02 4.775682e+00 1.146470e-01
6.875000e-02 4.840351e+00 1.130446e-01
6.937500e-02 4.872319e+00 1.122646e-01
7.000000e-02 4.904000e+00 1.115000e-01
7.250000e-02 5.028993e+00 1.085144e-01
7.375000e-02 5.090412e+00 1.070803e-01
7.437500e-02 5.120816e+00 1.063825e-01
7.500000e-02 5.151000e+00 1.057000e-01
7.750000e-02 5.270832e+00 1.030724e-01
7.875000e-02 5.329861e+00 1.018161e-01
7.937500e-02 5.359062e+00 1.012030e-01
8.000000e-02 5.388000e+00 1.006000e-01
8.250000e-02 5.501942e+00 9.822721e-02
8.375000e-02 5.557855e+00 9.707633e-02
8.500000e-02 5.613000e+00 9.596000e-02
8.750000e-02 5.722176e+00 9.380969e-02
8.875000e-02 5.775959e+00 9.277821e-02
9.000000e-02 5.829000e+00 9.178000e-02
9.500000e-02 6.035814e+00 8.798048e-02
9.750000e-02 6.135775e+00 8.620263e-02
9.875000e-02 6.184758e+00 8.534854e-02
1.000000e-01 6.233000e+00 8.452000e-02
1.062500e-01 6.468532e+00 8.058355e-02
1.093750e-01 6.582080e+00 7.875240e-02
1.109375e-01 6.637546e+00 7.787652e-02
1.125000e-01 6.692000e+00 7.703000e-02
1.187500e-01 6.903909e+00 7.380649e-02
1.218750e-01 7.006001e+00 7.229790e-02
1.234375e-01 7.055920e+00 7.157313e-02
1.250000e-01 7.105000e+00 7.087000e-02
1.312500e-01 7.297090e+00 6.817288e-02
1.343750e-01 7.389949e+00 6.690063e-02
1.359375e-01 7.435371e+00 6.628693e-02
1.375000e-01 7.480000e+00 6.569000e-02
1.437500e-01 7.653853e+00 6.339485e-02
1.468750e-01 7.737681e+00 6.230804e-02
1.484375e-01 7.778682e+00 6.178240e-02
1.500000e-01 7.819000e+00 6.127000e-02
1.562500e-01 7.976627e+00 5.929203e-02
1.593750e-01 8.052888e+00 5.835127e-02
1.625000e-01 8.127000e+00 5.745000e-02
1.687500e-01 8.271056e+00 5.572624e-02
1.718750e-01 8.340570e+00 5.490688e-02
1.750000e-01 8.408000e+00 5.412000e-02
1.812500e-01 8.538778e+00 5.260344e-02
1.843750e-01 8.601825e+00 5.187833e-02
1.875000e-01 8.663000e+00 5.118000e-02
1.937500e-01 8.781906e+00 4.983478e-02
1.968750e-01 8.839305e+00 4.919096e-02
2.000000e-01 8.895000e+00 4.857000e-02
2.125000e-01 9.106829e+00 4.622950e-02
2.187500e-01 9.205699e+00 4.514668e-02
2.218750e-01 9.253100e+00 4.462961e-02
2.250000e-01 9.299000e+00 4.413000e-02
2.375000e-01 9.474727e+00 4.222106e-02
2.437500e-01 9.557140e+00 4.132628e-02
2.500000e-01 9.635000e+00 4.048000e-02
2.625000e-01 9.781243e+00 3.888436e-02
2.687500e-01 9.849443e+00 3.813787e-02
2.750000e-01 9.914000e+00 3.743000e-02
2.875000e-01 1.003765e+01 3.608232e-02
2.937500e-01 1.009560e+01 3.544634e-02
3.000000e-01 1.015000e+01 3.484000e-02
3.125000e-01 1.025033e+01 3.368245e-02
3.250000e-01 1.034000e+01 3.261000e-02
3.375000e-01 1.042390e+01 3.160306e-02
3.500000e-01 1.050000e+01 3.067000e-02
3.750000e-01 1.063368e+01 2.895097e-02
4.000000e-01 1.074000e+01 2.744000e-02
4.250000e-01 1.082482e+01 2.607742e-02
4.500000e-01 1.089000e+01 2.487000e-02
5.000000e-01 1.099000e+01 2.276000e-02
5.500000e-01 1.105000e+01 2.101000e-02
6.000000e-01 1.107000e+01 1.952000e-02
6.500000e-01 1.107000e+01 1.824000e-02
7.000000e-01 1.105000e+01 1.713000e-02
7.500000e-01 1.101000e+01 1.616000e-02
8.000000e-01 1.097000e+01 1.529000e-02
8.500000e-01 1.091000e+01 1.452000e-02
9.000000e-01 1.084000e+01 1.383000e-02
9.500000e-01 1.076665e+01 1.320173e-02
1.000000e+00 1.069000e+01 1.264000e-02
1.062500e+00 1.059225e+01 1.199901e-02
1.125000e+00 1.049000e+01 1.143000e-02
1.187500e+00 1.038227e+01 1.090875e-02
1.218750e+00 1.032664e+01 1.066739e-02
1.250000e+00 1.027000e+01 1.044000e-02
1.312500e+00 1.015506e+01 1.000799e-02
1.343750e+00 1.009739e+01 9.805180e-03
1.375000e+00 1.004000e+01 9.613000e-03
1.437500e+00 9.927431e+00 9.249723e-03
1.468750e+00 9.871700e+00 9.079197e-03
1.500000e+00 9.816000e+00 8.917000e-03
1.562500e+00 9.703275e+00 8.607089e-03
1.593750e+00 9.646620e+00 8.460310e-03
1.625000e+00 9.590000e+00 8.320000e-03
1.687500e+00 9.477315e+00 8.051532e-03
1.718750e+00 9.421433e+00 7.924096e-03
1.750000e+00 9.366000e+00 7.802000e-03
1.812500e+00 9.256159e+00 7.567827e-03
1.843750e+00 9.201837e+00 7.456266e-03
1.875000e+00 9.148000e+00 7.349000e-03
1.937500e+00 9.040105e+00 7.142250e-03
1.968750e+00 8.987260e+00 7.043330e-03
2.000000e+00 8.936000e+00 6.948000e-03
2.125000e+00 8.754879e+00 6.589598e-03
2.187500e+00 8.670127e+00 6.424454e-03
2.250000e+00 8.584000e+00 6.270000e-03
2.375000e+00 8.385249e+00 5.980773e-03
2.437500e+00 8.281357e+00 5.846513e-03
2.468750e+00 8.229965e+00 5.782239e-03
2.500000e+00 8.180000e+00 5.720000e-03
2.625000e+00 8.001332e+00 5.481168e-03
2.687500e+00 7.920443e+00 5.368701e-03
2.750000e+00 7.843000e+00 5.262000e-03
2.875000e+00 7.685216e+00 5.060462e-03
2.937500e+00 7.606505e+00 4.965911e-03
2.968750e+00 7.567525e+00 4.920348e-03
3.000000e+00 7.529000e+00 4.876000e-03
3.125000e+00 7.379190e+00 4.704519e-03
3.187500e+00 7.306728e+00 4.622976e-03
3.250000e+00 7.236000e+00 4.545000e-03
3.375000e+00 7.097047e+00 4.396522e-03
3.437500e+00 7.029266e+00 4.326249e-03
3.500000e+00 6.963000e+00 4.259000e-03
3.750000e+00 6.708490e+00 4.007977e-03
3.875000e+00 6.588045e+00 3.893377e-03
3.937500e+00 6.529795e+00 3.839106e-03
4.000000e+00 6.473000e+00 3.787000e-03
4.250000e+00 6.253567e+00 3.589815e-03
4.375000e+00 6.149115e+00 3.498509e-03
4.437500e+00 6.098462e+00 3.454971e-03
4.500000e+00 6.049000e+00 3.413000e-03
4.750000e+00 5.857691e+00 3.253845e-03
4.875000e+00 5.766500e+00 3.179777e-03
4.937500e+00 5.722243e+00 3.144315e-03
5.000000e+00 5.679000e+00 3.110000e-03
5.250000e+00 5.511687e+00 2.978966e-03
5.375000e+00 5.431808e+00 2.917422e-03
5.437500e+00 5.392985e+00 2.887792e-03
5.500000e+00 5.355000e+00 2.859000e-03
5.750000e+00 5.207669e+00 2.748187e-03
5.875000e+00 5.137082e+00 2.695819e-03
5.937500e+00 5.102699e+00 2.670557e-03
6.000000e+00 5.069000e+00 2.646000e-03
6.250000e+00 4.937807e+00 2.551920e-03
6.375000e+00 4.874797e+00 2.507465e-03
6.437500e+00 4.844090e+00 2.485967e-03
6.500000e+00 4.814000e+00 2.465000e-03
6.750000e+00 4.697340e+00 2.383818e-03
6.875000e+00 4.641296e+00 2.345114e-03
6.937500e+00 4.613916e+00 2.326337e-03
7.000000e+00 4.587000e+00 2.308000e-03
7.250000e+00 4.481517e+00 2.237199e-03
7.375000e+00 4.430486e+00 2.203446e-03
7.437500e+00 4.405523e+00 2.187046e-03
7.500000e+00 4.381000e+00 2.171000e-03
7.750000e+00 4.285630e+00 2.108702e-03
7.875000e+00 4.239653e+00 2.078828e-03
7.937500e+00 4.217150e+00 2.064271e-03
8.000000e+00 4.195000e+00 2.050000e-03
8.250000e+00 4.108167e+00 1.994489e-03
8.375000e+00 4.066032e+00 1.967803e-03
8.437500e+00 4.045362e+00 1.954780e-03
8.500000e+00 4.025000e+00 1.942000e-03
8.750000e+00 3.945328e+00 1.892170e-03
8.875000e+00 3.906678e+00 1.868184e-03
9.000000e+00 3.869000e+00 1.845000e-03
9.500000e+00 3.724515e+00 1.757983e-03
9.750000e+00 3.656213e+00 1.717790e-03
9.875000e+00 3.623192e+00 1.698584e-03
1.000000e+01 3.591000e+00 1.680000e-03
1.062500e+01 3.436839e+00 1.591581e-03
1.093750e+01 3.364189e+00 1.550504e-03
1.109375e+01 3.329131e+00 1.530899e-03
1.117188e+01 3.311945e+00 1.521356e-03
1.125000e+01 3.295000e+00 1.512000e-03
1.187500e+01 3.163521e+00 1.440651e-03
1.218750e+01 3.100918e+00 1.407381e-03
1.234375e+01 3.070585e+00 1.391437e-03
1.250000e+01 3.041000e+00 1.376000e-03
1.312500e+01 2.927131e+00 1.316911e-03
1.343750e+01 2.872988e+00 1.289195e-03
1.359375e+01 2.846707e+00 1.275888e-03
1.375000e+01 2.821000e+00 1.263000e-03
1.437500e+01 2.721013e+00 1.214016e-03
1.468750e+01 2.673103e+00 1.190988e-03
1.484375e+01 2.649799e+00 1.179861e-03
1.500000e+01 2.627000e+00 1.169000e-03
1.562500e+01 2.538785e+00 1.126609e-03
1.593750e+01 2.496618e+00 1.106352e-03
1.609375e+01 2.476099e+00 1.096545e-03
1.625000e+01 2.456000e+00 1.087000e-03
1.687500e+01 2.377767e+00 1.050567e-03
1.718750e+01 2.340213e+00 1.033395e-03
1.734375e+01 2.321919e+00 1.025096e-03
1.750000e+01 2.304000e+00 1.017000e-03
1.812500e+01 2.234446e+00 9.856379e-04
1.843750e+01 2.201122e+00 9.706404e-04
1.859375e+01 2.184896e+00 9.633442e-04
1.875000e+01 2.169000e+00 9.562000e-04
1.937500e+01 2.107138e+00 9.284451e-04
1.968750e+01 2.077497e+00 9.151346e-04
1.984375e+01 2.063087e+00 9.086512e-04
2.000000e+01 2.049000e+00 9.023000e-04
2.125000e+01 1.943136e+00 8.542689e-04
2.187500e+01 1.895086e+00 8.321168e-04
2.218750e+01 1.872503e+00 8.215673e-04
2.234375e+01 1.861609e+00 8.164340e-04
2.250000e+01 1.851000e+00 8.114000e-04
2.375000e+01 1.770914e+00 7.728383e-04
2.437500e+01 1.734743e+00 7.548051e-04
2.468750e+01 1.717888e+00 7.461615e-04
2.500000e+01 1.702000e+00 7.378000e-04
2.625000e+01 1.644048e+00 7.059808e-04
2.687500e+01 1.618924e+00 6.910937e-04
2.718750e+01 1.607521e+00 6.839408e-04
2.750000e+01 1.597000e+00 6.770000e-04
2.875000e+01 1.563562e+00 6.503521e-04
2.937500e+01 1.548408e+00 6.377730e-04
2.968750e+01 1.540524e+00 6.317038e-04
3.000000e+01 1.532000e+00 6.258000e-04
3.125000e+01 1.487567e+00 6.031078e-04
3.187500e+01 1.462340e+00 5.923635e-04
3.218750e+01 1.449547e+00 5.871667e-04
3.250000e+01 1.437000e+00 5.821000e-04
3.375000e+01 1.392368e+00 5.625369e-04
3.437500e+01 1.372531e+00 5.532254e-04
3.468750e+01 1.363128e+00 5.487096e-04
3.500000e+01 1.354000e+00 5.443000e-04
3.750000e+01 1.282163e+00 5.112338e-04
3.875000e+01 1.248048e+00 4.961615e-04
3.937500e+01 1.231707e+00 4.890338e-04
3.968750e+01 1.223763e+00 4.855789e-04
4.000000e+01 1.216000e+00 4.822000e-04
4.250000e+01 1.158093e+00 4.564932e-04
4.375000e+01 1.131668e+00 4.445724e-04
4.437500e+01 1.119112e+00 4.388848e-04
4.468750e+01 1.113001e+00 4.361157e-04
4.500000e+01 1.107000e+00 4.334000e-04
4.750000e+01 1.060599e+00 4.126342e-04
4.875000e+01 1.038713e+00 4.029381e-04
4.937500e+01 1.028191e+00 3.982930e-04
5.000000e+01 1.018000e+00 3.938000e-04
5.250000e+01 9.793099e-01 3.766891e-04
5.375000e+01 9.612275e-01 3.686805e-04
5.437500e+01 9.525378e-01 3.648329e-04
5.500000e+01 9.441000e-01 3.611000e-04
5.750000e+01 9.116192e-01 3.467775e-04
5.875000e+01 8.962490e-01 3.400231e-04
5.937500e+01 8.888254e-01 3.367664e-04
6.000000e+01 8.816000e-01 3.336000e-04
6.250000e+01 8.538348e-01 3.214468e-04
6.375000e+01 8.406803e-01 3.156959e-04
6.437500e+01 8.343129e-01 3.129137e-04
6.500000e+01 8.281000e-01 3.102000e-04
6.750000e+01 8.040538e-01 2.996994e-04
6.875000e+01 7.925918e-01 2.946961e-04
6.937500e+01 7.870309e-01 2.922694e-04
7.000000e+01 7.816000e-01 2.899000e-04
7.250000e+01 7.606184e-01 2.807446e-04
7.375000e+01 7.506140e-01 2.763836e-04
7.437500e+01 7.457541e-01 2.742676e-04
7.500000e+01 7.410000e-01 2.722000e-04
7.750000e+01 7.225575e-01 2.642099e-04
7.875000e+01 7.137215e-01 2.603884e-04
7.937500e+01 7.094178e-01 2.585265e-04
8.000000e+01 7.052000e-01 2.567000e-04
8.250000e+01 6.887976e-01 2.495561e-04
8.375000e+01 6.809165e-01 2.461168e-04
8.437500e+01 6.770719e-01 2.444408e-04
8.500000e+01 6.733000e-01 2.428000e-04
8.750000e+01 6.586119e-01 2.364623e-04
8.875000e+01 6.515415e-01 2.334295e-04
8.937500e+01 6.480891e-01 2.319511e-04
9.000000e+01 6.447000e-01 2.305000e-04
1.000000e+02 5.956000e-01 2.093000e-04
