3.125000e-03 1.488000e+00 1.554000e+00
3.437500e-03 1.541000e+00 1.504000e+00
3.593750e-03 1.565250e+00 1.480475e+00
3.671875e-03 1.576808e+00 1.469104e+00
3.750000e-03 1.588000e+00 1.458000e+00
3.906250e-03 1.609846e+00 1.436135e+00
3.984375e-03 1.620511e+00 1.425453e+00
4.062500e-03 1.631000e+00 1.415000e+00
4.218750e-03 1.651744e+00 1.394586e+00
4.296875e-03 1.661949e+00 1.384672e+00
4.375000e-03 1.672000e+00 1.375000e+00
4.531250e-03 1.691713e+00 1.356226e+00
4.609375e-03 1.701405e+00 1.347057e+00
4.687500e-03 1.711000e+00 1.338000e+00
4.843750e-03 1.730110e+00 1.319784e+00
4.921875e-03 1.739592e+00 1.310794e+00
5.000000e-03 1.749000e+00 1.302000e+00
5.156250e-03 1.767642e+00 1.285103e+00
5.234375e-03 1.776861e+00 1.276957e+00
5.312500e-03 1.786000e+00 1.269000e+00
5.468750e-03 1.804094e+00 1.253288e+00
5.625000e-03 1.822000e+00 1.238000e+00
5.937500e-03 1.857657e+00 1.208650e+00
6.093750e-03 1.875377e+00 1.194598e+00
6.250000e-03 1.893000e+00 1.181000e+00
6.640625e-03 1.936707e+00 1.147929e+00
6.835938e-03 1.958402e+00 1.132122e+00
6.933594e-03 1.969212e+00 1.124462e+00
7.031250e-03 1.980000e+00 1.117000e+00
7.421875e-03 2.022984e+00 1.088546e+00
7.617187e-03 2.044466e+00 1.075042e+00
7.714844e-03 2.055222e+00 1.068465e+00
7.812500e-03 2.066000e+00 1.062000e+00
8.203125e-03 2.109391e+00 1.036441e+00
8.398438e-03 2.131183e+00 1.024025e+00
8.496094e-03 2.142091e+00 1.017953e+00
8.593750e-03 2.153000e+00 1.012000e+00
8.984375e-03 2.196421e+00 9.890108e-01
9.179687e-03 2.218152e+00 9.780167e-01
9.375000e-03 2.240000e+00 9.674000e-01
9.765625e-03 2.284236e+00 9.468229e-01
9.960937e-03 2.306564e+00 9.369108e-01
1.015625e-02 2.329000e+00 9.273000e-01
1.054688e-02 2.373906e+00 9.086446e-01
1.074219e-02 2.396418e+00 8.996421e-01
1.093750e-02 2.419000e+00 8.909000e-01
1.132812e-02 2.464416e+00 8.739040e-01
1.152344e-02 2.487199e+00 8.656883e-01
1.171875e-02 2.510000e+00 8.577000e-01
1.210938e-02 2.555447e+00 8.421534e-01
1.230469e-02 2.578187e+00 8.346269e-01
1.250000e-02 2.601000e+00 8.273000e-01
1.328125e-02 2.693450e+00 7.992416e-01
1.367188e-02 2.740138e+00 7.860084e-01
1.386719e-02 2.763557e+00 7.796203e-01
1.406250e-02 2.787000e+00 7.734000e-01
1.484375e-02 2.880518e+00 7.494115e-01
1.523437e-02 2.927237e+00 7.380133e-01
1.542969e-02 2.950608e+00 7.324905e-01
1.562500e-02 2.974000e+00 7.271000e-01
1.640625e-02 3.067879e+00 7.062716e-01
1.679688e-02 3.114926e+00 6.963410e-01
1.699219e-02 3.138463e+00 6.915176e-01
1.718750e-02 3.162000e+00 6.868000e-01
1.796875e-02 3.256101e+00 6.685006e-01
1.835937e-02 3.303086e+00 6.597397e-01
1.855469e-02 3.326554e+00 6.554758e-01
1.875000e-02 3.350000e+00 6.513000e-01
1.953125e-02 3.443697e+00 6.350827e-01
1.992187e-02 3.490420e+00 6.273049e-01
2.011719e-02 3.513732e+00 6.235150e-01
2.031250e-02 3.537000e+00 6.198000e-01
2.109375e-02 3.629803e+00 6.053608e-01
2.148438e-02 3.675996e+00 5.984180e-01
2.167969e-02 3.699025e+00 5.950282e-01
2.187500e-02 3.722000e+00 5.917000e-01
2.343750e-02 3.904866e+00 5.663054e-01
2.421875e-02 3.995382e+00 5.544633e-01
2.460938e-02 4.040323e+00 5.487901e-01
2.480469e-02 4.062698e+00 5.460210e-01
2.500000e-02 4.085000e+00 5.433000e-01
2.656250e-02 4.262050e+00 5.223858e-01
2.734375e-02 4.349496e+00 5.125426e-01
2.773437e-02 4.392880e+00 5.078030e-01
2.812500e-02 4.436000e+00 5.032000e-01
2.968750e-02 4.607217e+00 4.855576e-01
3.046875e-02 4.691671e+00 4.772324e-01
3.085938e-02 4.733500e+00 4.732132e-01
3.125000e-02 4.775000e+00 4.693000e-01
3.281250e-02 4.938886e+00 4.542171e-01
3.359375e-02 5.019476e+00 4.470548e-01
3.398438e-02 5.059382e+00 4.435855e-01
3.437500e-02 5.099000e+00 4.402000e-01
3.593750e-02 5.256157e+00 4.271175e-01
3.671875e-02 5.333610e+00 4.208836e-01
3.710938e-02 5.371959e+00 4.178576e-01
3.750000e-02 5.410000e+00 4.149000e-01
3.906250e-02 5.560293e+00 4.034481e-01
3.984375e-02 5.634169e+00 3.979727e-01
4.023438e-02 5.670728e+00 3.953088e-01
4.062500e-02 5.707000e+00 3.927000e-01
4.218750e-02 5.850572e+00 3.825624e-01
4.296875e-02 5.921259e+00 3.776970e-01
4.335937e-02 5.956262e+00 3.753254e-01
4.375000e-02 5.991000e+00 3.730000e-01
4.531250e-02 6.128593e+00 3.639535e-01
4.609375e-02 6.196296e+00 3.596046e-01
4.648438e-02 6.229791e+00 3.574825e-01
4.687500e-02 6.263000e+00 3.554000e-01
4.843750e-02 6.394024e+00 3.472854e-01
4.921875e-02 6.458431e+00 3.433790e-01
5.000000e-02 6.522000e+00 3.396000e-01
5.156250e-02 6.647910e+00 3.323167e-01
5.234375e-02 6.709909e+00 3.288105e-01
5.312500e-02 6.771000e+00 3.254000e-01
5.468750e-02 6.891049e+00 3.187091e-01
5.546875e-02 6.949950e+00 3.154597e-01
5.625000e-02 7.008000e+00 3.123000e-01
5.937500e-02 7.235640e+00 3.003464e-01
6.093750e-02 7.346208e+00 2.947740e-01
6.171875e-02 7.400491e+00 2.920980e-01
6.250000e-02 7.454000e+00 2.895000e-01
6.640625e-02 7.714916e+00 2.770961e-01
6.835938e-02 7.840815e+00 2.712895e-01
6.933594e-02 7.902415e+00 2.685017e-01
7.031250e-02 7.963000e+00 2.658000e-01
7.421875e-02 8.199893e+00 2.554692e-01
7.617188e-02 8.314540e+00 2.506120e-01
7.714844e-02 8.370711e+00 2.482729e-01
7.812500e-02 8.426000e+00 2.460000e-01
8.203125e-02 8.642267e+00 2.372648e-01
8.398438e-02 8.747034e+00 2.331355e-01
8.496094e-02 8.798402e+00 2.311413e-01
8.593750e-02 8.849000e+00 2.292000e-01
8.984375e-02 9.047059e+00 2.217356e-01
9.179688e-02 9.143202e+00 2.181936e-01
9.277344e-02 9.190421e+00 2.164769e-01
9.375000e-02 9.237000e+00 2.148000e-01
9.765625e-02 9.419941e+00 2.082916e-01
9.960938e-02 9.508999e+00 2.051829e-01
1.015625e-01 9.596000e+00 2.022000e-01
1.054688e-01 9.765751e+00 1.965023e-01
1.074219e-01 9.848284e+00 1.937968e-01
1.093750e-01 9.929000e+00 1.912000e-01
1.132812e-01 1.008730e+01 1.862078e-01
1.152344e-01 1.016448e+01 1.838157e-01
1.171875e-01 1.024000e+01 1.815000e-01
1.210938e-01 1.038782e+01 1.769838e-01
1.230469e-01 1.045975e+01 1.748057e-01
1.250000e-01 1.053000e+01 1.727000e-01
1.328125e-01 1.079883e+01 1.648300e-01
1.367188e-01 1.092665e+01 1.612059e-01
1.386719e-01 1.098888e+01 1.594752e-01
1.406250e-01 1.105000e+01 1.578000e-01
1.484375e-01 1.129118e+01 1.513419e-01
1.523438e-01 1.140776e+01 1.482926e-01
1.562500e-01 1.152000e+01 1.454000e-01
1.640625e-01 1.173174e+01 1.399600e-01
1.679688e-01 1.183237e+01 1.374159e-01
1.718750e-01 1.193000e+01 1.350000e-01
1.796875e-01 1.212444e+01 1.303796e-01
1.835938e-01 1.221895e+01 1.281910e-01
1.875000e-01 1.231000e+01 1.261000e-01
1.953125e-01 1.248115e+01 1.221045e-01
1.992188e-01 1.256201e+01 1.202112e-01
2.031250e-01 1.264000e+01 1.184000e-01
2.109375e-01 1.279301e+01 1.149349e-01
2.148438e-01 1.286744e+01 1.132857e-01
2.187500e-01 1.294000e+01 1.117000e-01
2.343750e-01 1.321737e+01 1.057204e-01
2.421875e-01 1.334730e+01 1.029663e-01
2.500000e-01 1.347000e+01 1.004000e-01
2.656250e-01 1.370073e+01 9.564308e-02
2.734375e-01 1.380830e+01 9.345358e-02
2.812500e-01 1.391000e+01 9.140000e-02
2.968750e-01 1.410273e+01 8.751634e-02
3.046875e-01 1.419347e+01 8.569925e-02
3.125000e-01 1.428000e+01 8.398000e-02
3.281250e-01 1.444639e+01 8.072600e-02
3.359375e-01 1.452515e+01 7.919939e-02
3.437500e-01 1.460000e+01 7.775000e-02
3.593750e-01 1.474055e+01 7.499218e-02
3.750000e-01 1.487000e+01 7.245000e-02
3.906250e-01 1.499466e+01 7.007285e-02
4.062500e-01 1.511000e+01 6.788000e-02
4.218750e-01 1.521450e+01 6.581180e-02
4.375000e-01 1.531000e+01 6.389000e-02
4.531250e-01 1.540317e+01 6.207429e-02
4.687500e-01 1.549000e+01 6.038000e-02
5.000000e-01 1.564000e+01 5.726000e-02
5.312500e-01 1.578000e+01 5.447000e-02
5.625000e-01 1.590000e+01 5.196000e-02
5.937500e-01 1.600756e+01 4.967132e-02
6.250000e-01 1.610000e+01 4.762000e-02
6.640625e-01 1.619961e+01 4.527048e-02
7.031250e-01 1.628000e+01 4.318000e-02
7.812500e-01 1.640000e+01 3.955000e-02
8.593750e-01 1.649000e+01 3.652000e-02
9.375000e-01 1.654000e+01 3.394000e-02
1.015625e+00 1.657000e+01 3.173000e-02
1.093750e+00 1.657000e+01 2.981000e-02
1.171875e+00 1.655000e+01 2.812000e-02
1.250000e+00 1.652000e+01 2.662000e-02
1.406250e+00 1.642000e+01 2.409000e-02
1.562500e+00 1.629000e+01 2.202000e-02
1.718750e+00 1.613000e+01 2.030000e-02
1.796875e+00 1.604150e+01 1.953475e-02
1.875000e+00 1.595000e+01 1.884000e-02
1.953125e+00 1.586310e+01 1.818914e-02
2.031250e+00 1.577000e+01 1.759000e-02
2.109375e+00 1.566314e+01 1.702879e-02
2.187500e+00 1.554000e+01 1.651000e-02
2.343750e+00 1.524281e+01 1.555685e-02
2.421875e+00 1.508460e+01 1.512299e-02
2.460938e+00 1.500614e+01 1.491751e-02
2.500000e+00 1.493000e+01 1.472000e-02
2.656250e+00 1.466349e+01 1.396808e-02
2.734375e+00 1.454437e+01 1.361822e-02
2.812500e+00 1.443000e+01 1.329000e-02
2.968750e+00 1.419219e+01 1.267839e-02
3.046875e+00 1.407110e+01 1.239570e-02
3.125000e+00 1.395000e+01 1.213000e-02
3.281250e+00 1.371132e+01 1.162778e-02
3.359375e+00 1.359451e+01 1.139268e-02
3.437500e+00 1.348000e+01 1.117000e-02
3.593750e+00 1.325650e+01 1.074810e-02
3.671875e+00 1.314736e+01 1.054945e-02
3.750000e+00 1.304000e+01 1.036000e-02
3.906250e+00 1.282757e+01 9.996336e-03
3.984375e+00 1.272302e+01 9.823793e-03
4.062500e+00 1.262000e+01 9.659000e-03
4.218750e+00 1.241662e+01 9.345478e-03
4.296875e+00 1.231719e+01 9.197114e-03
4.375000e+00 1.222000e+01 9.055000e-03
4.531250e+00 1.203203e+01 8.781318e-03
4.609375e+00 1.194043e+01 8.650652e-03
4.687500e+00 1.185000e+01 8.525000e-03
4.843750e+00 1.166791e+01 8.283424e-03
4.921875e+00 1.157798e+01 8.168076e-03
5.000000e+00 1.149000e+01 8.057000e-03
5.156250e+00 1.132163e+01 7.842775e-03
5.234375e+00 1.124019e+01 7.740125e-03
5.312500e+00 1.116000e+01 7.641000e-03
5.468750e+00 1.099869e+01 7.449263e-03
5.546875e+00 1.091873e+01 7.357126e-03
5.625000e+00 1.084000e+01 7.268000e-03
5.937500e+00 1.053930e+01 6.930601e-03
6.093750e+00 1.039688e+01 6.773742e-03
6.171875e+00 1.032774e+01 6.698656e-03
6.250000e+00 1.026000e+01 6.626000e-03
6.640625e+00 9.930467e+00 6.282208e-03
6.835938e+00 9.772681e+00 6.123090e-03
6.933594e+00 9.695982e+00 6.047198e-03
7.031250e+00 9.621000e+00 5.974000e-03
7.421875e+00 9.331168e+00 5.695851e-03
7.617188e+00 9.192905e+00 5.566199e-03
7.714844e+00 9.125725e+00 5.504096e-03
7.812500e+00 9.060000e+00 5.444000e-03
8.203125e+00 8.804829e+00 5.214584e-03
8.398438e+00 8.682645e+00 5.106973e-03
8.496094e+00 8.623195e+00 5.055225e-03
8.593750e+00 8.565000e+00 5.005000e-03
8.984375e+00 8.339371e+00 4.812422e-03
9.179688e+00 8.231279e+00 4.721550e-03
9.277344e+00 8.178621e+00 4.677691e-03
9.375000e+00 8.127000e+00 4.635000e-03
9.765625e+00 7.926125e+00 4.470532e-03
9.960938e+00 7.829495e+00 4.392533e-03
1.005859e+01 7.782318e+00 4.354793e-03
1.015625e+01 7.736000e+00 4.318000e-03
1.054688e+01 7.555342e+00 4.176147e-03
1.074219e+01 7.468283e+00 4.108688e-03
1.083984e+01 7.425756e+00 4.075969e-03
1.093750e+01 7.384000e+00 4.044000e-03
1.132812e+01 7.221345e+00 3.920144e-03
1.152344e+01 7.142964e+00 3.860947e-03
1.162109e+01 7.104652e+00 3.832165e-03
1.171875e+01 7.067000e+00 3.804000e-03
1.210938e+01 6.920018e+00 3.694746e-03
1.230469e+01 6.848988e+00 3.642420e-03
1.240234e+01 6.814212e+00 3.616947e-03
1.250000e+01 6.780000e+00 3.592000e-03
1.328125e+01 6.517805e+00 3.403408e-03
1.367188e+01 6.394717e+00 3.316413e-03
1.386719e+01 6.335498e+00 3.274967e-03
1.406250e+01 6.278000e+00 3.235000e-03
1.484375e+01 6.057365e+00 3.082889e-03
1.523438e+01 5.953205e+00 3.011910e-03
1.542969e+01 5.902930e+00 2.977904e-03
1.562500e+01 5.854000e+00 2.945000e-03
1.640625e+01 5.665747e+00 2.819507e-03
1.679688e+01 5.576453e+00 2.760697e-03
1.699219e+01 5.533208e+00 2.732429e-03
1.718750e+01 5.491000e+00 2.705000e-03
1.796875e+01 5.327610e+00 2.599790e-03
1.835938e+01 5.249711e+00 2.550181e-03
1.855469e+01 5.211915e+00 2.526260e-03
1.875000e+01 5.175000e+00 2.503000e-03
1.953125e+01 5.032467e+00 2.413731e-03
1.992188e+01 4.964458e+00 2.371454e-03
2.011719e+01 4.931387e+00 2.350984e-03
2.031250e+01 4.899000e+00 2.331000e-03
2.109375e+01 4.772980e+00 2.253506e-03
2.148438e+01 4.712441e+00 2.216504e-03
2.167969e+01 4.682928e+00 2.198542e-03
2.187500e+01 4.654000e+00 2.181000e-03
2.343750e+01 4.434935e+00 2.049874e-03
2.421875e+01 4.333740e+00 1.990238e-03
2.460938e+01 4.285509e+00 1.962044e-03
2.480469e+01 4.262030e+00 1.948374e-03
2.500000e+01 4.239000e+00 1.935000e-03
2.656250e+01 4.062515e+00 1.832920e-03
2.734375e+01 3.979928e+00 1.785475e-03
2.773438e+01 3.940325e+00 1.762830e-03
2.812500e+01 3.902000e+00 1.741000e-03
2.968750e+01 3.756158e+00 1.658437e-03
3.046875e+01 3.687828e+00 1.620095e-03
3.085938e+01 3.654950e+00 1.601749e-03
3.125000e+01 3.623000e+00 1.584000e-03
3.281250e+01 3.499892e+00 1.516142e-03
3.359375e+01 3.441589e+00 1.484255e-03
3.398438e+01 3.413420e+00 1.468907e-03
3.437500e+01 3.386000e+00 1.454000e-03
3.593750e+01 3.280969e+00 1.396702e-03
3.671875e+01 3.231068e+00 1.369673e-03
3.710938e+01 3.206801e+00 1.356649e-03
3.750000e+01 3.183000e+00 1.344000e-03
3.906250e+01 3.089645e+00 1.295645e-03
3.984375e+01 3.044565e+00 1.272817e-03
4.023438e+01 3.022563e+00 1.261776e-03
4.062500e+01 3.001000e+00 1.251000e-03
4.218750e+01 2.917468e+00 1.209182e-03
4.296875e+01 2.877505e+00 1.189196e-03
4.335938e+01 2.858054e+00 1.179488e-03
4.375000e+01 2.839000e+00 1.170000e-03
4.531250e+01 2.764818e+00 1.133283e-03
4.609375e+01 2.729244e+00 1.115783e-03
4.648438e+01 2.711935e+00 1.107292e-03
4.687500e+01 2.695000e+00 1.099000e-03
4.843750e+01 2.629546e+00 1.066992e-03
4.921875e+01 2.598232e+00 1.051714e-03
4.960938e+01 2.582972e+00 1.044282e-03
5.000000e+01 2.568000e+00 1.037000e-03
5.156250e+01 2.509543e+00 1.008630e-03
5.234375e+01 2.481336e+00 9.949854e-04
5.273438e+01 2.467547e+00 9.883289e-04
5.312500e+01 2.454000e+00 9.818000e-04
5.468750e+01 2.401169e+00 9.564129e-04
5.546875e+01 2.375690e+00 9.442064e-04
5.585938e+01 2.363236e+00 9.382481e-04
5.625000e+01 2.351000e+00 9.324000e-04
5.937500e+01 2.257679e+00 8.878595e-04
6.093750e+01 2.214125e+00 8.671255e-04
6.171875e+01 2.193236e+00 8.572001e-04
6.250000e+01 2.173000e+00 8.476000e-04
6.640625e+01 2.077160e+00 8.022826e-04
6.835938e+01 2.032720e+00 7.813643e-04
6.933594e+01 2.011496e+00 7.714011e-04
6.982422e+01 2.001153e+00 7.665534e-04
7.031250e+01 1.991000e+00 7.618000e-04
7.421875e+01 1.913133e+00 7.254269e-04
7.617188e+01 1.876595e+00 7.084290e-04
7.714844e+01 1.859033e+00 7.002822e-04
7.812500e+01 1.842000e+00 6.924000e-04
8.203125e+01 1.776744e+00 6.623712e-04
8.398438e+01 1.746068e+00 6.483114e-04
8.496094e+01 1.731314e+00 6.415552e-04
8.593750e+01 1.717000e+00 6.350000e-04
8.984375e+01 1.662284e+00 6.098515e-04
9.179688e+01 1.636522e+00 5.979882e-04
9.277344e+01 1.624095e+00 5.922658e-04
9.375000e+01 1.612000e+00 5.867000e-04
9.765625e+01 1.565404e+00 5.652982e-04
9.960938e+01 1.543251e+00 5.551682e-04
1.005859e+02 1.532504e+00 5.502713e-04
1.015625e+02 1.522000e+00 5.455000e-04
1.054688e+02 1.481148e+00 5.271167e-04
1.074219e+02 1.461650e+00 5.183785e-04
1.083984e+02 1.452204e+00 5.141407e-04
1.093750e+02 1.443000e+00 5.100000e-04
1.132812e+02 1.407797e+00 4.939425e-04
1.152344e+02 1.391090e+00 4.862704e-04
1.162109e+02 1.382968e+00 4.825434e-04
1.171875e+02 1.375000e+00 4.789000e-04
1.210938e+02 1.343733e+00 4.648117e-04
1.230469e+02 1.328619e+00 4.580806e-04
1.240234e+02 1.321237e+00 4.548062e-04
1.250000e+02 1.314000e+00 4.516000e-04
1.328125e+02 1.259456e+00 4.273100e-04
1.367188e+02 1.234391e+00 4.160926e-04
1.386719e+02 1.222475e+00 4.107491e-04
1.406250e+02 1.211000e+00 4.056000e-04
1.484375e+02 1.167443e+00 3.860576e-04
1.523438e+02 1.147144e+00 3.769623e-04
1.542969e+02 1.137418e+00 3.726094e-04
1.562500e+02 1.128000e+00 3.684000e-04
1.640625e+02 1.091964e+00 3.523445e-04
1.679688e+02 1.075038e+00 3.448219e-04
1.699219e+02 1.066898e+00 3.412069e-04
1.718750e+02 1.059000e+00 3.377000e-04
1.796875e+02 1.028762e+00 3.242661e-04
1.835938e+02 1.014527e+00 3.179316e-04
1.855469e+02 1.007667e+00 3.148750e-04
1.875000e+02 1.001000e+00 3.119000e-04
1.953125e+02 9.753894e-01 3.004293e-04
1.992188e+02 9.632712e-01 2.949908e-04
2.011719e+02 9.574117e-01 2.923613e-04
2.031250e+02 9.517000e-01 2.898000e-04
2.109375e+02 9.296491e-01 2.799490e-04
2.148438e+02 9.191559e-01 2.752748e-04
2.167969e+02 9.140678e-01 2.730104e-04
2.187500e+02 9.091000e-01 2.708000e-04
2.343750e+02 8.718629e-01 2.541982e-04
2.421875e+02 8.549011e-01 2.466209e-04
2.460938e+02 8.468837e-01 2.430364e-04
2.500000e+02 8.392000e-01 2.396000e-04
2.656250e+02 8.102292e-01 2.266539e-04
2.734375e+02 7.968712e-01 2.206826e-04
2.773438e+02 7.905164e-01 2.178394e-04
2.812500e+02 7.844000e-01 2.151000e-04
3.125000e+02 7.404000e-01 1.953000e-04
