1.000000e-02 7.360000e-01 1.058000e-02
1.100000e-02 7.677000e-01 9.870000e-03
1.150000e-02 7.827925e-01 9.551225e-03
1.175000e-02 7.901237e-01 9.401690e-03
1.200000e-02 7.973000e-01 9.259000e-03
1.250000e-02 8.114194e-01 8.983718e-03
1.275000e-02 8.183263e-01 8.852267e-03
1.300000e-02 8.251000e-01 8.726000e-03
1.350000e-02 8.383681e-01 8.484117e-03
1.375000e-02 8.448456e-01 8.368887e-03
1.400000e-02 8.512000e-01 8.258000e-03
1.450000e-02 8.636959e-01 8.043807e-03
1.475000e-02 8.698070e-01 7.941120e-03
1.500000e-02 8.758000e-01 7.842000e-03
1.550000e-02 8.875340e-01 7.650627e-03
1.575000e-02 8.932673e-01 7.558796e-03
1.600000e-02 8.989000e-01 7.470000e-03
1.650000e-02 9.100101e-01 7.297977e-03
1.675000e-02 9.154551e-01 7.215190e-03
1.700000e-02 9.208000e-01 7.135000e-03
1.750000e-02 9.312687e-01 6.979555e-03
1.775000e-02 9.363818e-01 6.904646e-03
1.800000e-02 9.414000e-01 6.832000e-03
1.900000e-02 9.609511e-01 6.555668e-03
1.950000e-02 9.703428e-01 6.426392e-03
2.000000e-02 9.794000e-01 6.304000e-03
2.125000e-02 1.000963e+00 6.016633e-03
2.187500e-02 1.011181e+00 5.883378e-03
2.250000e-02 1.021000e+00 5.758000e-03
2.375000e-02 1.040097e+00 5.521311e-03
2.437500e-02 1.049239e+00 5.410675e-03
2.500000e-02 1.058000e+00 5.306000e-03
2.625000e-02 1.074631e+00 5.107725e-03
2.687500e-02 1.082485e+00 5.014573e-03
2.750000e-02 1.090000e+00 4.926000e-03
2.875000e-02 1.104507e+00 4.757088e-03
2.937500e-02 1.111409e+00 4.677236e-03
3.000000e-02 1.118000e+00 4.601000e-03
3.125000e-02 1.130420e+00 4.455319e-03
3.187500e-02 1.136307e+00 4.386212e-03
3.250000e-02 1.142000e+00 4.320000e-03
3.375000e-02 1.153346e+00 4.192831e-03
3.500000e-02 1.164000e+00 4.074000e-03
3.625000e-02 1.173475e+00 3.961750e-03
3.750000e-02 1.182000e+00 3.857000e-03
3.875000e-02 1.190248e+00 3.757445e-03
4.000000e-02 1.198000e+00 3.664000e-03
4.250000e-02 1.212126e+00 3.489840e-03
4.500000e-02 1.224000e+00 3.334000e-03
4.750000e-02 1.233997e+00 3.191340e-03
5.000000e-02 1.242000e+00 3.063000e-03
5.500000e-02 1.254000e+00 2.836000e-03
6.000000e-02 1.261000e+00 2.643000e-03
6.500000e-02 1.263000e+00 2.476000e-03
7.000000e-02 1.262000e+00 2.330000e-03
8.000000e-02 1.250000e+00 2.088000e-03
8.500000e-02 1.240550e+00 1.985200e-03
9.000000e-02 1.229000e+00 1.895000e-03
9.500000e-02 1.216569e+00 1.811936e-03
9.750000e-02 1.209947e+00 1.773369e-03
1.000000e-01 1.203000e+00 1.737000e-03
1.050000e-01 1.188401e+00 1.668128e-03
1.075000e-01 1.180795e+00 1.635772e-03
1.100000e-01 1.173000e+00 1.605000e-03
1.150000e-01 1.157165e+00 1.546177e-03
1.175000e-01 1.149126e+00 1.518407e-03
1.200000e-01 1.141000e+00 1.492000e-03
1.250000e-01 1.124562e+00 1.442046e-03
1.275000e-01 1.116288e+00 1.418507e-03
1.300000e-01 1.108000e+00 1.396000e-03
1.350000e-01 1.091418e+00 1.352622e-03
1.375000e-01 1.083175e+00 1.331909e-03
1.400000e-01 1.075000e+00 1.312000e-03
1.450000e-01 1.058850e+00 1.273796e-03
1.475000e-01 1.050883e+00 1.255565e-03
1.500000e-01 1.043000e+00 1.238000e-03
1.550000e-01 1.027371e+00 1.203968e-03
1.575000e-01 1.019646e+00 1.187670e-03
1.600000e-01 1.012000e+00 1.172000e-03
1.650000e-01 9.968394e-01 1.142040e-03
1.675000e-01 9.893671e-01 1.127764e-03
1.700000e-01 9.820000e-01 1.114000e-03
1.750000e-01 9.674993e-01 1.087332e-03
1.775000e-01 9.603904e-01 1.074476e-03
1.800000e-01 9.534000e-01 1.062000e-03
1.900000e-01 9.261816e-01 1.014314e-03
1.950000e-01 9.130801e-01 9.919823e-04
1.975000e-01 9.066820e-01 9.812692e-04
2.000000e-01 9.004000e-01 9.709000e-04
2.125000e-01 8.699163e-01 9.220906e-04
2.187500e-01 8.553625e-01 8.995817e-04
2.218750e-01 8.482987e-01 8.888530e-04
2.250000e-01 8.414000e-01 8.785000e-04
2.375000e-01 8.147562e-01 8.390177e-04
2.437500e-01 8.020696e-01 8.205473e-04
2.468750e-01 7.959142e-01 8.116847e-04
2.500000e-01 7.899000e-01 8.031000e-04
2.625000e-01 7.666098e-01 7.703051e-04
2.687500e-01 7.554883e-01 7.549061e-04
2.718750e-01 7.500847e-01 7.474960e-04
2.750000e-01 7.448000e-01 7.403000e-04
2.875000e-01 7.243239e-01 7.126822e-04
2.937500e-01 7.145304e-01 6.996358e-04
2.968750e-01 7.097656e-01 6.933352e-04
3.000000e-01 7.051000e-01 6.872000e-04
3.125000e-01 6.869785e-01 6.635589e-04
3.187500e-01 6.782868e-01 6.523367e-04
3.218750e-01 6.740515e-01 6.469022e-04
3.250000e-01 6.699000e-01 6.416000e-04
3.375000e-01 6.537518e-01 6.211167e-04
3.437500e-01 6.459940e-01 6.113605e-04
3.468750e-01 6.422107e-01 6.066262e-04
3.500000e-01 6.385000e-01 6.020000e-04
3.625000e-01 6.240630e-01 5.840908e-04
3.687500e-01 6.171189e-01 5.755337e-04
3.718750e-01 6.137286e-01 5.713728e-04
3.750000e-01 6.104000e-01 5.673000e-04
3.875000e-01 5.974251e-01 5.514895e-04
3.937500e-01 5.911674e-01 5.439098e-04
3.968750e-01 5.881074e-01 5.402177e-04
4.000000e-01 5.851000e-01 5.366000e-04
4.250000e-01 5.621179e-01 5.092070e-04
4.375000e-01 5.513675e-01 4.965516e-04
4.437500e-01 5.462054e-01 4.905187e-04
4.500000e-01 5.412000e-01 4.847000e-04
4.750000e-01 5.220275e-01 4.625782e-04
4.875000e-01 5.129935e-01 4.522513e-04
4.937500e-01 5.086372e-01 4.472984e-04
5.000000e-01 5.044000e-01 4.425000e-04
5.250000e-01 4.880968e-01 4.241237e-04
5.375000e-01 4.803744e-01 4.154863e-04
5.437500e-01 4.766398e-01 4.113314e-04
5.500000e-01 4.730000e-01 4.073000e-04
5.750000e-01 4.589669e-01 3.918869e-04
5.875000e-01 4.522952e-01 3.846232e-04
5.937500e-01 4.490601e-01 3.811163e-04
6.000000e-01 4.459000e-01 3.777000e-04
6.250000e-01 4.336636e-01 3.644875e-04
6.375000e-01 4.278192e-01 3.582054e-04
6.437500e-01 4.249788e-01 3.551642e-04
6.500000e-01 4.222000e-01 3.522000e-04
6.750000e-01 4.114342e-01 3.408005e-04
6.875000e-01 4.062769e-01 3.353878e-04
6.937500e-01 4.037639e-01 3.327636e-04
7.000000e-01 4.013000e-01 3.302000e-04
7.500000e-01 3.825667e-01 3.108798e-04
7.750000e-01 3.738703e-01 3.020262e-04
7.875000e-01 3.697145e-01 2.978292e-04
7.937500e-01 3.676888e-01 2.957927e-04
8.000000e-01 3.657000e-01 2.938000e-04
8.500000e-01 3.504481e-01 2.786337e-04
8.750000e-01 3.432872e-01 2.715973e-04
8.875000e-01 3.398429e-01 2.682391e-04
9.000000e-01 3.365000e-01 2.650000e-04
9.500000e-01 3.237639e-01 2.527123e-04
9.750000e-01 3.177259e-01 2.469912e-04
9.875000e-01 3.147874e-01 2.442515e-04
1.000000e+00 3.119000e-01 2.416000e-04
1.050000e+00 3.006259e-01 2.314695e-04
1.075000e+00 2.950939e-01 2.267122e-04
1.087500e+00 2.923446e-01 2.244230e-04
1.100000e+00 2.896000e-01 2.222000e-04
1.150000e+00 2.782362e-01 2.136647e-04
1.175000e+00 2.726929e-01 2.096354e-04
1.187500e+00 2.700346e-01 2.076912e-04
1.200000e+00 2.675000e-01 2.058000e-04
1.250000e+00 2.586142e-01 1.985356e-04
1.275000e+00 2.547201e-01 1.950936e-04
1.287500e+00 2.528829e-01 1.934269e-04
1.300000e+00 2.511000e-01 1.918000e-04
1.350000e+00 2.439634e-01 1.854916e-04
1.375000e+00 2.404745e-01 1.824829e-04
1.387500e+00 2.387687e-01 1.810238e-04
1.400000e+00 2.371000e-01 1.796000e-04
1.450000e+00 2.307203e-01 1.741185e-04
1.475000e+00 2.276997e-01 1.715092e-04
1.487500e+00 2.262344e-01 1.702413e-04
1.500000e+00 2.248000e-01 1.690000e-04
1.550000e+00 2.192047e-01 1.641609e-04
1.575000e+00 2.165089e-01 1.618377e-04
1.587500e+00 2.151923e-01 1.607067e-04
1.600000e+00 2.139000e-01 1.596000e-04
1.650000e+00 2.088598e-01 1.553252e-04
1.675000e+00 2.064370e-01 1.532788e-04
1.687500e+00 2.052564e-01 1.522806e-04
1.700000e+00 2.041000e-01 1.513000e-04
1.750000e+00 1.996242e-01 1.474571e-04
1.775000e+00 1.974774e-01 1.455993e-04
1.787500e+00 1.964294e-01 1.446912e-04
1.800000e+00 1.954000e-01 1.438000e-04
1.900000e+00 1.875029e-01 1.370580e-04
1.950000e+00 1.838001e-01 1.339363e-04
1.975000e+00 1.820222e-01 1.324438e-04
2.000000e+00 1.803000e-01 1.310000e-04
2.125000e+00 1.721872e-01 1.241541e-04
2.187500e+00 1.684329e-01 1.209789e-04
2.218750e+00 1.666377e-01 1.194630e-04
2.234375e+00 1.657615e-01 1.187245e-04
2.250000e+00 1.649000e-01 1.180000e-04
2.375000e+00 1.582343e-01 1.124465e-04
2.437500e+00 1.550855e-01 1.098488e-04
2.468750e+00 1.535696e-01 1.086039e-04
2.500000e+00 1.521000e-01 1.074000e-04
2.625000e+00 1.465076e-01 1.028244e-04
2.687500e+00 1.438870e-01 1.006852e-04
2.718750e+00 1.426258e-01 9.965748e-05
2.750000e+00 1.414000e-01 9.866000e-05
2.875000e+00 1.366862e-01 9.482655e-05
2.937500e+00 1.344475e-01 9.301516e-05
2.968750e+00 1.333616e-01 9.214079e-05
3.000000e+00 1.323000e-01 9.129000e-05
3.125000e+00 1.281662e-01 8.801900e-05
3.187500e+00 1.261910e-01 8.646990e-05
3.218750e+00 1.252334e-01 8.572058e-05
3.250000e+00 1.243000e-01 8.499000e-05
3.375000e+00 1.207292e-01 8.216967e-05
3.437500e+00 1.190337e-01 8.082732e-05
3.468750e+00 1.182091e-01 8.017616e-05
3.500000e+00 1.174000e-01 7.954000e-05
3.625000e+00 1.142206e-01 7.707670e-05
3.687500e+00 1.126841e-01 7.590047e-05
3.718750e+00 1.119344e-01 7.532896e-05
3.750000e+00 1.112000e-01 7.477000e-05
3.875000e+00 1.083628e-01 7.260432e-05
3.937500e+00 1.070069e-01 7.156809e-05
3.968750e+00 1.063469e-01 7.106381e-05
4.000000e+00 1.057000e-01 7.057000e-05
4.250000e+00 1.007839e-01 6.683554e-05
4.375000e+00 9.849980e-02 6.511248e-05
4.437500e+00 9.740701e-02 6.429155e-05
4.468750e+00 9.687385e-02 6.389196e-05
4.500000e+00 9.635000e-02 6.350000e-05
4.750000e+00 9.231694e-02 6.049404e-05
4.875000e+00 9.041872e-02 5.908704e-05
4.937500e+00 8.950559e-02 5.841251e-05
5.000000e+00 8.862000e-02 5.776000e-05
5.250000e+00 8.523871e-02 5.527855e-05
5.375000e+00 8.364975e-02 5.411821e-05
5.437500e+00 8.288428e-02 5.356082e-05
5.500000e+00 8.214000e-02 5.302000e-05
5.750000e+00 7.927499e-02 5.094427e-05
5.875000e+00 7.791717e-02 4.996398e-05
5.937500e+00 7.726032e-02 4.949070e-05
6.000000e+00 7.662000e-02 4.903000e-05
6.250000e+00 7.415027e-02 4.725452e-05
6.375000e+00 7.297579e-02 4.641305e-05
6.437500e+00 7.240628e-02 4.600624e-05
6.500000e+00 7.185000e-02 4.561000e-05
6.750000e+00 6.969634e-02 4.408620e-05
6.875000e+00 6.866803e-02 4.336292e-05
6.937500e+00 6.816845e-02 4.301236e-05
7.000000e+00 6.768000e-02 4.267000e-05
7.500000e+00 6.400810e-02 4.009291e-05
7.750000e+00 6.232612e-02 3.891390e-05
7.875000e+00 6.152781e-02 3.835558e-05
7.937500e+00 6.113997e-02 3.808483e-05
8.000000e+00 6.076000e-02 3.782000e-05
8.500000e+00 5.785338e-02 3.580635e-05
8.750000e+00 5.649689e-02 3.487349e-05
8.875000e+00 5.584753e-02 3.442870e-05
8.937500e+00 5.553088e-02 3.421223e-05
9.000000e+00 5.522000e-02 3.400000e-05
9.500000e+00 5.283865e-02 3.237934e-05
9.750000e+00 5.172360e-02 3.162307e-05
9.875000e+00 5.118842e-02 3.126069e-05
9.937500e+00 5.092700e-02 3.108381e-05
1.000000e+01 5.067000e-02 3.091000e-05
1.050000e+01 4.869464e-02 2.957380e-05
1.075000e+01 4.776421e-02 2.894546e-05
1.087500e+01 4.731582e-02 2.864321e-05
1.100000e+01 4.688000e-02 2.835000e-05
1.150000e+01 4.520615e-02 2.722873e-05
1.175000e+01 4.441478e-02 2.670126e-05
1.187500e+01 4.403243e-02 2.644710e-05
1.200000e+01 4.366000e-02 2.620000e-05
1.250000e+01 4.222446e-02 2.525030e-05
1.275000e+01 4.154266e-02 2.480032e-05
1.287500e+01 4.121236e-02 2.458251e-05
1.300000e+01 4.089000e-02 2.437000e-05
1.350000e+01 3.964426e-02 2.354721e-05
1.375000e+01 3.905039e-02 2.315530e-05
1.387500e+01 3.876200e-02 2.296534e-05
1.400000e+01 3.848000e-02 2.278000e-05
1.450000e+01 3.738682e-02 2.206618e-05
1.475000e+01 3.686375e-02 2.172646e-05
1.487500e+01 3.660923e-02 2.156146e-05
1.500000e+01 3.636000e-02 2.140000e-05
1.550000e+01 3.539169e-02 2.077230e-05
1.575000e+01 3.492748e-02 2.047095e-05
1.587500e+01 3.470142e-02 2.032404e-05
1.600000e+01 3.448000e-02 2.018000e-05
1.650000e+01 3.362137e-02 1.961862e-05
1.675000e+01 3.320907e-02 1.934926e-05
1.687500e+01 3.300777e-02 1.921820e-05
1.700000e+01 3.281000e-02 1.909000e-05
1.750000e+01 3.203611e-02 1.859529e-05
1.775000e+01 3.166223e-02 1.835865e-05
1.787500e+01 3.147946e-02 1.824327e-05
1.800000e+01 3.130000e-02 1.813000e-05
1.900000e+01 2.993871e-02 1.726108e-05
1.950000e+01 2.930628e-02 1.685409e-05
1.975000e+01 2.900338e-02 1.665889e-05
1.987500e+01 2.885546e-02 1.656360e-05
2.000000e+01 2.871000e-02 1.647000e-05
2.125000e+01 2.731828e-02 1.558297e-05
2.187500e+01 2.666954e-02 1.517329e-05
2.218750e+01 2.635937e-02 1.497811e-05
2.234375e+01 2.620825e-02 1.488314e-05
2.250000e+01 2.606000e-02 1.479000e-05
2.375000e+01 2.492795e-02 1.407697e-05
2.437500e+01 2.439923e-02 1.374385e-05
2.468750e+01 2.414564e-02 1.358428e-05
2.484375e+01 2.402178e-02 1.350644e-05
2.500000e+01 2.390000e-02 1.343000e-05
2.625000e+01 2.296198e-02 1.284442e-05
2.687500e+01 2.251980e-02 1.256989e-05
2.718750e+01 2.230682e-02 1.243796e-05
2.750000e+01 2.210000e-02 1.231000e-05
2.875000e+01 2.130819e-02 1.182003e-05
2.937500e+01 2.093508e-02 1.158931e-05
2.968750e+01 2.075512e-02 1.147811e-05
3.000000e+01 2.058000e-02 1.137000e-05
3.125000e+01 1.990585e-02 1.095466e-05
3.187500e+01 1.958601e-02 1.075799e-05
3.218750e+01 1.943113e-02 1.066282e-05
3.250000e+01 1.928000e-02 1.057000e-05
3.375000e+01 1.869568e-02 1.021095e-05
3.437500e+01 1.841721e-02 1.003992e-05
3.468750e+01 1.828206e-02 9.956982e-06
3.500000e+01 1.815000e-02 9.876000e-06
3.625000e+01 1.763862e-02 9.563197e-06
3.687500e+01 1.739450e-02 9.414137e-06
3.718750e+01 1.727593e-02 9.341764e-06
3.750000e+01 1.716000e-02 9.271000e-06
3.875000e+01 1.671151e-02 8.996715e-06
3.937500e+01 1.649693e-02 8.865444e-06
3.968750e+01 1.639243e-02 8.801558e-06
4.000000e+01 1.629000e-02 8.739000e-06
4.250000e+01 1.551041e-02 8.265937e-06
4.375000e+01 1.514884e-02 8.047844e-06
4.437500e+01 1.497633e-02 7.944023e-06
4.468750e+01 1.489235e-02 7.893518e-06
4.500000e+01 1.481000e-02 7.844000e-06
4.750000e+01 1.418110e-02 7.464964e-06
4.875000e+01 1.388736e-02 7.287875e-06
4.937500e+01 1.374647e-02 7.203038e-06
5.000000e+01 1.361000e-02 7.121000e-06
5.250000e+01 1.308772e-02 6.809012e-06
5.375000e+01 1.284240e-02 6.663111e-06
5.437500e+01 1.272444e-02 6.593017e-06
5.500000e+01 1.261000e-02 6.525000e-06
5.750000e+01 1.217235e-02 6.263680e-06
5.875000e+01 1.196623e-02 6.140328e-06
5.937500e+01 1.186679e-02 6.080837e-06
6.000000e+01 1.177000e-02 6.023000e-06
6.250000e+01 1.139650e-02 5.801081e-06
6.375000e+01 1.121927e-02 5.696161e-06
6.437500e+01 1.113353e-02 5.645441e-06
6.500000e+01 1.105000e-02 5.596000e-06
6.750000e+01 1.072882e-02 5.405027e-06
6.875000e+01 1.057629e-02 5.314121e-06
6.937500e+01 1.050230e-02 5.270038e-06
7.000000e+01 1.043000e-02 5.227000e-06
7.500000e+01 9.883596e-03 4.904645e-06
7.750000e+01 9.632833e-03 4.757877e-06
7.875000e+01 9.513990e-03 4.688502e-06
7.937500e+01 9.456357e-03 4.654880e-06
8.000000e+01 9.400000e-03 4.622000e-06
8.500000e+01 8.972580e-03 4.371719e-06
8.750000e+01 8.774965e-03 4.255675e-06
8.875000e+01 8.680783e-03 4.200334e-06
8.937500e+01 8.634947e-03 4.173402e-06
9.000000e+01 8.590000e-03 4.147000e-06
9.500000e+01 8.246171e-03 3.945465e-06
9.750000e+01 8.085515e-03 3.851506e-06
9.875000e+01 8.008512e-03 3.806514e-06
1.000000e+02 7.934000e-03 3.763000e-06
1.050000e+02 7.649994e-03 3.597137e-06
1.075000e+02 7.516967e-03 3.519481e-06
1.087500e+02 7.453034e-03 3.482178e-06
1.100000e+02 7.391000e-03 3.446000e-06
1.150000e+02 7.152993e-03 3.307421e-06
1.175000e+02 7.040748e-03 3.242120e-06
1.187500e+02 6.986624e-03 3.210630e-06
1.200000e+02 6.934000e-03 3.180000e-06
1.250000e+02 6.731954e-03 3.062088e-06
1.275000e+02 6.636344e-03 3.006258e-06
1.287500e+02 6.590098e-03 2.979276e-06
1.300000e+02 6.545000e-03 2.953000e-06
1.350000e+02 6.370577e-03 2.851955e-06
1.375000e+02 6.287536e-03 2.803986e-06
1.387500e+02 6.247284e-03 2.780728e-06
1.400000e+02 6.208000e-03 2.758000e-06
1.450000e+02 6.056517e-03 2.669747e-06
1.475000e+02 5.984358e-03 2.627546e-06
1.487500e+02 5.949304e-03 2.607042e-06
1.500000e+02 5.915000e-03 2.587000e-06
1.550000e+02 5.781572e-03 2.509551e-06
1.575000e+02 5.717604e-03 2.472580e-06
1.587500e+02 5.686472e-03 2.454602e-06
1.600000e+02 5.656000e-03 2.437000e-06
1.650000e+02 5.537957e-03 2.368521e-06
1.675000e+02 5.481463e-03 2.335668e-06
1.700000e+02 5.427000e-03 2.304000e-06
1.750000e+02 5.321980e-03 2.243196e-06
1.775000e+02 5.271636e-03 2.214107e-06
1.800000e+02 5.223000e-03 2.186000e-06
1.900000e+02 5.038823e-03 2.078946e-06
1.950000e+02 4.953323e-03 2.029008e-06
1.975000e+02 4.912465e-03 2.005103e-06
2.000000e+02 4.873000e-03 1.982000e-06
2.125000e+02 4.687282e-03 1.873438e-06
2.187500e+02 4.601812e-03 1.823549e-06
2.218750e+02 4.561155e-03 1.799833e-06
2.250000e+02 4.522000e-03 1.777000e-06
2.375000e+02 4.373260e-03 1.690376e-06
2.437500e+02 4.304056e-03 1.650032e-06
2.468750e+02 4.270966e-03 1.630707e-06
2.500000e+02 4.239000e-03 1.612000e-06
2.625000e+02 4.117437e-03 1.540372e-06
2.687500e+02 4.060654e-03 1.506767e-06
2.718750e+02 4.033408e-03 1.490630e-06
2.750000e+02 4.007000e-03 1.475000e-06
2.875000e+02 3.905815e-03 1.415510e-06
2.937500e+02 3.858196e-03 1.387579e-06
2.968750e+02 3.835267e-03 1.374113e-06
3.000000e+02 3.813000e-03 1.361000e-06
3.125000e+02 3.727664e-03 1.310209e-06
3.187500e+02 3.687389e-03 1.286058e-06
3.218750e+02 3.667941e-03 1.274375e-06
3.250000e+02 3.649000e-03 1.263000e-06
3.375000e+02 3.575848e-03 1.219371e-06
3.437500e+02 3.541132e-03 1.198731e-06
3.500000e+02 3.508000e-03 1.179000e-06
3.625000e+02 3.445121e-03 1.141197e-06
3.687500e+02 3.415422e-03 1.123230e-06
3.750000e+02 3.387000e-03 1.106000e-06
3.875000e+02 3.332247e-03 1.072949e-06
3.937500e+02 3.306111e-03 1.057183e-06
4.000000e+02 3.281000e-03 1.042000e-06
4.250000e+02 3.187332e-03 9.846794e-07
4.375000e+02 3.144614e-03 9.582183e-07
4.437500e+02 3.124398e-03 9.456242e-07
4.500000e+02 3.105000e-03 9.335000e-07
4.750000e+02 3.031700e-03 8.876263e-07
4.875000e+02 2.997781e-03 8.663295e-07
4.937500e+02 2.981603e-03 8.561458e-07
5.000000e+02 2.966000e-03 8.463000e-07
5.250000e+02 2.906606e-03 8.087047e-07
5.375000e+02 2.878959e-03 7.910809e-07
5.500000e+02 2.853000e-03 7.744000e-07
5.750000e+02 2.804583e-03 7.428846e-07
5.875000e+02 2.782149e-03 7.281163e-07
6.000000e+02 2.761000e-03 7.141000e-07
6.250000e+02 2.720801e-03 6.874168e-07
6.375000e+02 2.701913e-03 6.748193e-07
6.500000e+02 2.684000e-03 6.628000e-07
6.750000e+02 2.650027e-03 6.398187e-07
6.875000e+02 2.634092e-03 6.289226e-07
7.000000e+02 2.619000e-03 6.185000e-07
7.500000e+02 2.564260e-03 5.798476e-07
7.750000e+02 2.540035e-03 5.623148e-07
8.000000e+02 2.518000e-03 5.461000e-07
8.500000e+02 2.477295e-03 5.159676e-07
8.750000e+02 2.458874e-03 5.021228e-07
9.000000e+02 2.442000e-03 4.892000e-07
1.000000e+03 2.385000e-03 4.433000e-07
