 ==================================================================
              SRIM version ---> SRIM-2013.00
              Calc. date   ---> luglio 07, 2016 
 ==================================================================

 Disk File Name = SRIM Outputs\CF4_2.txt.txt

 Ion = Helium [2] , Mass = 4,003 amu

 Target Density =  1,2500E-03 g/cm3 = 4,2768E+19 atoms/cm3
 Target is a GAS 
 ======= Target  Composition ========
    Atom   Atom   Atomic    Mass     
    Name   Numb   Percent   Percent  
    ----   ----   -------   -------  
      C      6    020,00    013,65   
      F      9    080,00    086,35   
 ====================================
 Bragg Correction = -4,31%
 Stopping Units =  MeV / (mg/cm2) 
 See bottom of Table for other Stopping units 

        Ion        dE/dx      dE/dx     Projected  Longitudinal   Lateral
       Energy      Elec.      Nuclear     Range     Straggling   Straggling
  --------------  ---------- ---------- ----------  ----------  ----------
  10,00 keV   2,315E-01  5,255E-02  205,65 um    97,57 um    83,59 um  
  11,00 keV   2,429E-01  4,995E-02  225,78 um   103,50 um    89,64 um  
  12,00 keV   2,537E-01  4,763E-02  245,67 um   109,05 um    95,44 um  
  13,00 keV   2,641E-01  4,555E-02  265,32 um   114,28 um   100,99 um  
  14,00 keV   2,741E-01  4,367E-02  284,73 um   119,20 um   106,31 um  
  15,00 keV   2,838E-01  4,196E-02  303,90 um   123,86 um   111,42 um  
  16,00 keV   2,932E-01  4,040E-02  322,83 um   128,26 um   116,34 um  
  17,00 keV   3,022E-01  3,897E-02  341,53 um   132,43 um   121,07 um  
  18,00 keV   3,110E-01  3,766E-02  360,00 um   136,40 um   125,64 um  
  20,00 keV   3,279E-01  3,531E-02  396,29 um   143,77 um   134,31 um  
  22,50 keV   3,478E-01  3,281E-02  440,47 um   152,09 um   144,36 um  
  25,00 keV   3,666E-01  3,068E-02  483,40 um   159,56 um   153,64 um  
  27,50 keV   3,845E-01  2,885E-02  525,19 um   166,32 um   162,27 um  
  30,00 keV   4,014E-01  2,725E-02  565,90 um   172,47 um   170,31 um  
  32,50 keV   4,176E-01  2,585E-02  605,62 um   178,10 um   177,84 um  
  35,00 keV   4,330E-01  2,459E-02  644,42 um   183,28 um   184,93 um  
  37,50 keV   4,479E-01  2,347E-02  682,36 um   188,08 um   191,60 um  
  40,00 keV   4,621E-01  2,246E-02  719,50 um   192,52 um   197,92 um  
  45,00 keV   4,901E-01  2,071E-02  791,52 um   200,62 um   209,59 um  
  50,00 keV   5,188E-01  1,924E-02  860,60 um   207,70 um   220,14 um  
  55,00 keV   5,448E-01  1,798E-02  927,00 um   213,95 um   229,73 um  
  60,00 keV   5,690E-01  1,690E-02  991,11 um   219,53 um   238,53 um  
  65,00 keV   5,918E-01  1,595E-02    1,05 mm   224,56 um   246,64 um  
  70,00 keV   6,136E-01  1,512E-02    1,11 mm   229,13 um   254,17 um  
  80,00 keV   6,545E-01  1,371E-02    1,23 mm   237,36 um   267,75 um  
  90,00 keV   6,924E-01  1,256E-02    1,34 mm   244,36 um   279,72 um  
 100,00 keV   7,280E-01  1,161E-02    1,44 mm   250,43 um   290,40 um  
 110,00 keV   7,615E-01  1,081E-02    1,55 mm   255,75 um   300,03 um  
 120,00 keV   7,932E-01  1,012E-02    1,64 mm   260,47 um   308,78 um  
 130,00 keV   8,231E-01  9,519E-03    1,74 mm   264,70 um   316,79 um  
 140,00 keV   8,516E-01  8,993E-03    1,83 mm   268,53 um   324,17 um  
 150,00 keV   8,786E-01  8,527E-03    1,92 mm   272,00 um   331,00 um  
 160,00 keV   9,044E-01  8,111E-03    2,00 mm   275,19 um   337,37 um  
 170,00 keV   9,290E-01  7,738E-03    2,09 mm   278,12 um   343,32 um  
 180,00 keV   9,525E-01  7,401E-03    2,17 mm   280,84 um   348,91 um  
 200,00 keV   9,965E-01  6,814E-03    2,33 mm   286,14 um   359,15 um  
 225,00 keV   1,046E+00  6,210E-03    2,52 mm   292,13 um   370,51 um  
 250,00 keV   1,092E+00  5,712E-03    2,70 mm   297,34 um   380,60 um  
 275,00 keV   1,133E+00  5,294E-03    2,88 mm   301,94 um   389,67 um  
 300,00 keV   1,171E+00  4,937E-03    3,05 mm   306,06 um   397,91 um  
 325,00 keV   1,206E+00  4,629E-03    3,21 mm   309,80 um   405,46 um  
 350,00 keV   1,237E+00  4,360E-03    3,38 mm   313,22 um   412,45 um  
 375,00 keV   1,266E+00  4,123E-03    3,53 mm   316,38 um   418,94 um  
 400,00 keV   1,291E+00  3,913E-03    3,69 mm   319,31 um   425,02 um  
 450,00 keV   1,336E+00  3,554E-03    3,99 mm   325,99 um   436,15 um  
 500,00 keV   1,373E+00  3,260E-03    4,28 mm   331,99 um   446,17 um  
 550,00 keV   1,403E+00  3,014E-03    4,57 mm   337,48 um   455,33 um  
 600,00 keV   1,426E+00  2,806E-03    4,85 mm   342,56 um   463,80 um  
 650,00 keV   1,445E+00  2,626E-03    5,12 mm   347,32 um   471,72 um  
 700,00 keV   1,459E+00  2,469E-03    5,40 mm   351,83 um   479,18 um  
 800,00 keV   1,476E+00  2,209E-03    5,94 mm   364,29 um   493,03 um  
 900,00 keV   1,471E+00  2,002E-03    6,48 mm   376,00 um   505,86 um  
   1,00 MeV   1,459E+00  1,832E-03    7,02 mm   387,30 um   517,99 um  
   1,10 MeV   1,441E+00  1,691E-03    7,57 mm   398,35 um   529,63 um  
   1,20 MeV   1,419E+00  1,571E-03    8,13 mm   409,26 um   540,94 um  
   1,30 MeV   1,395E+00  1,468E-03    8,69 mm   420,12 um   552,01 um  
   1,40 MeV   1,368E+00  1,379E-03    9,27 mm   431,00 um   562,95 um  
   1,50 MeV   1,341E+00  1,300E-03    9,86 mm   441,95 um   573,82 um  
   1,60 MeV   1,313E+00  1,231E-03   10,46 mm   453,01 um   584,66 um  
   1,70 MeV   1,286E+00  1,169E-03   11,07 mm   464,19 um   595,53 um  
   1,80 MeV   1,260E+00  1,113E-03   11,70 mm   475,52 um   606,44 um  
   2,00 MeV   1,207E+00  1,017E-03   12,99 mm   515,16 um   628,56 um  
   2,25 MeV   1,144E+00  9,191E-04   14,69 mm   575,10 um   656,97 um  
   2,50 MeV   1,086E+00  8,394E-04   16,48 mm   635,01 um   686,47 um  
   2,75 MeV   1,032E+00  7,731E-04   18,37 mm   695,35 um   717,25 um  
   3,00 MeV   9,825E-01  7,171E-04   20,35 mm   756,43 um   749,47 um  
   3,25 MeV   9,373E-01  6,691E-04   22,43 mm   818,43 um   783,23 um  
   3,50 MeV   8,958E-01  6,274E-04   24,61 mm   881,46 um   818,61 um  
   3,75 MeV   8,578E-01  5,909E-04   26,89 mm   945,59 um   855,67 um  
   4,00 MeV   8,229E-01  5,587E-04   29,27 mm     1,01 mm   894,45 um  
   4,50 MeV   7,613E-01  5,042E-04   34,31 mm     1,25 mm   977,31 um  
   5,00 MeV   7,086E-01  4,599E-04   39,75 mm     1,48 mm     1,07 mm  
   5,50 MeV   6,631E-01  4,231E-04   45,58 mm     1,71 mm     1,16 mm  
   6,00 MeV   6,235E-01  3,920E-04   51,80 mm     1,94 mm     1,27 mm  
   6,50 MeV   5,888E-01  3,654E-04   58,39 mm     2,16 mm     1,38 mm  
   7,00 MeV   5,580E-01  3,424E-04   65,36 mm     2,39 mm     1,50 mm  
   8,00 MeV   5,060E-01  3,044E-04   80,40 mm     3,23 mm     1,75 mm  
   9,00 MeV   4,666E-01  2,744E-04   96,85 mm     4,01 mm     2,03 mm  
  10,00 MeV   4,300E-01  2,500E-04  114,70 mm     4,77 mm     2,34 mm  
  11,00 MeV   4,011E-01  2,298E-04  133,95 mm     5,52 mm     2,67 mm  
  12,00 MeV   3,761E-01  2,127E-04  154,53 mm     6,27 mm     3,02 mm  
  13,00 MeV   3,544E-01  1,981E-04  176,42 mm     7,03 mm     3,39 mm  
  14,00 MeV   3,353E-01  1,855E-04  199,60 mm     7,80 mm     3,79 mm  
  15,00 MeV   3,184E-01  1,745E-04  224,07 mm     8,57 mm     4,20 mm  
  16,00 MeV   3,032E-01  1,647E-04  249,79 mm     9,35 mm     4,64 mm  
  17,00 MeV   2,896E-01  1,561E-04  276,77 mm    10,15 mm     5,09 mm  
  18,00 MeV   2,772E-01  1,483E-04  304,97 mm    10,95 mm     5,57 mm  
  20,00 MeV   2,557E-01  1,350E-04  365,02 mm    13,95 mm     6,57 mm  
  22,50 MeV   2,335E-01  1,215E-04  446,81 mm    18,23 mm     7,94 mm  
  25,00 MeV   2,152E-01  1,106E-04  535,97 mm    22,28 mm     9,41 mm  
  27,50 MeV   1,998E-01  1,015E-04  632,38 mm    26,24 mm    11,00 mm  
  30,00 MeV   1,866E-01  9,389E-05  735,91 mm    30,18 mm    12,70 mm  
  32,50 MeV   1,752E-01  8,737E-05  846,46 mm    34,13 mm    14,51 mm  
  35,00 MeV   1,652E-01  8,174E-05  963,94 mm    38,11 mm    16,42 mm  
  37,50 MeV   1,564E-01  7,682E-05    1,09 m     42,13 mm    18,43 mm  
  40,00 MeV   1,486E-01  7,248E-05    1,22 m     46,20 mm    20,55 mm  
  45,00 MeV   1,353E-01  6,518E-05    1,50 m     61,35 mm    25,09 mm  
  50,00 MeV   1,244E-01  5,927E-05    1,81 m     75,59 mm    30,02 mm  
  55,00 MeV   1,152E-01  5,438E-05    2,14 m     89,49 mm    35,33 mm  
  60,00 MeV   1,075E-01  5,027E-05    2,50 m    103,29 mm    41,02 mm  
  65,00 MeV   1,008E-01  4,675E-05    2,89 m    117,12 mm    47,08 mm  
  70,00 MeV   9,493E-02  4,372E-05    3,30 m    131,06 mm    53,50 mm  
  80,00 MeV   8,524E-02  3,873E-05    4,18 m    182,44 mm    67,42 mm  
  90,00 MeV   7,752E-02  3,481E-05    5,17 m    230,31 mm    82,72 mm  
 100,00 MeV   7,121E-02  3,163E-05    6,24 m    277,02 mm    99,37 mm  
 110,00 MeV   6,595E-02  2,900E-05    7,41 m    323,48 mm   117,34 mm  
 120,00 MeV   6,149E-02  2,679E-05    8,67 m    370,14 mm   136,58 mm  
 130,00 MeV   5,766E-02  2,491E-05   10,01 m    417,24 mm   157,07 mm  
 140,00 MeV   5,433E-02  2,328E-05   11,44 m    464,90 mm   178,79 mm  
 150,00 MeV   5,142E-02  2,186E-05   12,95 m    513,19 mm   201,70 mm  
 160,00 MeV   4,883E-02  2,061E-05   14,55 m    562,14 mm   225,79 mm  
 170,00 MeV   4,653E-02  1,950E-05   16,22 m    611,78 mm   251,03 mm  
 180,00 MeV   4,446E-02  1,851E-05   17,98 m    662,09 mm   277,40 mm  
 200,00 MeV   4,091E-02  1,681E-05   21,73 m    851,61 mm   333,46 mm  
 225,00 MeV   3,729E-02  1,509E-05   26,85 m      1,12 m    409,55 mm  
 250,00 MeV   3,434E-02  1,370E-05   32,44 m      1,38 m    492,06 mm  
 275,00 MeV   3,190E-02  1,256E-05   38,48 m      1,62 m    580,71 mm  
 300,00 MeV   2,984E-02  1,159E-05   44,96 m      1,87 m    675,29 mm  
 325,00 MeV   2,807E-02  1,077E-05   51,87 m      2,12 m    775,55 mm  
 350,00 MeV   2,654E-02  1,006E-05   59,19 m      2,36 m    881,30 mm  
 375,00 MeV   2,521E-02  9,446E-06   66,92 m      2,61 m    992,35 mm  
 400,00 MeV   2,403E-02  8,902E-06   75,04 m      2,86 m      1,11 m   
 450,00 MeV   2,204E-02  7,988E-06   92,42 m      3,78 m      1,36 m   
 500,00 MeV   2,043E-02  7,250E-06  111,27 m      4,64 m      1,62 m   
 550,00 MeV   1,910E-02  6,641E-06  131,51 m      5,46 m      1,90 m   
 600,00 MeV   1,798E-02  6,129E-06  153,09 m      6,27 m      2,20 m   
 650,00 MeV   1,702E-02  5,693E-06  175,95 m      7,07 m      2,52 m   
 700,00 MeV   1,620E-02  5,316E-06  200,03 m      7,86 m      2,84 m   
 800,00 MeV   1,485E-02  4,700E-06  251,60 m     10,75 m      3,54 m   
 900,00 MeV   1,379E-02  4,215E-06  307,49 m     13,38 m      4,28 m   
   1,00 GeV   1,294E-02  3,824E-06  367,36 m     15,86 m      5,07 m   
-----------------------------------------------------------
 Multiply Stopping by        for Stopping Units
 -------------------        ------------------
  1,2500E-02                 eV / Angstrom 
  1,2500E-01                keV / micron   
  1,2500E-01                MeV / mm       
  1,0000E+00                keV / (ug/cm2) 
  1,0000E+00                MeV / (mg/cm2) 
  1,0000E+03                keV / (mg/cm2) 
  2,9226E+01                 eV / (1E15 atoms/cm2)
  2,6536E+00                L.S.S. reduced units
 ==================================================================
 (C) 1984,1989,1992,1998,2008 by J.P. Biersack and J.F. Ziegler
